-0.0420025009359504 -0.519684436690854 0.595936445566994
-0.0521914879818752 -0.52426156164367 0.586676425817415
-0.062270064103865 -0.528753833294961 0.576349546124151
-0.0707229835792706 -0.532705485529185 0.563664473585017
-0.0772513498357098 -0.536219143265436 0.54875657391201
-0.0830887085173971 -0.539878722160592 0.532512102027774
-0.0900716115655255 -0.544268973589982 0.516054235568582
-0.0997615682923364 -0.549638559664258 0.500459153719813
-0.112230339789524 -0.55504253712528 0.485566662325035
-0.128244201075879 -0.559603373869002 0.470678178055688
-0.147162728192947 -0.562293746275694 0.456507213069762
-0.168220079599617 -0.56278376638391 0.443376999002356
-0.190160878636439 -0.561342288554379 0.431238064445467
-0.211736360571366 -0.559684517717665 0.419644174762272
-0.231777805164602 -0.560160006875034 0.408484260630401
-0.248208366886021 -0.563242770821751 0.395305880473233
-0.261037975690922 -0.567616459682473 0.378505130685781
-0.270862867132784 -0.572842603992025 0.358741787630222
-0.27948043345515 -0.579134651256946 0.337600732516026
-0.288766844091662 -0.586439299734195 0.316949329610925
-0.299755774556363 -0.591949707559609 0.296157830518208
-0.31195608551251 -0.593647378065757 0.275961210004291
-0.325141956166991 -0.591684188785558 0.257570602685434
-0.337696026078372 -0.588202975036413 0.240933380086535
-0.34583970266358 -0.587841724556905 0.223071438555343
-0.349886555976547 -0.593203044753903 0.202702688226965
-0.351624658924806 -0.597725723807406 0.178044264550704
-0.352117123010222 -0.599464693598777 0.159874200471658
-0.351951699326017 -0.599225141117781 0.17004649992128
-0.351491852193406 -0.598106984196716 0.191619672267543
-0.350690641882045 -0.596519184128339 0.216660758107728
-0.349349098217285 -0.594340889926318 0.241516518297039
-0.346611073818826 -0.590644664831048 0.265615206310784
-0.34161649498917 -0.585099117585981 0.288332835083614
-0.333145831582618 -0.57767873233468 0.309351453338468
-0.321832702865398 -0.569369505613434 0.329285674795483
-0.309744174379764 -0.56112390962601 0.348779234147599
-0.297944770236082 -0.553281290267714 0.368125260377999
-0.286349507418702 -0.545796895185174 0.387351319197394
-0.274139758483935 -0.538533574551765 0.406038455141761
-0.260695298241017 -0.531884110273186 0.422930618022625
-0.245094109885699 -0.527094303815637 0.436320868976117
-0.226580774149025 -0.526217280282998 0.444865606006797
-0.20655948086963 -0.529579415950635 0.449354078425083
-0.185768028862226 -0.535323527037545 0.451165317980049
-0.164150987823227 -0.541759709760196 0.451635202297906
-0.141805614873797 -0.547914722809517 0.451651527171839
-0.118728377016312 -0.553309916147519 0.451497109517785
-0.0948787075437829 -0.557806829837476 0.45122193240149
-0.0710925740980373 -0.561302558567493 0.450788176511925
-0.0475448582275206 -0.563915987428929 0.450110701251879
-0.0239335139859012 -0.565746713770543 0.448951838522059
-0.000185300883065627 -0.567069419893059 0.447311453377964
0.0234324898499297 -0.56812254306422 0.444697753240752
0.0465717950294595 -0.569297073505518 0.440132474960266
0.0679260601965253 -0.571177135467275 0.432082898616602
0.0872397852154928 -0.57391469337757 0.420672292419273
0.104891348813886 -0.577305557939824 0.406451827974996
0.121592944509245 -0.580917990347861 0.390166992063476
0.137655594199001 -0.584355301348997 0.372580389372377
0.152787873007377 -0.587407056022161 0.353979881990653
0.167526095313984 -0.59064446681763 0.334176108337063
0.181783460901794 -0.595134000524583 0.314003399405201
0.195597420010364 -0.602370831397022 0.295464485132192
0.208756307822258 -0.61215257621775 0.279123814407271
0.219379040732414 -0.621403746532292 0.261549126765647
0.224131092049075 -0.626614970953748 0.240743121952532
0.22591417289703 -0.629664393274988 0.219433070947507
0.228021911644978 -0.633857459628582 0.19841836935446
0.233597185578869 -0.640514182242264 0.175897917037782
0.236029195298735 -0.642373032529556 0.157940723290497
0.234710439117455 -0.641791324228737 0.167274164759171
0.229751662944 -0.640360386479884 0.187065040063285
0.224378915721817 -0.641500533482178 0.210709378374667
0.216904004079767 -0.642847620164661 0.233976443122772
0.207081045569647 -0.643844577307937 0.256309344796112
0.194606095262756 -0.644334600396656 0.278331856994806
0.179787195059357 -0.644142153714436 0.299598774434195
0.163870055020393 -0.643435572855865 0.319861741276484
0.147546625887713 -0.642307794687154 0.339209501537015
0.130772166759331 -0.64053277481371 0.357732559691915
0.113614809638632 -0.638002558838266 0.375291137316589
0.0964048847526095 -0.634944245300565 0.391855193328088
0.0791968969089161 -0.631495118544686 0.407554126804363
0.0622043610833759 -0.627835942496671 0.422374043927303
0.0451676369900947 -0.62379551162894 0.436228754147624
0.0279097637872493 -0.619262661243262 0.44920188480331
0.0100573476174653 -0.613948298690627 0.461491555490697
-0.00777936092258778 -0.60814708957468 0.473104312181075
-0.0255884112479038 -0.601924365643473 0.484232857097429
-0.043549676125075 -0.595237292230555 0.494923541179152
-0.0617904173815276 -0.588001613109774 0.504878059256567
-0.0804315017626931 -0.580092881192385 0.513409558153529
-0.0992420167811759 -0.571468138809755 0.519420755021742
-0.117470597865284 -0.56233928109787 0.522550336218178
-0.134314312247864 -0.553297859565862 0.52444054806785
-0.147497049153416 -0.545792280922061 0.529109836871264
-0.15273389227789 -0.541685845411205 0.540293507553415
-0.15327262252765 -0.539528003939197 0.55098341331551
-0.151429136697428 -0.536875174368707 0.551417262569212
