4.610210220219164157e-01 -3.646611615337837509e-01 1.572115679035058777e-01
4.660143679699962349e-01 -3.530782536754948908e-01 1.417534173511265649e-01
4.707831770186106657e-01 -3.438907824616330156e-01 1.276971702122598751e-01
4.747232141171485176e-01 -3.422959055398116512e-01 1.178882766246875935e-01
4.764118905979851659e-01 -3.610756199463640570e-01 1.194343987233466159e-01
4.723585126181782390e-01 -3.741939331168987470e-01 1.202429103376096570e-01
4.663666014996311615e-01 -3.853473810278207901e-01 1.207458925393583432e-01
4.603635255893840927e-01 -3.960219813070143258e-01 1.211590963796302517e-01
4.558041077523658502e-01 -4.068659070050539284e-01 1.215877433257996076e-01
4.535164343664396247e-01 -4.172528563515300326e-01 1.219772108938372152e-01
4.549078831485514618e-01 -4.258896035544436631e-01 1.223521050529452620e-01
4.653282979695714805e-01 -4.295910939752082269e-01 1.226759755381030409e-01
4.706607839717927289e-01 -4.332108605285162062e-01 1.226965928940765144e-01
4.739929382627881549e-01 -4.368916201477422434e-01 1.226329357173949752e-01
4.765496520691788196e-01 -4.406087442232954343e-01 1.225445060592612184e-01
4.788027695240560377e-01 -4.443419539122697159e-01 1.224544021456140663e-01
4.809236887756777046e-01 -4.480860817774990901e-01 1.223742254426264109e-01
4.829458399772335042e-01 -4.518551083239927824e-01 1.223102780758311275e-01
4.848754084951892307e-01 -4.556502886229478744e-01 1.222587315661387564e-01
4.866586725943466418e-01 -4.594901614250891386e-01 1.222167146269391436e-01
4.881659243077372534e-01 -4.634154391696992947e-01 1.221840471772650816e-01
4.892736833436691635e-01 -4.674364559108423745e-01 1.221560427440161467e-01
4.897743286567274312e-01 -4.715498619420519510e-01 1.221284663848327262e-01
4.897165267094658048e-01 -4.756908466366623900e-01 1.220970149180926889e-01
4.892481794950125917e-01 -4.797834688770357126e-01 1.220619433518808639e-01
4.884656496262521630e-01 -4.837539943098526640e-01 1.220245711603872435e-01
4.873849806378152127e-01 -4.874459163868299361e-01 1.219870671845823540e-01
4.858710227977152685e-01 -4.904708230644689304e-01 1.219539548836352794e-01
4.837446725224908151e-01 -4.919208875846605156e-01 1.219324203747815943e-01
4.816123455644328311e-01 -4.908419729711415713e-01 1.219300671030427996e-01
4.799965625329484786e-01 -4.883866387414799726e-01 1.219548322250862266e-01
4.785780146017420966e-01 -4.854056078561570509e-01 1.219899631793428529e-01
4.772346280447988809e-01 -4.822239066200474378e-01 1.220290732364584935e-01
4.759194905103718010e-01 -4.789658909872012704e-01 1.220697547699374497e-01
4.746139386692281859e-01 -4.756796025149702678e-01 1.221111716296470195e-01
4.733088948854149436e-01 -4.723848099212610840e-01 1.221532229916840462e-01
4.719957895803055803e-01 -4.690927778025306139e-01 1.221964425344714278e-01
4.706711165886779402e-01 -4.658088211894836905e-01 1.222415189188462425e-01
4.693376490605928320e-01 -4.625340736105337247e-01 1.222888115324768377e-01
4.679973611008659273e-01 -4.592715736227141465e-01 1.223391349424766961e-01
4.666572098737122309e-01 -4.560181337996559447e-01 1.223929492173113365e-01
4.653236421034404047e-01 -4.527698100524029101e-01 1.224496140127293298e-01
4.640093243293211267e-01 -4.495275327296732737e-01 1.225111647302449119e-01
4.627176137577765358e-01 -4.462947624834807114e-01 1.225785641272229137e-01
4.614381085344932409e-01 -4.430800323105323346e-01 1.226542747323337845e-01
4.601592674644755521e-01 -4.398795669725374946e-01 1.227339526246838258e-01
4.588744080717460649e-01 -4.366967505004988315e-01 1.228139467869353435e-01
4.575705364699635402e-01 -4.335511774225366821e-01 1.228903517939276269e-01
4.562136295126906216e-01 -4.304983684460971238e-01 1.229547396972249657e-01
4.547138062924706015e-01 -4.276859772522466629e-01 1.229857119971592416e-01
4.528389688665441226e-01 -4.255002109196763804e-01 1.229282553156156033e-01
4.499820050864030696e-01 -4.249539013883287253e-01 1.226389272929938462e-01
4.433067887226357917e-01 -4.245489897816130398e-01 1.230623413501118063e-01
4.339906339010466962e-01 -4.243118118762188029e-01 1.227082325687855607e-01
4.331792110257717821e-01 -4.244931739129875758e-01 1.224889118970975271e-01
4.305027960383877028e-01 -4.257136804700308863e-01 1.199262517013851836e-01
4.268775117939596075e-01 -4.250914341421255793e-01 1.195322167213228870e-01
4.233411414954015295e-01 -4.236435675984877025e-01 1.198850265991442676e-01
4.209722181775440442e-01 -4.216932840726399512e-01 1.203626839859578551e-01
4.219032410555867973e-01 -4.192360182108023636e-01 1.205215304471864701e-01
4.242071848812689061e-01 -4.168204799643627778e-01 1.205661771146802896e-01
4.269074966702844365e-01 -4.147878079126772755e-01 1.205990250202555042e-01
4.293494491377997657e-01 -4.137850268680381416e-01 1.207073935699557454e-01
4.305983020985048593e-01 -4.154517422561309625e-01 1.210526531477063850e-01
4.313451051882137843e-01 -4.181615478833118349e-01 1.214802949405370536e-01
4.319047076476577041e-01 -4.212952252400691266e-01 1.219083541860878084e-01
4.324095330045784058e-01 -4.246577854932069851e-01 1.222547757063747464e-01
4.329399005988000537e-01 -4.282835075302964811e-01 1.223546313405397545e-01
4.334735012546611643e-01 -4.320071521962365324e-01 1.223666029756313584e-01
4.340081655725674392e-01 -4.357681728207370431e-01 1.223451490197475233e-01
4.345427878149823453e-01 -4.395433986920948555e-01 1.223113022900133157e-01
4.350719653479482307e-01 -4.433242362318118857e-01 1.222733411149668631e-01
4.355825801622615345e-01 -4.471081097157438844e-01 1.222350385949730611e-01
4.360841213093366031e-01 -4.508934514324713927e-01 1.221967587635662683e-01
4.365821965884547073e-01 -4.546793539627082548e-01 1.221584875983132007e-01
4.370789479309437064e-01 -4.584654707006400876e-01 1.221202197429338415e-01
4.375751933314954156e-01 -4.622516692481972722e-01 1.220819531510211192e-01
4.380712448428624173e-01 -4.660378990169149471e-01 1.220436870396336693e-01
4.385672206286159724e-01 -4.698241406394676467e-01 1.220054211063550526e-01
4.390631631267079005e-01 -4.736103866023953501e-01 1.219671552268771636e-01
4.395590814874349994e-01 -4.773966337325930009e-01 1.219288893306931520e-01
4.400549607237219107e-01 -4.811828800242308746e-01 1.218906233305897396e-01
4.405507467240565300e-01 -4.849691226329255755e-01 1.218523570354341640e-01
4.410462921409716852e-01 -4.887553550313416539e-01 1.218140899590414578e-01
4.415412090435822390e-01 -4.925415604818692561e-01 1.217758208339892040e-01
4.420344809866956215e-01 -4.963276952989960078e-01 1.217375463441952160e-01
4.425234465656179283e-01 -5.001136451638283908e-01 1.216992578088347682e-01
4.430011380114677322e-01 -5.038991108051487089e-01 1.216609325015159948e-01
4.434493134222874389e-01 -5.076833087282308643e-01 1.216225109238879415e-01
4.438202148610864151e-01 -5.114641877200977182e-01 1.215838373072907902e-01
4.440108024354003646e-01 -5.152351240451292780e-01 1.215433293083857946e-01
4.438562406565414453e-01 -5.189691682448861476e-01 1.215023238322779503e-01
4.430162033086720297e-01 -5.225927657846211050e-01 1.214638563478239036e-01
4.416978197100880354e-01 -5.261059285714374534e-01 1.214276619223346732e-01
4.400988807704713790e-01 -5.295381595434837108e-01 1.213917288740556516e-01
4.383316694648280443e-01 -5.329063246321394942e-01 1.213570558336165561e-01
4.364461824960643721e-01 -5.362186230159080580e-01 1.213237165847457222e-01
4.343994913308230066e-01 -5.394407875921218842e-01 1.212923454245911220e-01
4.322581216927994241e-01 -5.426063789839224993e-01 1.212622778082581704e-01
4.300456572432691527e-01 -5.457274195621365509e-01 1.212334517106432585e-01
