4.611823180008584599e-01 -3.649276040959526513e-01 1.570960866990108729e-01
4.630008516865583013e-01 -3.649584144839977951e-01 1.539102624041788769e-01
4.648198872591224884e-01 -3.649911571480651817e-01 1.507254405400722252e-01
4.666392241530107898e-01 -3.650284644090333042e-01 1.475429098136463724e-01
4.684577402724163231e-01 -3.650763828011442946e-01 1.443656328131763256e-01
4.702693178065199819e-01 -3.651394666855279358e-01 1.411993001317389806e-01
4.720598714259907069e-01 -3.652365883435461646e-01 1.380596494246242312e-01
4.737942970832715317e-01 -3.654160104862486658e-01 1.349889682973082483e-01
4.753809272129107533e-01 -3.658058323733363038e-01 1.320984380704299521e-01
4.765801703589024885e-01 -3.667426715438118490e-01 1.296790787655428545e-01
4.767650861083226888e-01 -3.691056912028766179e-01 1.284917055183459889e-01
4.765417639890902612e-01 -3.720337691597671581e-01 1.278152111106072575e-01
4.761688024780721396e-01 -3.751801653910304957e-01 1.273445335149467617e-01
4.757487273577482578e-01 -3.784129158544058957e-01 1.269646129616158192e-01
4.753229203915441126e-01 -3.816804429885008454e-01 1.266252521172350487e-01
4.749179608563581234e-01 -3.849641327826439086e-01 1.263103961784458884e-01
4.745658504900523433e-01 -3.882585416424049751e-01 1.260192409699699145e-01
4.743088138527292164e-01 -3.915637289344736649e-01 1.257572488733882665e-01
4.741613944376477652e-01 -3.948776328860302831e-01 1.255237524280127526e-01
4.740847077965202883e-01 -3.981956845514856846e-01 1.253074199615992201e-01
4.740589910365909376e-01 -4.015150648105358933e-01 1.251017480818455707e-01
4.741012969791496001e-01 -4.048338955962818009e-01 1.249075540708848575e-01
4.742202262530538226e-01 -4.081502163824993201e-01 1.247233125290783395e-01
4.744546858763131203e-01 -4.114604800587803868e-01 1.245509385242780931e-01
4.747524686517233805e-01 -4.147668954359869375e-01 1.243861238326221114e-01
4.750937204473397735e-01 -4.180705847056972457e-01 1.242281676950497127e-01
4.754591616015098055e-01 -4.213726275016180245e-01 1.240748967582560452e-01
4.758427936812442138e-01 -4.246733226119333016e-01 1.239256538331159896e-01
4.762502121067671568e-01 -4.279721025112566690e-01 1.237819851102974766e-01
4.766752765525602564e-01 -4.312691306955233617e-01 1.236436979701835553e-01
4.771138585163273160e-01 -4.345650680860411730e-01 1.235099528970852040e-01
4.775648174080709962e-01 -4.378600898328891544e-01 1.233806081587326270e-01
4.780288104753559475e-01 -4.411535658721933428e-01 1.232559721365359268e-01
4.784974170012285533e-01 -4.444466409378653449e-01 1.231348057456503609e-01
4.789645364613835943e-01 -4.477397170374284863e-01 1.230175478849151322e-01
4.794218679849169829e-01 -4.510343663851540952e-01 1.229042902684846228e-01
4.798636496282241426e-01 -4.543310258835722149e-01 1.227945033285801624e-01
4.802762636190897050e-01 -4.576303553853495187e-01 1.226885203200967639e-01
4.806349751575940688e-01 -4.609331213385555737e-01 1.225878287660624871e-01
4.809105817743106193e-01 -4.642390391849420817e-01 1.224925700355301433e-01
4.810730481542635495e-01 -4.675419980281199095e-01 1.224022806353089604e-01
4.810658542429740447e-01 -4.708279325112117997e-01 1.223168987211284142e-01
4.808787261859048257e-01 -4.740555312580749248e-01 1.222346444935757254e-01
4.805123122297038640e-01 -4.771279693912048314e-01 1.221551434711585088e-01
4.798966380187765779e-01 -4.798008729175970433e-01 1.220793740964447177e-01
4.788332550180196545e-01 -4.814458720005586057e-01 1.220121955176920181e-01
4.768668513718243851e-01 -4.804822716860513987e-01 1.219662413254295336e-01
4.745579636646952704e-01 -4.785169445143375166e-01 1.219286467311260086e-01
4.721182512938111864e-01 -4.761690000116390875e-01 1.218942456029130372e-01
4.696285489925959289e-01 -4.736749303731933591e-01 1.218610652750128226e-01
4.671197015641422312e-01 -4.711251026584904467e-01 1.218283538819603107e-01
4.646034086843043309e-01 -4.685541258507630591e-01 1.217958284931380947e-01
4.620839245775523185e-01 -4.659754598402195969e-01 1.217633921821590914e-01
4.595623122414423389e-01 -4.633948753142523302e-01 1.217310371004794306e-01
4.570392562682324966e-01 -4.608141927217800915e-01 1.216987584959150631e-01
4.545150030798507657e-01 -4.582341276074293757e-01 1.216665359418422909e-01
4.519887027561669823e-01 -4.556559062967808216e-01 1.216343925390160202e-01
4.494609279350129105e-01 -4.530793162847472910e-01 1.216022470376420805e-01
4.469320323328496714e-01 -4.505044739301800050e-01 1.215700726978092144e-01
4.444024499772972758e-01 -4.479322227474545337e-01 1.215378750927057772e-01
4.418721701243991662e-01 -4.453657941701837375e-01 1.215056376956499956e-01
4.393406289943317944e-01 -4.428140833208912275e-01 1.214732940608437006e-01
4.368095332380212414e-01 -4.402969213469742349e-01 1.214405073106144400e-01
4.342832711901977727e-01 -4.378665987864917564e-01 1.214065953090956579e-01
4.317877525826417928e-01 -4.356446630742445980e-01 1.213710097747764394e-01
4.294190706768660770e-01 -4.339196827539595347e-01 1.213352425619899089e-01
4.274074617723093161e-01 -4.334680290007740244e-01 1.213011728143510298e-01
4.266877254734758873e-01 -4.354087329630952907e-01 1.212922433353198354e-01
4.265560045882237916e-01 -4.382940316880242215e-01 1.212884411250421540e-01
4.266488452700661904e-01 -4.415401367145181388e-01 1.212865902845702004e-01
4.268274608379041823e-01 -4.449240574848575269e-01 1.212854848010379571e-01
4.270388394966342926e-01 -4.483606191851680633e-01 1.212846640185191172e-01
4.272627325420451094e-01 -4.518172879315471846e-01 1.212839519821007489e-01
4.274914056566059828e-01 -4.552816368861601903e-01 1.212832814829705175e-01
4.277219045919363749e-01 -4.587489194194069309e-01 1.212826268496040583e-01
4.279531009204251557e-01 -4.622173224803206026e-01 1.212819782762408621e-01
4.281845636076197503e-01 -4.656861535456012224e-01 1.212813320171237247e-01
4.284161279777732312e-01 -4.691551480963161436e-01 1.212806866407414030e-01
4.286477310380975569e-01 -4.726242050989666876e-01 1.212800415983175534e-01
4.288793484859756422e-01 -4.760932859719900767e-01 1.212793966750342345e-01
4.291109704063439945e-01 -4.795623760041960448e-01 1.212787517752141053e-01
4.293425913566297214e-01 -4.830314696435771826e-01 1.212781068266429868e-01
4.295742049241769722e-01 -4.865005649453011949e-01 1.212774617083557105e-01
4.298057973135913645e-01 -4.899696616268786609e-01 1.212768161296709224e-01
4.300373335513461570e-01 -4.934387607856734470e-01 1.212761693395098400e-01
4.302687225122542869e-01 -4.969078659962670730e-01 1.212755193753172617e-01
4.304997257942827504e-01 -5.003769868850393987e-01 1.212748611005066007e-01
4.307297193165184890e-01 -5.038461487565493169e-01 1.212741810678731047e-01
4.309570692382557744e-01 -5.073154178980935347e-01 1.212734440723892138e-01
4.311774981182904254e-01 -5.107849678670024485e-01 1.212725579461770425e-01
4.313798074737156263e-01 -5.142552530479718165e-01 1.212712813906302867e-01
4.315461866541252522e-01 -5.177268253510847185e-01 1.212693614834125522e-01
4.316618942186604690e-01 -5.211993002268299202e-01 1.212667542342128479e-01
4.316917634226299372e-01 -5.246725868267093640e-01 1.212629388203547570e-01
4.316176945549498045e-01 -5.281463563438227871e-01 1.212580329938962032e-01
4.314797969547158329e-01 -5.316203239621866139e-01 1.212525049620411244e-01
4.313073630164891425e-01 -5.350939374762291312e-01 1.212467983264467475e-01
4.311110412498345701e-01 -5.385666960559725158e-01 1.212410813887802169e-01
4.309017920284136105e-01 -5.420388871018934074e-01 1.212354099429258092e-01
4.306874952109590593e-01 -5.455107951798344734e-01 1.212297680343428358e-01
