4.611144413845609247e-01 -3.644632644022675061e-01 1.567238875035175671e-01
4.618328738164297897e-01 -3.605399871565987957e-01 1.506208613613583824e-01
4.625540000651104933e-01 -3.566333067789778100e-01 1.445300875397270424e-01
4.632758973921580203e-01 -3.527729446809321767e-01 1.384777822355371946e-01
4.639951334298207941e-01 -3.490618157078129169e-01 1.325107295225489146e-01
4.647078599077263950e-01 -3.457513747788136249e-01 1.267618858496551149e-01
4.654052626208434740e-01 -3.434922851858512871e-01 1.215837156869967461e-01
4.660639876198066633e-01 -3.439862438104159814e-01 1.178996161694668282e-01
4.666222038524722171e-01 -3.516879677412509952e-01 1.181271010617637729e-01
4.669880843538657400e-01 -3.610870030808219222e-01 1.194318979998602037e-01
4.671134630966075618e-01 -3.683493010929538847e-01 1.200888269131478864e-01
4.670305871656307839e-01 -3.748051769929935939e-01 1.204730244348163476e-01
4.668719796777305309e-01 -3.809540544562897146e-01 1.207528677640958420e-01
4.667280699180607062e-01 -3.869863036834770842e-01 1.209947583514313085e-01
4.666869055195602134e-01 -3.929768563414029470e-01 1.212265995071246244e-01
4.667406414244692492e-01 -3.989495076376546878e-01 1.214563900113315026e-01
4.668595299659031306e-01 -4.049029072021818609e-01 1.216858228997616809e-01
4.670204768431995834e-01 -4.108199311586882563e-01 1.219142082922461540e-01
4.671925921904142021e-01 -4.166447858199239795e-01 1.221390025769616139e-01
4.673222778708233105e-01 -4.222308144319145140e-01 1.223561084393729459e-01
4.672948087929789662e-01 -4.271934705697315593e-01 1.225511804475051258e-01
4.668370745364118779e-01 -4.305255021159580808e-01 1.226862032276788139e-01
4.652646209897173812e-01 -4.295901061250206321e-01 1.226583315722278578e-01
4.627628054762324972e-01 -4.289158415559006232e-01 1.226641666790369706e-01
4.600014401335332792e-01 -4.283387397732720814e-01 1.226843013856682707e-01
4.573907760546673806e-01 -4.277919550253323488e-01 1.227136164332942037e-01
4.554917655956616795e-01 -4.272389585943097146e-01 1.227561729038351701e-01
4.555770348417161331e-01 -4.266369296072134443e-01 1.228292617097578865e-01
4.548751618970807709e-01 -4.258936134337039103e-01 1.228500179021726896e-01
4.498276372213326768e-01 -4.247747931194836291e-01 1.226830781815750060e-01
4.382466099808374205e-01 -4.239655436758043017e-01 1.225398688370624573e-01
4.395998644367860586e-01 -4.240773968611547540e-01 1.226949260813164772e-01
4.369733461717252854e-01 -4.240284721819392866e-01 1.224481827872041934e-01
4.331809309250050366e-01 -4.244923385988971787e-01 1.224978141497957834e-01
4.303310094903791683e-01 -4.254737946383446712e-01 1.219185389527838587e-01
4.294509093128831001e-01 -4.254256554687965153e-01 1.218162433253210525e-01
4.306756858577534541e-01 -4.251678718287585368e-01 1.219610312431973903e-01
4.321056855148544540e-01 -4.248232383097645948e-01 1.222996232118408189e-01
4.339947400524468701e-01 -4.243099085755396849e-01 1.225780879912942989e-01
4.354072319026111582e-01 -4.241670098521662657e-01 1.226154733124475565e-01
4.377705636554331536e-01 -4.239704282815165426e-01 1.225229843107196875e-01
4.404001476858095954e-01 -4.241865868073415036e-01 1.228678408053737597e-01
4.438040961986448596e-01 -4.245357502118389803e-01 1.230476104316264585e-01
4.490645692363800512e-01 -4.250259826900852356e-01 1.227030340921081430e-01
4.511456324044215149e-01 -4.252237166057892259e-01 1.227775810646881682e-01
4.528389688665440116e-01 -4.255002109205208716e-01 1.229282553156157004e-01
4.542158864241271354e-01 -4.270284930696808812e-01 1.229533594649281358e-01
4.554719950937992090e-01 -4.290348888359504786e-01 1.229305174404278916e-01
4.566820960189860168e-01 -4.312238376334111001e-01 1.228894069998938549e-01
4.578749080384431069e-01 -4.334823749394737247e-01 1.228414062989239136e-01
4.590616351957575447e-01 -4.357672331777472929e-01 1.227908702255760681e-01
4.602473574935761480e-01 -4.380614797411120920e-01 1.227395879889919689e-01
4.614330792560332739e-01 -4.403591077857959557e-01 1.226883047875753779e-01
4.626191966111704024e-01 -4.426577788277828995e-01 1.226375742916414185e-01
4.638052067228634612e-01 -4.449569391682702824e-01 1.225878653049212452e-01
4.649905913074733887e-01 -4.472564758773076576e-01 1.225389535868014745e-01
4.661719023412965734e-01 -4.495578661205600901e-01 1.224910658658291684e-01
4.673398042914003736e-01 -4.518652982967056309e-01 1.224451187861409496e-01
4.684850917710011720e-01 -4.541831598247220159e-01 1.224007840477690789e-01
4.695939154649663716e-01 -4.565175310558643451e-01 1.223587327676739916e-01
4.706702776098412588e-01 -4.588647939632052308e-01 1.223184891524001922e-01
4.716981180349510416e-01 -4.612287825676671393e-01 1.222801688401559395e-01
4.726422561661600130e-01 -4.636166736240580621e-01 1.222438170704861909e-01
4.734257440202476741e-01 -4.660426606850714415e-01 1.222101467763969385e-01
4.739547401133119009e-01 -4.685091954357466504e-01 1.221785019214495088e-01
4.740772643742147130e-01 -4.710099493082351985e-01 1.221487944697862704e-01
4.737979367570310241e-01 -4.735087590295939397e-01 1.221198756843443756e-01
4.732400792248065424e-01 -4.759827864096020655e-01 1.220909089117536844e-01
4.725239996731469549e-01 -4.784325301798527108e-01 1.220618584235789311e-01
4.717077734173485970e-01 -4.808589909016441899e-01 1.220327372086646572e-01
4.708017779379651269e-01 -4.832574941028897064e-01 1.220035123178156850e-01
4.698199815609453434e-01 -4.856277465953772188e-01 1.219743002564696449e-01
4.687747560976120442e-01 -4.879710756645470604e-01 1.219452101812660977e-01
4.676475759219928530e-01 -4.902756138830546839e-01 1.219167086217290280e-01
4.664329558634172090e-01 -4.925356623703291414e-01 1.218888769598556604e-01
4.651560353779877199e-01 -4.947620968083285553e-01 1.218613970636263366e-01
4.638378901085520867e-01 -4.969653190253625619e-01 1.218339286154868223e-01
4.624920168745670912e-01 -4.991521860177364767e-01 1.218064343375018371e-01
4.611255237567703502e-01 -5.013265526894605806e-01 1.217790350544478567e-01
4.597375940831068264e-01 -5.034875074612028545e-01 1.217519809478289500e-01
4.583350888642286902e-01 -5.056391654987202333e-01 1.217252378379252292e-01
4.569209615620501430e-01 -5.077831230947389418e-01 1.216985568964887715e-01
4.554991428366160222e-01 -5.099219748246789363e-01 1.216719168823111458e-01
4.540681151551925754e-01 -5.120547893930323946e-01 1.216453058195100245e-01
4.526262032370560462e-01 -5.141803662856839763e-01 1.216188551430216341e-01
4.511731814871625112e-01 -5.162984515203752345e-01 1.215926316945305508e-01
4.497084198696452151e-01 -5.184083266873878992e-01 1.215666939307706029e-01
4.482351195607737759e-01 -5.205122122440821730e-01 1.215409991739095780e-01
4.467537134551924360e-01 -5.226102995194484846e-01 1.215154058977547941e-01
4.452682251398126234e-01 -5.247054247623377243e-01 1.214898701801311182e-01
4.437799224115372976e-01 -5.267985705786091266e-01 1.214642937746983897e-01
4.422895329165817957e-01 -5.288904446405149340e-01 1.214386499361728988e-01
4.407962993894571357e-01 -5.309804168344924857e-01 1.214129798210829975e-01
4.392997028143920124e-01 -5.330680029837285838e-01 1.213873842740440662e-01
4.377971428682263522e-01 -5.351512704143046584e-01 1.213619302656577664e-01
4.362872551360749696e-01 -5.372292284753527047e-01 1.213366291505279665e-01
4.347727186659098297e-01 -5.393038170156286837e-01 1.213114114364200607e-01
4.332545197284279337e-01 -5.413757335193192244e-01 1.212862618137748039e-01
4.317312180551945988e-01 -5.434439426746764390e-01 1.212612222579231430e-01
4.302058282004239675e-01 -5.455106667778091278e-01 1.212362355080781606e-01
