7.246735526974576458e-02 -5.077662729472757208e-01 4.991465596525302972e-01
7.914810816004293204e-02 -5.055789747285183156e-01 4.960227500681462787e-01
8.582064563090485709e-02 -5.033991782595033104e-01 4.929503855657212941e-01
9.245843495303379678e-02 -5.012495438668443937e-01 4.900049835802770537e-01
9.899759658365890613e-02 -4.991848294417078891e-01 4.873815239306220626e-01
1.052572556825308453e-01 -4.973583870591692380e-01 4.855428074851365072e-01
1.113634832865969398e-01 -4.956044682665374790e-01 4.839592577877073754e-01
1.172857331296001254e-01 -4.938329269087944895e-01 4.823428368824232426e-01
1.228091895078211593e-01 -4.919363235155701508e-01 4.803709105864624740e-01
1.273201153810155084e-01 -4.896822593343860830e-01 4.773648653969753686e-01
1.314120220570374475e-01 -4.873799771159494920e-01 4.739341279394387874e-01
1.352597568354942381e-01 -4.852909631962633585e-01 4.702637704717042566e-01
1.387940416476049210e-01 -4.838902193229818738e-01 4.662991205798124317e-01
1.422101481823120905e-01 -4.827509868199342247e-01 4.622237337999807183e-01
1.455848282969310348e-01 -4.817089392462912678e-01 4.581098247202368134e-01
1.489525213411988513e-01 -4.806981126469061505e-01 4.539900652195371644e-01
1.523322867677472103e-01 -4.796898824820539642e-01 4.498827707074434801e-01
1.557412448661855964e-01 -4.786654987639151204e-01 4.458053765951632830e-01
1.591896710698186834e-01 -4.776136350714840217e-01 4.417692200238415023e-01
1.626692496930314258e-01 -4.765372851877456295e-01 4.377669064082345685e-01
1.661798961325480772e-01 -4.754312977753502589e-01 4.338005356840489157e-01
1.697215540801594313e-01 -4.742973998008235270e-01 4.298702857004638722e-01
1.732901628017711748e-01 -4.731382695764670965e-01 4.259722724492863155e-01
1.768884851154843840e-01 -4.719506325240760969e-01 4.221105598138409354e-01
1.805160854845848650e-01 -4.707341060713453595e-01 4.182855442463603302e-01
1.841709045954202373e-01 -4.694917184786440711e-01 4.144948480455379891e-01
1.878503292027359772e-01 -4.682223051257672908e-01 4.107367672094794919e-01
1.915538378592106517e-01 -4.669248419827994323e-01 4.070117476213184760e-01
1.952770706459132366e-01 -4.656031503892800183e-01 4.033149457398930160e-01
1.990221588883137604e-01 -4.642535437264841414e-01 3.996506475698631267e-01
2.027790768510051300e-01 -4.628886602179452248e-01 3.960041456012042826e-01
2.065437606300367102e-01 -4.615124449318521727e-01 3.923699055263673019e-01
2.103172456226517495e-01 -4.601214890287824155e-01 3.887503716659901909e-01
2.140973393423568627e-01 -4.587186219525910547e-01 3.851423665530454565e-01
2.178846588845991805e-01 -4.573009307747594732e-01 3.815476884558455795e-01
2.216788573979880661e-01 -4.558667230973808548e-01 3.779668499733396247e-01
2.254799569659739766e-01 -4.544177115034179759e-01 3.743991649034129066e-01
2.292895409834066200e-01 -4.529524806326876152e-01 3.708468832472160415e-01
2.331057882594260167e-01 -4.514670469597380498e-01 3.673099592907578259e-01
2.369275292463826621e-01 -4.499701542205085114e-01 3.637838031205406497e-01
2.407543059608243941e-01 -4.484616911163828434e-01 3.602680608060728207e-01
2.445865467558772655e-01 -4.469399733590737056e-01 3.567639016526177875e-01
2.484229660192577016e-01 -4.454105523264735855e-01 3.532677078370977664e-01
2.522627008228348622e-01 -4.438755308263192534e-01 3.497778452791679427e-01
2.561040755133424107e-01 -4.423373623068250216e-01 3.462912624594820521e-01
2.599474367833674582e-01 -4.407971053601628109e-01 3.428077850242687852e-01
2.637921706890397622e-01 -4.392544173461868651e-01 3.393267609176179866e-01
2.676385263326455655e-01 -4.377092290838937583e-01 3.358485555475827500e-01
2.714879541404084939e-01 -4.361604220631760120e-01 3.323753282928593178e-01
2.753392872823088866e-01 -4.346084494819644761e-01 3.289055005461301584e-01
2.791920954903702734e-01 -4.330538587443119591e-01 3.254383802645633983e-01
2.830465182697244342e-01 -4.314975208268055917e-01 3.219737563455906670e-01
2.869024555432410084e-01 -4.299390477248824505e-01 3.185118547139085265e-01
2.907591150427045745e-01 -4.283785557367145724e-01 3.150516989728490147e-01
2.946171455121198712e-01 -4.268162297734955368e-01 3.115938207282441530e-01
2.984765730706692710e-01 -4.252524049347576884e-01 3.081381004612336327e-01
3.023381632381311745e-01 -4.236876638898894876e-01 3.046851504105937969e-01
3.062011356974577714e-01 -4.221225330613766480e-01 3.012340899866799426e-01
3.100648940226387040e-01 -4.205571153346798763e-01 2.977840562012478154e-01
3.139291915147216505e-01 -4.189917512000961297e-01 2.943345948043842308e-01
3.177943027751764515e-01 -4.174275601266259073e-01 2.908854522827165612e-01
3.216613748108731463e-01 -4.158663742809275976e-01 2.874369493810432497e-01
3.255302875224371784e-01 -4.143094979585206783e-01 2.839883155152773675e-01
3.293994085209666078e-01 -4.127546320188223428e-01 2.805389613525522408e-01
3.332682452634329606e-01 -4.112013619504609752e-01 2.770885265404270936e-01
3.371360871589639818e-01 -4.096507136948333572e-01 2.736357316759180924e-01
3.410020171234046105e-01 -4.081057463862799439e-01 2.701782122067216130e-01
3.448660358369767254e-01 -4.065703000281450930e-01 2.667144258552703873e-01
3.487290888469432026e-01 -4.050445983631532632e-01 2.632453611302140728e-01
3.525895749281492964e-01 -4.035268062844889481e-01 2.597700136486394418e-01
3.564468797924555954e-01 -4.020188941096535795e-01 2.562867870537450243e-01
3.603014241279047791e-01 -4.005210090134441181e-01 2.527960741612502726e-01
3.641524707633068680e-01 -3.990324998712952431e-01 2.492973187638054255e-01
3.679997685609701641e-01 -3.975544000157510416e-01 2.457898859945340519e-01
3.718435838509561719e-01 -3.960892566664185876e-01 2.422729640336483137e-01
3.756830407430514218e-01 -3.946351759291879535e-01 2.387466841790829852e-01
3.795173069814429256e-01 -3.931932591338364591e-01 2.352097625430250583e-01
3.833463190910488261e-01 -3.917633870146426944e-01 2.316622230032063523e-01
3.871673774811294488e-01 -3.903498498571383313e-01 2.280992651707088315e-01
3.909817336510759689e-01 -3.889534477370747423e-01 2.245217750751822561e-01
3.947907431089299202e-01 -3.875712892862187564e-01 2.209326789829452464e-01
3.985950913234371229e-01 -3.862015753219943948e-01 2.173336725225369637e-01
4.023939526273401235e-01 -3.848462639968352472e-01 2.137234271740418023e-01
4.061866042297745394e-01 -3.835097836150123674e-01 2.100996713187002762e-01
4.099729415204395599e-01 -3.821888874807758962e-01 2.064636912814257763e-01
4.137539911323643849e-01 -3.808817957204532756e-01 2.028171784133540878e-01
4.175307425243620085e-01 -3.795875496395023641e-01 1.991616211886558796e-01
4.213029924892949807e-01 -3.783064282840725712e-01 1.954969951124689020e-01
4.250712310875078837e-01 -3.770389390838247978e-01 1.918235966428057382e-01
4.288356892857628222e-01 -3.757836681807661394e-01 1.881420948821256600e-01
4.325971051713144444e-01 -3.745396049919693660e-01 1.844536257190661499e-01
4.363552342657282535e-01 -3.733065749416569767e-01 1.807580140117565348e-01
4.401115872218206992e-01 -3.720832805349066907e-01 1.770571959091210013e-01
4.438668846477747953e-01 -3.708688202626237995e-01 1.733523048755847007e-01
4.476209880456413215e-01 -3.696654914371850786e-01 1.696425102128616136e-01
4.513749696826592217e-01 -3.684712402209527893e-01 1.659296531426601717e-01
4.551288177287688419e-01 -3.672887788326698599e-01 1.622129597345483565e-01
4.588843357039128490e-01 -3.661176241613039450e-01 1.584942977068306835e-01
4.626449088493894135e-01 -3.649624610093478716e-01 1.547755284329654368e-01
4.664098999590639005e-01 -3.638180008603124627e-01 1.510578851510414045e-01
