7.236988775059000067e-02 -5.078014247015647520e-01 4.992426130974855214e-01
7.630375879458677069e-02 -5.064819842563057506e-01 4.976414373087968968e-01
8.023747122446006630e-02 -5.051628275880519769e-01 4.960427259058260430e-01
8.416998087941061912e-02 -5.038453291072654272e-01 4.944489646632451718e-01
8.809883564010141666e-02 -5.025327297857149489e-01 4.928669466017503442e-01
9.201707655697580202e-02 -5.012340013290532692e-01 4.913124073363708266e-01
9.590690314550026629e-02 -4.999721955917795224e-01 4.898278289508856131e-01
9.972210059551522843e-02 -4.988072871622269422e-01 4.885256544231477149e-01
1.033418249651609638e-01 -4.978961479705291682e-01 4.877007306221108340e-01
1.068851260433685973e-01 -4.970805097249118010e-01 4.870587368387073735e-01
1.103929847894460081e-01 -4.962991040001653031e-01 4.864817130732316253e-01
1.138707400375282563e-01 -4.955251370539247580e-01 4.859155025004646689e-01
1.172936271250994977e-01 -4.947392539285780377e-01 4.853167614940235852e-01
1.205820132305631537e-01 -4.939101834930678669e-01 4.846096159994320862e-01
1.235217645528813163e-01 -4.929634673164013936e-01 4.836097874842150146e-01
1.255501125173833776e-01 -4.917070012612066998e-01 4.818403144298052387e-01
1.272254026650688763e-01 -4.903365640817272664e-01 4.797752761622270379e-01
1.287546381080125757e-01 -4.889352700825477793e-01 4.775942287582992662e-01
1.301987672566788656e-01 -4.875553767596758625e-01 4.753607191695157219e-01
1.315336322291130733e-01 -4.862705422921203002e-01 4.730858321692417712e-01
1.326258109699708643e-01 -4.852494837239405556e-01 4.707392751289279365e-01
1.330991952016124524e-01 -4.849246940313369780e-01 4.682190854121391355e-01
1.333360760326749717e-01 -4.848660124134278049e-01 4.656325490521188715e-01
1.334826137869968565e-01 -4.849089644885690720e-01 4.630206706737226563e-01
1.335946257138904969e-01 -4.849907095758505537e-01 4.603991128910313591e-01
1.336934392568073782e-01 -4.850871611352798873e-01 4.577738508584456856e-01
1.337872071693305964e-01 -4.851892112104733146e-01 4.551471724291465959e-01
1.338790365746960198e-01 -4.852933503609639376e-01 4.525199490596404361e-01
1.339700960888817183e-01 -4.853981582212250068e-01 4.498925072659197832e-01
1.340608135690359304e-01 -4.855028558049733212e-01 4.472649545624531875e-01
1.341515028615895833e-01 -4.856073433945535256e-01 4.446373477068538693e-01
1.342424496251674870e-01 -4.857113112774337216e-01 4.420096893038414909e-01
1.343336047144813583e-01 -4.858149739217936247e-01 4.393820089536958906e-01
1.344251489116358445e-01 -4.859182227034704593e-01 4.367543133563444591e-01
1.345170733009612152e-01 -4.860208743790445651e-01 4.341266208553389294e-01
1.346091705329642285e-01 -4.861232793336731084e-01 4.314989754005844058e-01
1.347014061006248931e-01 -4.862255412308461588e-01 4.288714679876807212e-01
1.347938967500239560e-01 -4.863276115030600311e-01 4.262443263122190906e-01
1.348867149050686498e-01 -4.864294358454641087e-01 4.236181421277499526e-01
1.349802604954681018e-01 -4.865307140239775174e-01 4.209944646792093126e-01
1.350748439403424428e-01 -4.866324421138405465e-01 4.183774275014731647e-01
1.351711054801045253e-01 -4.867364381926400085e-01 4.157778078377064035e-01
1.352652178388568383e-01 -4.868500071269457607e-01 4.132237336202276290e-01
1.353474601203952243e-01 -4.869940350919346739e-01 4.107891325532876392e-01
1.353943990157424060e-01 -4.872209129797991367e-01 4.086674041736724217e-01
1.354351827305564360e-01 -4.874712121513476992e-01 4.067261825165754963e-01
1.354910305838922802e-01 -4.877099299283625955e-01 4.050136667999959528e-01
1.355467323835261029e-01 -4.879232953097332737e-01 4.035509533683971362e-01
1.355866700748389608e-01 -4.880723732640545598e-01 4.026089524214114257e-01
1.356212486486085833e-01 -4.881965040326547989e-01 4.018660565771257076e-01
1.356538834143919403e-01 -4.883109998744671332e-01 4.011998388376774027e-01
1.356857901072346939e-01 -4.884217220840649243e-01 4.005645710691209116e-01
1.357174563944781032e-01 -4.885307583426685696e-01 3.999454751238578076e-01
1.357486001277370125e-01 -4.886387681894432400e-01 3.993439618273029179e-01
1.357784166057269537e-01 -4.887453847556356146e-01 3.987790246568002628e-01
1.358083458630390539e-01 -4.888516011207419409e-01 3.982263230576362223e-01
1.358384325155356787e-01 -4.889588595010678773e-01 3.976738355329705876e-01
1.358688785830118317e-01 -4.890696441596414923e-01 3.971097546861656613e-01
1.358997621860968119e-01 -4.891902004956347194e-01 3.965106972696908483e-01
1.359313610293589047e-01 -4.893367203993860270e-01 3.958183242264648460e-01
1.359646680611631131e-01 -4.895513593420266485e-01 3.948809808831781898e-01
1.360276407413307520e-01 -4.898718496684572044e-01 3.935633233109616658e-01
1.361770215689983299e-01 -4.904432111590635301e-01 3.913499960029366842e-01
1.363633948285267738e-01 -4.911350485002146660e-01 3.888398632923549814e-01
1.365626334177200418e-01 -4.919429683058570979e-01 3.863356173634162616e-01
1.369691528699262528e-01 -4.929550442579558323e-01 3.830449371345818754e-01
1.379680963494794022e-01 -4.944782139100832308e-01 3.773919166617950571e-01
1.395735640625477836e-01 -4.953513770339804112e-01 3.718726630777412501e-01
1.418374649254036945e-01 -4.952893313146947696e-01 3.663906700054034293e-01
1.453525351134123123e-01 -4.944639303466087377e-01 3.635475406567107437e-01
1.478199368151810744e-01 -4.931141089954481083e-01 3.592232126100464162e-01
1.504697136813034908e-01 -4.922316965598892424e-01 3.557163373063888523e-01
1.541988741736761426e-01 -4.899650766583985573e-01 3.520980537970254121e-01
1.580883678808867598e-01 -4.876901336897081496e-01 3.473336347171622207e-01
1.625925840112600884e-01 -4.851783761080185053e-01 3.435421263187575791e-01
1.667866258135954904e-01 -4.826889581092949633e-01 3.400600102194427099e-01
1.708685812224839395e-01 -4.798147202463634575e-01 3.365341540062201653e-01
1.743351907017253177e-01 -4.779540853979143966e-01 3.341774952214809358e-01
1.789751265762132559e-01 -4.750119162319781929e-01 3.308738460381122626e-01
1.851322478897837742e-01 -4.710164411049490019e-01 3.272601095614147693e-01
1.899815281143088508e-01 -4.678084470002670248e-01 3.238735073354547245e-01
1.959477794139849460e-01 -4.640838959438866040e-01 3.210415885072698261e-01
2.004870450143665661e-01 -4.612421271591263250e-01 3.184976011929586126e-01
2.051042177938549316e-01 -4.559039718343170788e-01 3.161124724859737389e-01
2.115912709188371432e-01 -4.545996386659981181e-01 3.138575827666272300e-01
2.165864612876275963e-01 -4.517607659234985640e-01 3.121357137821437755e-01
2.242849604656314000e-01 -4.488354082956959590e-01 3.103734539668245307e-01
2.300454304341679745e-01 -4.450030073970455691e-01 3.085760632663787084e-01
2.392274021254675309e-01 -4.385359234055064559e-01 3.062362784465591514e-01
2.573987793224574716e-01 -4.290298828506600159e-01 3.034841869914043921e-01
2.808756120843682869e-01 -4.113323922116520204e-01 2.983203769961402796e-01
3.059426627872863236e-01 -3.896128721349270130e-01 2.930077138610638898e-01
3.316135674088592222e-01 -3.623550602116719643e-01 2.853608191889676626e-01
3.508840604016685294e-01 -3.572450728797118558e-01 2.784101998117744503e-01
3.828396768924287041e-01 -3.423351134711010713e-01 2.731134617172757961e-01
4.064687016054467916e-01 -3.438535342465534606e-01 2.600223641756616577e-01
4.180042789788256385e-01 -3.444935827755494784e-01 2.451526620750776320e-01
4.307137969554347134e-01 -3.441857816160472927e-01 2.159225615420604372e-01
4.485001752805634623e-01 -3.521450163707715020e-01 1.845576749091770719e-01
4.702745377501291735e-01 -3.572969142502865902e-01 1.534580943456470281e-01
