4.610140796193524793e-01 -3.648973446365897932e-01 1.574086431210421078e-01
4.652522914798025711e-01 -3.635071479934640637e-01 1.510140950022197670e-01
4.694822704354845166e-01 -3.621988431141203724e-01 1.446835220482054762e-01
4.735857802471290512e-01 -3.610616508150965576e-01 1.384866944625363083e-01
4.772736929437403908e-01 -3.602872886118046458e-01 1.326045665004626228e-01
4.798180729891222129e-01 -3.603735377165622755e-01 1.275309183352755782e-01
4.793384837727684977e-01 -3.626736570921114122e-01 1.245635589314178365e-01
4.774201795418379080e-01 -3.662114203163517878e-01 1.231917964530502840e-01
4.750057594803607786e-01 -3.702731197152216436e-01 1.225070985637960325e-01
4.724361011335433957e-01 -3.745424466837098398e-01 1.221229804023019755e-01
4.698520497480681013e-01 -3.789088715167780452e-01 1.218690823852697502e-01
4.673693986506617937e-01 -3.833505137018047293e-01 1.216887858431158070e-01
4.651116386478940101e-01 -3.878695767202984257e-01 1.215626481594212632e-01
4.633454351274921557e-01 -3.925117784065660365e-01 1.214961568069554826e-01
4.624860656307222539e-01 -3.973382637760212166e-01 1.215091835881625670e-01
4.622864184851070424e-01 -4.022254749617082403e-01 1.215600009570416973e-01
4.628081777677338082e-01 -4.070788186614681115e-01 1.216200444149320853e-01
4.640977844229389193e-01 -4.118150864508965392e-01 1.216507243464646087e-01
4.657997422885064021e-01 -4.164627669963140710e-01 1.216741401970957981e-01
4.676951372822159558e-01 -4.210566546427818024e-01 1.216959006031716473e-01
4.697201420062878663e-01 -4.255986552891479757e-01 1.217130001648406290e-01
4.718176177603112809e-01 -4.301029678435720482e-01 1.217293118289489162e-01
4.739848160128524168e-01 -4.345621527015730012e-01 1.217480888943149042e-01
4.762440523878289644e-01 -4.389616210939160101e-01 1.217740242448162868e-01
4.785331109221741541e-01 -4.433318364255344757e-01 1.218035029407672498e-01
4.808170357518526949e-01 -4.476822321975859054e-01 1.218353825675516922e-01
4.830386945171730728e-01 -4.520343845869602140e-01 1.218699082811638551e-01
4.851612398192981512e-01 -4.563951525052049596e-01 1.219069883844977609e-01
4.870845957814619043e-01 -4.607736052729829446e-01 1.219455329232465579e-01
4.886018683060186496e-01 -4.651940878465898321e-01 1.219780781980059764e-01
4.895193884237671322e-01 -4.696238566093445810e-01 1.219946942052538008e-01
4.896965717042755517e-01 -4.740091865973681817e-01 1.219943847910790330e-01
4.893934128374260450e-01 -4.783077380989634864e-01 1.219802213368198357e-01
4.887007498900992064e-01 -4.824689201714579267e-01 1.219552318502823973e-01
4.876994716999182300e-01 -4.863872803111781717e-01 1.219231490572256771e-01
4.862938790502467357e-01 -4.897722941644569450e-01 1.218861556697354159e-01
4.843058430699798689e-01 -4.919513985218976759e-01 1.218496157205095354e-01
4.817851302908395805e-01 -4.917285279849953339e-01 1.218180062895970056e-01
4.792850281487767150e-01 -4.901826413028163576e-01 1.217962682788446965e-01
4.770980225131485897e-01 -4.877767885793639069e-01 1.217817841137312229e-01
4.750305925125763440e-01 -4.850424716331128150e-01 1.217700709008287530e-01
4.730087929107370526e-01 -4.821827280597388854e-01 1.217594166989204585e-01
4.710043088700406333e-01 -4.792751688277952504e-01 1.217491685777836730e-01
4.690061411140398762e-01 -4.763495892472654480e-01 1.217390796879672527e-01
4.670096066509833443e-01 -4.734177642795465712e-01 1.217290624113404884e-01
4.650116557820639374e-01 -4.704852234988469717e-01 1.217191007429621885e-01
4.630078224026114575e-01 -4.675567806663939452e-01 1.217092342861397225e-01
4.609877578974228007e-01 -4.646413474916616937e-01 1.216995978557362940e-01
4.589418968574721092e-01 -4.617463708918044252e-01 1.216905685040297197e-01
4.568831433741094572e-01 -4.588618371310768662e-01 1.216820004168326919e-01
4.548148510564513636e-01 -4.559853868704650814e-01 1.216738779367258633e-01
4.527366793014054314e-01 -4.531169090871233762e-01 1.216659475336667601e-01
4.506482973482980325e-01 -4.502569466044357704e-01 1.216577455749305592e-01
4.485544289905613047e-01 -4.474017404741791881e-01 1.216493998291711676e-01
4.464566732659087100e-01 -4.445502088528573426e-01 1.216410098894352837e-01
4.443529574622921974e-01 -4.417044586724201971e-01 1.216325312843763717e-01
4.422351323480348539e-01 -4.388724142099297287e-01 1.216237987246268221e-01
4.400879666450860372e-01 -4.360704723959739626e-01 1.216133393382963918e-01
4.378763882133269725e-01 -4.333374875814953731e-01 1.215975924096125982e-01
4.355299574295712350e-01 -4.307530423574032485e-01 1.215701203694239813e-01
4.330629884079973402e-01 -4.283517062462635083e-01 1.215341512846168370e-01
4.304087834966440762e-01 -4.263085795300785574e-01 1.214890513240046155e-01
4.273859415219042335e-01 -4.250617663178099526e-01 1.214385389115425623e-01
4.243032888083533294e-01 -4.244435568771789957e-01 1.214038878340480965e-01
4.214397230743457956e-01 -4.247586578122738432e-01 1.214103300501135768e-01
4.193368643848585653e-01 -4.262526369613028887e-01 1.214616916730486273e-01
4.187763532965573243e-01 -4.290514177071365065e-01 1.214994153281321043e-01
4.191861612035766016e-01 -4.323516652621156031e-01 1.215124496051984970e-01
4.199629021476923851e-01 -4.358464559709025465e-01 1.215144999066849335e-01
4.208789044488706055e-01 -4.394157531719669607e-01 1.215123213171699079e-01
4.218467871121879265e-01 -4.430137329879622610e-01 1.215085142297056692e-01
4.228344863092668993e-01 -4.466226685880211322e-01 1.215040851113530496e-01
4.238297547454915049e-01 -4.502357889253394974e-01 1.214994183982843895e-01
4.248279143653916901e-01 -4.538505076903731617e-01 1.214946609319560028e-01
4.258271782971728703e-01 -4.574658370012930075e-01 1.214898688005645877e-01
4.268268639809212894e-01 -4.610813995221559880e-01 1.214850634272436752e-01
4.278267106086908744e-01 -4.646970511269624682e-01 1.214802529931973823e-01
4.288266183165561074e-01 -4.683127367736559243e-01 1.214754406189044039e-01
4.298265483206874515e-01 -4.719284354620671973e-01 1.214706274845967632e-01
4.308264841335215367e-01 -4.755441392337447781e-01 1.214658140104917516e-01
4.318264150761977338e-01 -4.791598452135036323e-01 1.214610002770094427e-01
4.328263255996974701e-01 -4.827755527342397213e-01 1.214561861051924596e-01
4.338261797358253791e-01 -4.863912626698265740e-01 1.214513708777488626e-01
4.348258851290148774e-01 -4.900069783089880948e-01 1.214465529217600426e-01
4.358252006807605827e-01 -4.936227086440233558e-01 1.214417278357622088e-01
4.368234954511134305e-01 -4.972384773631048360e-01 1.214368840882824874e-01
4.378191177187316097e-01 -5.008543465384509563e-01 1.214319914863661726e-01
4.388077432595381966e-01 -5.044704786985454437e-01 1.214269709826219790e-01
4.397780511226453415e-01 -5.080872993566200035e-01 1.214216156278306591e-01
4.407004026794650864e-01 -5.117059225238863585e-01 1.214153836217259641e-01
4.414972029951224619e-01 -5.153292647207480259e-01 1.214068565127281452e-01
4.419873423672680546e-01 -5.189614457322294649e-01 1.213932037295697153e-01
4.419428535361584753e-01 -5.225664220946520944e-01 1.213745570700480725e-01
4.409986003527909815e-01 -5.260651790474764056e-01 1.213546787458823495e-01
4.395779401259349850e-01 -5.294784510027109592e-01 1.213332753336193309e-01
4.379363137439283293e-01 -5.328413306646524461e-01 1.213113377087768896e-01
4.361530476914525223e-01 -5.361564030441855477e-01 1.212899046537631448e-01
4.342205819060678818e-01 -5.394018311066182125e-01 1.212698402850928558e-01
4.321905310570685055e-01 -5.425970965796511614e-01 1.212508761432153775e-01
4.300734781227961712e-01 -5.457435775479206885e-01 1.212332022355852995e-01
