4.285975483819539078e-01 -5.448289933884464809e-01 1.217574742397755094e-01
4.249576396839526149e-01 -5.454525792421131003e-01 1.255520627735414729e-01
4.213906457642186409e-01 -5.460309033759643826e-01 1.294067216091649986e-01
4.179704764664392003e-01 -5.464498686955181483e-01 1.333890537815989041e-01
4.148261298340308878e-01 -5.464868992271815218e-01 1.376007762718003680e-01
4.118195294662653216e-01 -5.463105030200239298e-01 1.419255661316188299e-01
4.088699377004919588e-01 -5.460356501978969046e-01 1.462953315091611584e-01
4.059425210827452002e-01 -5.457146827256029731e-01 1.506818929906313664e-01
4.030224070465741049e-01 -5.453685918369489682e-01 1.550736455450645035e-01
4.001025194871971058e-01 -5.450095910139555189e-01 1.594654811323753807e-01
3.971785868247650342e-01 -5.446420825289064460e-01 1.638545641038756939e-01
3.942461474826127743e-01 -5.442646319460093807e-01 1.682375992693316280e-01
3.913018094330223406e-01 -5.438744974770146623e-01 1.726119013529201496e-01
3.883466380766029680e-01 -5.434741419449083955e-01 1.769779260166495227e-01
3.853784701617826158e-01 -5.430635581542532231e-01 1.813338991588810400e-01
3.823942404544526386e-01 -5.426414357165704194e-01 1.856777793915196373e-01
3.793939997345358583e-01 -5.422074756738241019e-01 1.900095112806152176e-01
3.763726130748618059e-01 -5.417567714013280522e-01 1.943247028750235972e-01
3.733326906471830520e-01 -5.412935830251707214e-01 1.986254283931672415e-01
3.702764225546795740e-01 -5.408182301097649303e-01 2.029131287915917625e-01
3.672059055366332370e-01 -5.403307979860052512e-01 2.071892284271583673e-01
3.641179305855939408e-01 -5.398342657518121479e-01 2.114517163524423371e-01
3.610130342164044603e-01 -5.393300507516697317e-01 2.157011781694093688e-01
3.578950640319228382e-01 -5.388208171886462727e-01 2.199403887998888085e-01
3.547614925758210136e-01 -5.383077750635719694e-01 2.241675828573415352e-01
3.516132760192130502e-01 -5.377894916188324936e-01 2.283830671772859033e-01
3.484514640377681105e-01 -5.372672253863378655e-01 2.325877188186987188e-01
3.452709074568520164e-01 -5.367415895590426089e-01 2.367774727583442373e-01
3.420734218112462810e-01 -5.362123677138268540e-01 2.409537729882793855e-01
3.388584221467089708e-01 -5.356775907301805084e-01 2.451160341451091296e-01
3.356245190386805688e-01 -5.351341278857489892e-01 2.492627193805529162e-01
3.323746686189972266e-01 -5.345864149073429328e-01 2.533964228095829663e-01
3.291090756511063642e-01 -5.340337136339776691e-01 2.575168587857169511e-01
3.258274794358307358e-01 -5.334771470480729194e-01 2.616238685478448622e-01
3.225185590164808547e-01 -5.329154118551620023e-01 2.657082332470726005e-01
3.191918587095405324e-01 -5.323505195078069852e-01 2.697776675751926700e-01
3.158465026413818655e-01 -5.317839204833967326e-01 2.738315290898349352e-01
3.124864672728533965e-01 -5.312154842992230508e-01 2.778731258591145559e-01
3.091107245883303323e-01 -5.306444541692095784e-01 2.819014286852251083e-01
3.057229139658550476e-01 -5.300722698377837716e-01 2.859194749875519359e-01
3.023286368125437940e-01 -5.294997007960934310e-01 2.899320131599830708e-01
2.989276918003526129e-01 -5.289269536190123189e-01 2.939388054221391267e-01
2.955198272712487029e-01 -5.283527119571472808e-01 2.979394890597431567e-01
2.921031038273730895e-01 -5.277767361304038785e-01 3.019321932561004340e-01
2.886775318823255332e-01 -5.271962808082254481e-01 3.059163832094211610e-01
2.852399379421722281e-01 -5.266121983391893746e-01 3.098893639845485826e-01
2.817869466265738310e-01 -5.260225358927466122e-01 3.138477482745187785e-01
2.783147308809870712e-01 -5.254301337223608037e-01 3.177885807080161884e-01
2.748201078213687865e-01 -5.248349878940390401e-01 3.217089080042621063e-01
2.713084887148553559e-01 -5.242359167480897808e-01 3.256132053597903808e-01
2.677798524965674387e-01 -5.236366496274759141e-01 3.295017629950703908e-01
2.642313046192384385e-01 -5.230394051979960768e-01 3.333719703007684831e-01
2.606584887090227509e-01 -5.224470437483146323e-01 3.372199750770981108e-01
2.570672098166239539e-01 -5.218572102025698101e-01 3.410504947495831551e-01
2.534579919457035646e-01 -5.212683038854908357e-01 3.448639017517543537e-01
2.498328146612180389e-01 -5.206786814950420395e-01 3.486619508942205292e-01
2.461938979516971882e-01 -5.200877235776559804e-01 3.524469112847218311e-01
2.425462756134156295e-01 -5.194930176447285497e-01 3.562231947291031875e-01
2.388894557921180106e-01 -5.188929301217684031e-01 3.599898044555394083e-01
2.352220198545725560e-01 -5.182890356610340143e-01 3.637452714247433327e-01
2.315347715487652003e-01 -5.176807812932864294e-01 3.674802456135505269e-01
2.278295073903279788e-01 -5.170693222875272221e-01 3.711965424196833618e-01
2.241088707528078872e-01 -5.164519658813611080e-01 3.748959441951122962e-01
2.203763455782428993e-01 -5.158258323665269041e-01 3.785813404244201541e-01
2.166298439327511149e-01 -5.151915889610017008e-01 3.822509960121574513e-01
2.128602044540971461e-01 -5.145509546092723596e-01 3.858953152019603539e-01
2.090728195281322255e-01 -5.139022825043609854e-01 3.895195804845006382e-01
2.052677855055041745e-01 -5.132420533343726721e-01 3.931232871509323656e-01
2.014444506508268340e-01 -5.125741209412613131e-01 3.967066766094939356e-01
1.976110328073771571e-01 -5.118990418446851542e-01 4.002782294845563804e-01
1.937716481987820094e-01 -5.112184248559502597e-01 4.038424486457318774e-01
1.899274454807234613e-01 -5.105318765985729090e-01 4.074002868688200718e-01
1.860785529480753486e-01 -5.098399022438681039e-01 4.109519831788674415e-01
1.822244051046095770e-01 -5.091423955626882547e-01 4.144972555167537043e-01
1.783678652006923104e-01 -5.084395928964869915e-01 4.180391065468613276e-01
1.745104531809507642e-01 -5.077305343544876726e-01 4.215789483171286656e-01
1.706530200413394205e-01 -5.070080800914118502e-01 4.251164307709926482e-01
1.667941253407569102e-01 -5.062749761939269177e-01 4.286502570374111087e-01
1.629343762738271750e-01 -5.055304349270691722e-01 4.321807528071375804e-01
1.590741474411915546e-01 -5.047693519656016869e-01 4.357075182142463587e-01
1.552143919551641493e-01 -5.039942690213545795e-01 4.392316048092885228e-01
1.513533760180703347e-01 -5.032114061276627970e-01 4.427522493990557750e-01
1.474923907216880437e-01 -5.024215494524525427e-01 4.462710585430681443e-01
1.436310089431333259e-01 -5.016265341112203791e-01 4.497877757149073563e-01
1.397665070620884298e-01 -5.008326434367396107e-01 4.532999747469919627e-01
1.358899937822127257e-01 -5.000586762280314623e-01 4.568004110234633042e-01
1.319790601784705253e-01 -4.993463754580504399e-01 4.602690779214336780e-01
1.279725039975880829e-01 -4.988143226088598836e-01 4.636519509429203878e-01
1.237151395303160428e-01 -4.987616419018470748e-01 4.668118463367299520e-01
1.193674576729906872e-01 -4.988674020940644938e-01 4.698972153715323952e-01
1.149856857570065172e-01 -4.990123816664041589e-01 4.729620211644289807e-01
1.105772153882567527e-01 -4.991639787518304394e-01 4.760169932364636813e-01
1.061121191638948608e-01 -4.993287767305873426e-01 4.790471349267286238e-01
1.014925957120483557e-01 -4.995654720125610182e-01 4.819968193071409446e-01
9.646190698879211767e-02 -5.000127847914220824e-01 4.847237522149089317e-01
9.034658732324621355e-02 -5.010345940257523445e-01 4.868525536410850396e-01
8.381741856016652892e-02 -5.022731014939095795e-01 4.887556431912009614e-01
7.713124289053428784e-02 -5.035887764916869846e-01 4.905785171766017250e-01
7.038677786397896929e-02 -5.049283406489583070e-01 4.923770398905195078e-01
6.362305960786691916e-02 -5.062717410203659840e-01 4.941720031158929882e-01
