1692631908, 897839784, 1
1692631908, 903843164, 1
1692631908, 913823843, 1
1692631908, 921832084, 1
1692631908, 927853584, 1
1692631908, 937828063, 1
1692631908, 943871498, 1
1692631908, 949846029, 1
1692631908, 955835580, 1
1692631908, 963826894, 1
1692631908, 971832275, 1
1692631908, 977800846, 1
1692631908, 987834215, 1
1692631908, 995827674, 1
1692631909, 1823663, 1
1692631909, 7890462, 1
1692631909, 13893842, 1
1692631909, 21842479, 1
1692631909, 27812957, 1
1692631909, 37796974, 1
1692631909, 45778989, 1
1692631909, 51810503, 1
1692631909, 57855606, 1
1692631909, 63874721, 1
1692631909, 71861743, 1
1692631909, 77819108, 1
1692631909, 83812952, 1
1692631909, 89919567, 1
1692631909, 97850799, 1
1692631909, 103796958, 1
1692631909, 113789558, 1
1692631909, 119844198, 1
1692631909, 125827789, 1
1692631909, 131807327, 1
1692631909, 139809608, 1
1692631909, 145825624, 1
1692631909, 151811361, 1
1692631909, 157854795, 1
1692631909, 163769006, 1
1692631909, 169804573, 1
1692631909, 175785541, 1
1692631909, 181798696, 1
1692631909, 187767267, 1
1692631909, 195768356, 1
1692631909, 201762199, 1
1692631909, 211796045, 1
1692631909, 217837810, 1
1692631909, 223814964, 1
1692631909, 229804277, 1
1692631909, 237798452, 1
1692631909, 245786905, 1
1692631909, 251789331, 1
1692631909, 261802434, 1
1692631909, 267823219, 1
1692631909, 273802995, 1
1692631909, 279806613, 1
1692631909, 285778284, 1
1692631909, 291779518, 1
1692631909, 297768592, 1
1692631909, 303809165, 1
1692631909, 311799287, 1
1692631909, 317880392, 1
1692631909, 323846340, 1
1692631909, 329780817, 1
1692631909, 335822343, 1
1692631909, 341827154, 1
1692631909, 347917795, 1
1692631909, 353804826, 1
1692631909, 359791278, 1
1692631909, 365822553, 1
1692631909, 371810913, 1
1692631909, 377774953, 1
1692631909, 385775566, 1
1692631909, 391802310, 1
1692631909, 397825956, 1
1692631909, 403861045, 1
1692631909, 409828424, 1
1692631909, 417846441, 1
1692631909, 423870563, 1
1692631909, 433834791, 1
1692631909, 443809747, 1
1692631909, 449805974, 1
1692631909, 459834575, 1
1692631909, 467832088, 1
1692631909, 473822832, 1
1692631909, 485895872, 1
1692631909, 495900392, 1
1692631909, 501885652, 1
1692631909, 511871576, 1
1692631909, 519808769, 1
1692631909, 525776386, 1
1692631909, 535785913, 1
1692631909, 541794061, 1
1692631909, 547796487, 1
1692631909, 553782463, 1
1692631909, 563812494, 1
1692631909, 569872856, 1
1692631909, 575898647, 1
1692631909, 581825256, 1
1692631909, 587811231, 1
1692631909, 595792293, 1
1692631909, 601850271, 1
1692631909, 611845016, 1
1692631909, 617857933, 1
1692631909, 623838663, 1
1692631909, 629805326, 1
1692631909, 635846853, 1
1692631909, 641807794, 1
1692631909, 647789001, 1
1692631909, 653793334, 1
1692631909, 663831472, 1
1692631909, 671831607, 1
1692631909, 677822113, 1
1692631909, 687844514, 1
1692631909, 695816516, 1
1692631909, 701848983, 1
1692631909, 711811780, 1
1692631909, 717798471, 1
1692631909, 723815679, 1
1692631909, 729820728, 1
1692631909, 739817380, 1
1692631909, 747812509, 1
1692631909, 753779411, 1
1692631909, 765772819, 1
1692631909, 773774385, 1
1692631909, 779770851, 1
1692631909, 789766550, 1
1692631909, 795801401, 1
1692631909, 801752805, 1
1692631909, 807759046, 1
1692631909, 815763473, 1
1692631909, 823788404, 1
1692631909, 829818487, 1
1692631909, 839805364, 1
1692631909, 845808744, 1
1692631909, 851822376, 1
1692631909, 857807874, 1
1692631909, 863887548, 1
1692631909, 869885921, 1
1692631909, 875790119, 1
1692631909, 881805419, 1
1692631909, 889791011, 1
1692631909, 897805452, 1
1692631909, 903827428, 1
1692631909, 913814783, 1
1692631909, 921850442, 1
1692631909, 927777290, 1
1692631909, 933809041, 1
1692631909, 939751148, 1
1692631909, 947765350, 1
1692631909, 953761100, 1
1692631909, 963800668, 1
1692631909, 969776153, 1
1692631909, 975816488, 1
1692631909, 981806039, 1
1692631909, 989835977, 1
1692631909, 995796918, 1
1692631910, 1787900, 1
1692631910, 7868528, 1
1692631910, 15807628, 1
1692631910, 21807670, 1
1692631910, 27763128, 1
1692631910, 33769369, 1
1692631910, 41749238, 1
1692631910, 47757625, 1
1692631910, 53767442, 1
1692631910, 59805870, 1
1692631910, 65782785, 1
1692631910, 73853969, 1
1692631910, 79813003, 1
1692631910, 89781284, 1
1692631910, 95794916, 1
1692631910, 101830005, 1
1692631910, 107790708, 1
1692631910, 113777637, 1
1692631910, 119774103, 1
1692631910, 125778436, 1
1692631910, 131791353, 1
1692631910, 139773368, 1
1692631910, 145770788, 1
1692631910, 151777029, 1
1692631910, 157789468, 1
1692631910, 165790796, 1
1692631910, 173769235, 1
1692631910, 179778575, 1
1692631910, 185794115, 1
1692631910, 191786289, 1
1692631910, 197802543, 1
1692631910, 203786134, 1
1692631910, 209769487, 1
1692631910, 215838432, 1
1692631910, 221779346, 1
1692631910, 227773189, 1
1692631910, 233809471, 1
1692631910, 241919517, 1
1692631910, 247789621, 1
1692631910, 253817796, 1
1692631910, 259826898, 1
1692631910, 267793178, 1
1692631910, 273781776, 1
1692631910, 279778003, 1
1692631910, 285757064, 1
1692631910, 291760921, 1
1692631910, 297782182, 1
1692631910, 303774356, 1
1692631910, 309799671, 1
1692631910, 315807819, 1
1692631910, 321881294, 1
1692631910, 327805757, 1
1692631910, 333793878, 1
1692631910, 341824531, 1
1692631910, 349848508, 1
1692631910, 355787277, 1
1692631910, 365877151, 1
1692631910, 375814914, 1
1692631910, 381843090, 1
1692631910, 391794204, 1
1692631910, 399782657, 1
1692631910, 405841350, 1
1692631910, 411859273, 1
1692631910, 417816877, 1
1692631910, 423884630, 1
1692631910, 429827928, 1
1692631910, 435821771, 1
1692631910, 443814754, 1
1692631910, 451795101, 1
1692631910, 457799911, 1
1692631910, 463810443, 1
1692631910, 469803571, 1
1692631910, 477794647, 1
1692631910, 483796834, 1
1692631910, 493836879, 1
1692631910, 499803304, 1
1692631910, 505808591, 1
1692631910, 511921644, 1
1692631910, 521798133, 1
1692631910, 527790307, 1
1692631910, 533813238, 1
1692631910, 539832592, 1
1692631910, 545794963, 3
1692631910, 551797151, 3
1692631910, 557787418, 3
1692631910, 563803911, 3
1692631910, 571826696, 5
1692631910, 577869653, 5
1692631910, 583815097, 5
1692631910, 589859008, 5
1692631910, 597834348, 9
1692631910, 603884220, 9
1692631910, 609871625, 9
1692631910, 615891933, 9
1692631910, 623821735, 11
1692631910, 629845857, 11
1692631910, 635846138, 11
1692631910, 641872167, 11
1692631910, 649880409, 15
1692631910, 655866384, 15
1692631910, 661844015, 15
1692631910, 667829513, 15
1692631910, 675855398, 18
1692631910, 683809757, 18
1692631910, 689782381, 18
1692631910, 699821233, 22
1692631910, 705814361, 22
1692631910, 711792230, 22
1692631910, 717810869, 22
1692631910, 725802659, 25
1692631910, 733821630, 25
1692631910, 739801406, 25
1692631910, 751817464, 29
1692631910, 759829521, 29
1692631910, 765842914, 29
1692631910, 771834850, 29
1692631910, 777785539, 33
1692631910, 785784244, 33
1692631910, 791766643, 33
1692631910, 801780223, 36
1692631910, 807832717, 36
1692631910, 813783645, 36
1692631910, 819851160, 36
1692631910, 825802803, 40
1692631910, 831793546, 40
1692631910, 837771892, 40
1692631910, 843790054, 40
1692631910, 849789142, 43
1692631910, 855844974, 43
1692631910, 861783027, 43
1692631910, 867852449, 43
1692631910, 873819351, 46
1692631910, 879838228, 46
1692631910, 885799646, 46
1692631910, 891807317, 46
1692631910, 899765729, 49
1692631910, 907853603, 49
1692631910, 913795232, 49
1692631910, 919792175, 49
1692631910, 925832509, 52
1692631910, 933804035, 52
1692631910, 939804315, 52
1692631910, 949790716, 55
1692631910, 957792282, 55
1692631910, 963788270, 55
1692631910, 969836235, 55
1692631910, 975786685, 59
1692631910, 983823776, 59
1692631910, 989803791, 59
1692631910, 995842456, 59
1692631911, 1775026, 62
1692631911, 7782936, 62
1692631911, 13788461, 62
1692631911, 19771814, 62
1692631911, 25761127, 65
1692631911, 31751155, 65
1692631911, 37756919, 65
1692631911, 43745279, 65
1692631911, 49757242, 68
1692631911, 55785894, 68
1692631911, 61778545, 68
1692631911, 67862987, 68
1692631911, 73792457, 72
1692631911, 79817533, 72
1692631911, 85774183, 72
1692631911, 91778755, 72
1692631911, 97778320, 74
1692631911, 103807926, 74
1692631911, 109772682, 74
1692631911, 115780591, 74
1692631911, 121775150, 78
1692631911, 127785682, 78
1692631911, 133806705, 78
1692631911, 139788389, 78
1692631911, 147781848, 81
1692631911, 153773546, 81
1692631911, 159775018, 81
1692631911, 165795564, 81
1692631911, 173786640, 84
1692631911, 181783199, 84
1692631911, 187783718, 84
1692631911, 193830490, 84
1692631911, 199797153, 87
1692631911, 205825090, 87
1692631911, 211790084, 87
1692631911, 217776060, 87
1692631911, 225781679, 90
1692631911, 233797311, 90
1692631911, 239833354, 90
1692631911, 245805978, 90
1692631911, 251776218, 90
1692631911, 259798765, 90
1692631911, 265790939, 90
1692631911, 275770425, 90
1692631911, 283763408, 90
1692631911, 289749860, 90
1692631911, 299751996, 90
1692631911, 307772874, 90
1692631911, 313793182, 90
1692631911, 323787212, 90
1692631911, 331799983, 90
1692631911, 337786912, 90
1692631911, 347776412, 90
1692631911, 353812694, 90
1692631911, 359779357, 90
1692631911, 365787982, 90
1692631911, 373804569, 90
1692631911, 379792928, 90
1692631911, 385846376, 90
1692631911, 391834020, 90
1692631911, 399781942, 90
1692631911, 407818555, 90
1692631911, 413783311, 90
1692631911, 423809289, 90
1692631911, 429783105, 90
1692631911, 435787916, 90
1692631911, 441833496, 90
1692631911, 449784994, 90
1692631911, 455785512, 90
1692631911, 461807727, 90
1692631911, 467815876, 90
1692631911, 475836753, 90
1692631911, 481847763, 90
1692631911, 487779140, 90
1692631911, 493811368, 90
1692631911, 499791383, 90
1692631911, 505838632, 90
1692631911, 511858940, 90
1692631911, 517790794, 90
1692631911, 525775909, 90
1692631911, 531822681, 90
1692631911, 537772655, 90
1692631911, 543761014, 90
1692631911, 549758911, 90
1692631911, 555792093, 90
1692631911, 561779260, 90
1692631911, 567799568, 90
1692631911, 573776721, 90
1692631911, 579791307, 90
1692631911, 585786104, 90
1692631911, 591777563, 90
1692631911, 599777460, 90
1692631911, 605817079, 90
1692631911, 611789941, 90
1692631911, 617782831, 90
1692631911, 623826980, 90
1692631911, 629788637, 90
1692631911, 635806322, 90
1692631911, 641790628, 90
1692631911, 649785995, 90
1692631911, 657788753, 90
1692631911, 663789033, 90
1692631911, 669826745, 90
1692631911, 675784111, 90
1692631911, 681808948, 90
1692631911, 687795400, 90
1692631911, 693785905, 90
1692631911, 701771497, 90
1692631911, 709784746, 90
1692631911, 715793132, 90
1692631911, 727826118, 90
1692631911, 735805988, 90
1692631911, 741780757, 90
1692631911, 751783132, 90
1692631911, 759837865, 90
1692631911, 765799760, 90
1692631911, 775754928, 90
1692631911, 781773567, 90
1692631911, 787753582, 90
1692631911, 793786764, 90
1692631911, 799780368, 90
1692631911, 805826663, 90
1692631911, 811809301, 90
1692631911, 817861080, 90
1692631911, 823785543, 90
1692631911, 829776287, 90
1692631911, 835811614, 90
1692631911, 841776609, 90
1692631911, 849780321, 90
1692631911, 857780694, 90
1692631911, 863794326, 90
1692631911, 869848728, 90
1692631911, 875805139, 90
1692631911, 883815050, 90
1692631911, 889865875, 90
1692631911, 899792909, 90
1692631911, 905836105, 90
1692631911, 911787271, 90
1692631911, 917788267, 90
1692631911, 925803184, 90
1692631911, 931801795, 90
1692631911, 937784433, 90
1692631911, 943803071, 90
1692631911, 951806306, 90
1692631911, 957787036, 90
1692631911, 963816642, 90
1692631911, 969814300, 90
1692631911, 977798461, 90
1692631911, 983837127, 90
1692631911, 989804267, 90
1692631911, 995816707, 90
1692631912, 3817796, 89
1692631912, 9868860, 89
1692631912, 15820503, 89
1692631912, 21801948, 89
1692631912, 29794454, 88
1692631912, 37830591, 88
1692631912, 43813705, 88
1692631912, 55785894, 86
1692631912, 63818216, 86
1692631912, 69812774, 86
1692631912, 79871654, 83
1692631912, 85837602, 83
1692631912, 91851949, 83
1692631912, 97850561, 83
1692631912, 107814311, 81
1692631912, 115800857, 81
1692631912, 121800661, 81
1692631912, 131806135, 77
1692631912, 139790534, 77
1692631912, 145790576, 77
1692631912, 151818752, 77
1692631912, 157789230, 74
1692631912, 165782928, 74
1692631912, 171843051, 74
1692631912, 177841186, 74
1692631912, 183781147, 70
1692631912, 191803216, 70
1692631912, 197806119, 70
1692631912, 207795381, 68
1692631912, 215781927, 68
1692631912, 221807718, 68
1692631912, 231786251, 65
1692631912, 237837553, 65
1692631912, 243828773, 65
1692631912, 249781131, 65
1692631912, 257806539, 61
1692631912, 265801191, 61
1692631912, 271787166, 61
1692631912, 281759023, 58
1692631912, 289744853, 58
1692631912, 295751094, 58
1692631912, 301765680, 58
1692631912, 307766437, 55
1692631912, 315786123, 55
1692631912, 321785926, 55
1692631912, 331797838, 52
1692631912, 339783191, 52
1692631912, 345839023, 52
1692631912, 351804733, 52
1692631912, 357776403, 49
1692631912, 365812301, 49
1692631912, 371795415, 49
1692631912, 381778955, 45
1692631912, 389788389, 45
1692631912, 395791053, 45
1692631912, 401841640, 45
1692631912, 407788991, 42
1692631912, 413815975, 42
1692631912, 419787883, 42
1692631912, 425784826, 42
1692631912, 433770656, 39
1692631912, 441771745, 39
1692631912, 447818994, 39
1692631912, 457773208, 36
1692631912, 463830947, 36
1692631912, 469774246, 36
1692631912, 475782394, 36
1692631912, 481780529, 33
1692631912, 489789485, 33
1692631912, 495834350, 33
1692631912, 505786180, 30
1692631912, 511806249, 30
1692631912, 517789602, 30
1692631912, 523749113, 30
1692631912, 529736280, 27
1692631912, 535738706, 27
1692631912, 541739702, 27
1692631912, 547756195, 27
1692631912, 555773258, 24
1692631912, 561817646, 24
1692631912, 567810535, 24
1692631912, 573794364, 24
1692631912, 579803228, 21
1692631912, 585783481, 21
1692631912, 591770172, 21
1692631912, 597774744, 21
1692631912, 605784416, 18
1692631912, 611775159, 18
1692631912, 617778778, 18
1692631912, 623782157, 18
1692631912, 631784200, 14
1692631912, 639780759, 14
1692631912, 645777940, 14
1692631912, 657784461, 11
1692631912, 663792371, 11
1692631912, 669773101, 11
1692631912, 675803184, 11
1692631912, 683786869, 8
1692631912, 691779851, 8
1692631912, 697786808, 8
1692631912, 707794427, 5
1692631912, 713802576, 5
1692631912, 719777345, 5
1692631912, 725778341, 5
1692631912, 731804132, 2
1692631912, 737815141, 2
1692631912, 743792295, 2
1692631912, 749786138, 2
1692631912, 755856037, 1
1692631912, 761832714, 1
1692631912, 767825603, 1
1692631912, 773787021, 1
1692631912, 781766176, 1
1692631912, 789754390, 1
1692631912, 795761585, 1
1692631912, 801773309, 1
1692631912, 807810068, 1
1692631912, 815822839, 1
1692631912, 821822881, 1
1692631912, 831843852, 1
1692631912, 839832544, 1
1692631912, 845822095, 1
1692631912, 851845979, 1
1692631912, 857815980, 1
1692631912, 863828420, 1
1692631912, 869813680, 1
1692631912, 875819921, 1
1692631912, 881810188, 1
1692631912, 887859106, 1
1692631912, 893839120, 1
1692631912, 899795770, 1
1692631912, 905794143, 1
1692631912, 911832571, 1
1692631912, 917795896, 1
1692631912, 923798561, 1
1692631912, 929782629, 1
1692631912, 935816049, 1
1692631912, 941783905, 1
1692631912, 947780847, 1
1692631912, 953794479, 1
1692631912, 959813594, 1
1692631912, 965791940, 1
1692631912, 971882343, 1
1692631912, 977796316, 1
1692631912, 983795166, 1
1692631912, 989818334, 1
1692631912, 995784521, 1
1692631913, 3795146, 1
1692631913, 11792421, 1
1692631913, 17831087, 1
1692631913, 23799896, 1
1692631913, 29749393, 1
1692631913, 35794496, 1
1692631913, 41748285, 1
1692631913, 47759771, 1
1692631913, 53765773, 1
1692631913, 59775829, 1
1692631913, 65780162, 1
1692631913, 71860551, 1
1692631913, 79796075, 1
1692631913, 85817575, 1
1692631913, 91790437, 1
1692631913, 97784519, 1
1692631913, 105779170, 1
1692631913, 113783597, 1
1692631913, 119797229, 1
1692631913, 129780292, 1
1692631913, 137783288, 1
1692631913, 143781900, 1
1692631913, 153787374, 1
1692631913, 159783363, 1
1692631913, 165785551, 1
1692631913, 171785831, 1
1692631913, 177788972, 1
1692631913, 185817003, 1
1692631913, 191780567, 1
1692631913, 201788187, 1
1692631913, 209778785, 1
1692631913, 215841770, 1
1692631913, 221827983, 1
1692631913, 227790832, 1
1692631913, 235796213, 1
1692631913, 241818904, 1
1692631913, 251819610, 1
1692631913, 259800672, 1
1692631913, 265793800, 1
1692631913, 271807432, 1
1692631913, 277759790, 1
1692631913, 285761833, 1
1692631913, 291744232, 1
1692631913, 297776222, 1
1692631913, 303785562, 1
1692631913, 309769868, 1
1692631913, 315783739, 1
1692631913, 321810245, 1
1692631913, 327837705, 1
