1.524605543448849687e+00 -6.958048135858110328e-01 2.517987457446128730e+00 1.024006633926425991e+00 -7.199729866315269788e-01 -1.254314045488584384e+00
1.500814344291900859e+00 -7.195000588622173510e-01 2.451048831883522183e+00 1.068252140515646431e+00 -7.275814362392516443e-01 -1.205567955973787519e+00
1.493951095766961501e+00 -7.743168713311536777e-01 2.393775477851276534e+00 1.092413160506757741e+00 -6.902813329238632889e-01 -1.246710673603739217e+00
1.451002298014845593e+00 -8.092809796605644479e-01 2.364513463467663001e+00 1.030485272782437178e+00 -7.146970453176599847e-01 -1.287274895830938348e+00
1.482439896388795475e+00 -8.573382636146709146e-01 2.330925735739475257e+00 9.561980771862783612e-01 -7.198180743036468598e-01 -1.281868691425579243e+00
1.470617594918447679e+00 -8.771320046933972492e-01 2.268026165347102108e+00 9.316983664797344744e-01 -7.592421379752538613e-01 -1.223923955466044156e+00
1.512058592594941686e+00 -8.604881058183222464e-01 2.198856393719735181e+00 8.770528889484809909e-01 -7.677018798759629448e-01 -1.236709556241351926e+00
1.538896620384052838e+00 -8.517383893741943268e-01 2.129540238182718426e+00 9.081512610545940944e-01 -8.225778681047843932e-01 -1.257202249484707046e+00
1.510661507025090167e+00 -8.697763635931572423e-01 2.068945711102751162e+00 8.904426682101567181e-01 -8.451209777109340848e-01 -1.190991018591506467e+00
1.518544066399325487e+00 -9.110494840700420482e-01 2.000087973023070731e+00 8.848292513780133817e-01 -8.285129815310687817e-01 -1.134549272474643544e+00
1.480033279827297044e+00 -9.477238379080201724e-01 1.950836698130309799e+00 9.081218701176512198e-01 -8.334650976142210510e-01 -1.069902900046199257e+00
1.468737799342929584e+00 -9.548363864944979795e-01 1.929988384841394122e+00 9.582765643611637074e-01 -8.084564849109385776e-01 -9.908696947319990400e-01
1.486077588227752599e+00 -9.870394573543039840e-01 1.912240030652331058e+00 9.491534027423904618e-01 -7.478534841436275116e-01 -9.231103109369653836e-01
1.498935542343625471e+00 -9.368687855995911917e-01 1.879101629168751231e+00 9.348132914958124928e-01 -7.510334721193938634e-01 -8.456269453372584621e-01
1.543801406085412609e+00 -9.460891239081803405e-01 1.817551292034471189e+00 9.056310119431367767e-01 -8.081378531558218725e-01 -8.466661072067811489e-01
1.578776317332683199e+00 -8.979972812986778408e-01 1.784756666222842014e+00 8.593932090637323995e-01 -7.695518935211778100e-01 -8.046943062029816573e-01
1.613066004769930117e+00 -9.584723790796525478e-01 1.788849973943399618e+00 8.876604169867112759e-01 -7.497607677417095218e-01 -7.417697401547158620e-01
1.623284062742286871e+00 -9.966625394405497218e-01 1.810630330345201600e+00 8.844005100666567643e-01 -7.027268041701084655e-01 -6.660076236616374601e-01
1.592849719365402095e+00 -1.038403280080301805e+00 1.739762837083835834e+00 8.927057974982606225e-01 -7.015178983500387488e-01 -6.186914482000709370e-01
1.628957269128933127e+00 -1.067651719965391877e+00 1.678786168374007737e+00 9.240090137822365435e-01 -6.469384975575707131e-01 -6.314905554669092425e-01
1.659752773805484694e+00 -1.092902493911083184e+00 1.622756215705448923e+00 8.790214880083322413e-01 -6.352130691102653159e-01 -5.756934537205946611e-01
1.670748021749870027e+00 -1.147762288914224271e+00 1.652701626969022008e+00 8.609506215052595834e-01 -5.655140464730754601e-01 -5.476173110660393917e-01
1.686840420989431877e+00 -1.124685183059458637e+00 1.641880005013196531e+00 8.344542454620560434e-01 -5.544777479009672660e-01 -4.566914261886729776e-01
1.680253790580292339e+00 -1.163576686158725337e+00 1.671203200110086939e+00 7.651062222003153224e-01 -5.312784434627557673e-01 -4.093959564361151493e-01
1.734879497329915310e+00 -1.208462797221431906e+00 1.715348548618484514e+00 7.111442690024754043e-01 -5.426426083652033938e-01 -4.060164943507045265e-01
1.709725496559913793e+00 -1.236113069193326197e+00 1.725202485738295266e+00 6.906346147523736434e-01 -4.805833709597981951e-01 -3.409500378344416660e-01
1.658937306595811734e+00 -1.256828524685886350e+00 1.704242727860610707e+00 6.333562098175429256e-01 -4.317931248092961027e-01 -3.111035234263930249e-01
1.681713317204163616e+00 -1.322741937119036315e+00 1.720736998262543338e+00 6.140928866809840514e-01 -3.656070324795788196e-01 -3.004761996827420845e-01
1.651535825962737292e+00 -1.389724493705693398e+00 1.663431509149177145e+00 6.110043183452233961e-01 -3.301216452348230135e-01 -2.934061861967656171e-01
1.676246645551902503e+00 -1.427685120362607307e+00 1.640350694683803567e+00 6.118203846912209087e-01 -3.663597130312981065e-01 -2.152923033028901756e-01
1.703571764528583721e+00 -1.428861993944575026e+00 1.576237391621865491e+00 6.279315135925385150e-01 -3.169182417946032615e-01 -1.659221740803884515e-01
1.708103892083842723e+00 -1.475672859997169795e+00 1.508254143788908763e+00 6.626618488507887150e-01 -2.822546712667834967e-01 -1.383772771950457781e-01
1.759574905179283277e+00 -1.518723451529744750e+00 1.458473584155770553e+00 6.182625812368351959e-01 -3.127071281390172430e-01 -1.273941006042242918e-01
1.757404601609595218e+00 -1.565127195967679796e+00 1.459299170452450944e+00 6.367727652719681330e-01 -3.779879711905733686e-01 -7.049871143001595897e-02
1.745261632719691036e+00 -1.550267652945850116e+00 1.435199717287447108e+00 5.721786880095054428e-01 -4.045045263169768646e-01 -5.881096713063804771e-03
1.688280401276724518e+00 -1.572416954070715356e+00 1.405968776781757690e+00 5.419796154034859370e-01 -4.512970032278511567e-01 4.214577033401400996e-02
1.644634948735927082e+00 -1.600619505785360275e+00 1.360608405076726868e+00 4.979686017409346022e-01 -4.967636113885900428e-01 7.733021926853300698e-02
1.631714474515545632e+00 -1.638789673187093676e+00 1.335593603986613864e+00 5.543844610366024384e-01 -4.895616018325856800e-01 1.445294846748810258e-01
1.570425655576405788e+00 -1.688118948394144780e+00 1.319662340190399519e+00 5.383031332850221062e-01 -4.356667797467181913e-01 1.643596930582225113e-01
1.493017917719481780e+00 -1.739558762622748667e+00 1.343280712873288429e+00 5.350481534485647117e-01 -4.143077392067207043e-01 1.827269627869458901e-01
1.490739951104273153e+00 -1.789540431838345214e+00 1.275331339136126729e+00 4.867756515041170573e-01 -3.916380547447904092e-01 1.767790907582265092e-01
1.489977894759216603e+00 -1.837773806801552112e+00 1.260149409779325325e+00 4.270078242286121650e-01 -4.155922514452443650e-01 2.341940114147256224e-01
1.448471547636012602e+00 -1.869820047311664624e+00 1.249951638800076203e+00 4.204256919256899039e-01 -4.138112608580595264e-01 3.184541484404039835e-01
1.386998080664232802e+00 -1.906677693016282760e+00 1.199844524883330266e+00 3.976738251632996324e-01 -4.510067166765381330e-01 2.972255222060313784e-01
1.361904506071716092e+00 -1.925827885028104980e+00 1.203530112813171016e+00 3.371503808122966461e-01 -3.940443473674433150e-01 3.428566548708795736e-01
1.291151419411377788e+00 -1.956697836380102196e+00 1.178961116656579655e+00 3.260251052300926489e-01 -3.577314359607166594e-01 3.875222117106265074e-01
1.239320298215601746e+00 -1.980242755304026936e+00 1.122989071649143966e+00 3.096990719992476215e-01 -3.144948752343639242e-01 4.261274225200741839e-01
1.192615719263935503e+00 -2.011636591205079760e+00 1.115980715462512762e+00 3.782980797360053771e-01 -2.956657558164978994e-01 4.676440783994504358e-01
1.165888746339221349e+00 -2.024547530550126595e+00 1.088934092543829557e+00 4.365805176788084552e-01 -2.316260006923416270e-01 4.974689663839191311e-01
1.130032692605409395e+00 -2.044237202224464589e+00 1.109100100534639033e+00 4.854007729515164016e-01 -2.918290977877404657e-01 5.411972425555093835e-01
1.080870205433018150e+00 -2.049045293266236634e+00 1.045790188659402986e+00 4.717058808774785561e-01 -3.424800906749849716e-01 5.694587716104813069e-01
1.035171732947428147e+00 -1.984771955623907402e+00 9.905113383261854310e-01 4.746786301373777661e-01 -3.186675164904233526e-01 5.816637074636181737e-01
9.820321520459058817e-01 -1.985276185032917695e+00 9.272194501597068594e-01 5.136256100928333623e-01 -3.195380825993305862e-01 6.223139528950412114e-01
9.331602503951037519e-01 -1.947190457033880051e+00 8.881774674815483550e-01 5.273597760828723224e-01 -3.102623974125195971e-01 6.883599405797538040e-01
8.794462938668115015e-01 -1.955338115206970429e+00 8.065129064202283260e-01 5.212881069534551770e-01 -3.253611095111956786e-01 6.990599281487801520e-01
8.241138355184594033e-01 -1.989272197050053315e+00 7.519734871282155453e-01 4.840071867472275358e-01 -3.137619240652673724e-01 7.349464266050622641e-01
7.696919805315962648e-01 -1.984265333533620002e+00 7.545200190292300491e-01 4.432187487367480472e-01 -2.517378612102536550e-01 7.736249367161871504e-01
7.556544642304992010e-01 -2.027408378906277342e+00 7.267247056289747320e-01 3.656379258051716263e-01 -2.276303540013095983e-01 7.974805510340132741e-01
7.097875228154499894e-01 -2.021960364228537976e+00 7.088275402492634214e-01 3.014652562889716947e-01 -1.821547322107317513e-01 8.343596860916004943e-01
6.760206804306942985e-01 -1.944439804412518846e+00 6.611901692094193095e-01 3.154577449843980474e-01 -1.625545607165772566e-01 8.333168154886640977e-01
6.422538380459386076e-01 -1.866919244596499716e+00 6.135527981695751976e-01 3.294502336798244002e-01 -1.429543892224227619e-01 8.322739448857277011e-01
6.084869956611829167e-01 -1.789398684780480586e+00 5.659154271297310856e-01 3.434427223752507530e-01 -1.233542177282682673e-01 8.312310742827913046e-01
5.747201532764272258e-01 -1.711878124964462344e+00 5.182780560898869737e-01 3.574352110706771057e-01 -1.037540462341137726e-01 8.301882036798549080e-01
5.409533108916715349e-01 -1.634357565148443214e+00 4.706406850500428618e-01 3.714276997661034585e-01 -8.415387473995927792e-02 8.291453330769185115e-01
5.071864685069149559e-01 -1.556837005332424084e+00 4.230033140101987499e-01 3.854201884615289231e-01 -6.455370324580478325e-02 8.281024624739830031e-01
4.734196261221583768e-01 -1.479316445516404954e+00 3.753659429703546380e-01 3.994126771569552758e-01 -4.495353175165028858e-02 8.270595918710466066e-01
4.396527837374026859e-01 -1.401795885700385824e+00 3.277285719305105260e-01 4.134051658523816286e-01 -2.535336025749579392e-02 8.260167212681110982e-01
4.058859413526461068e-01 -1.324275325884366694e+00 2.800912008906664141e-01 4.273976545478070932e-01 -5.753188763341299250e-03 8.249738506651747016e-01
3.721190989678895278e-01 -1.246754766068347564e+00 2.324538298508223022e-01 4.413901432432334460e-01 1.384698273081319542e-02 8.239309800622391933e-01
3.383522565831338369e-01 -1.169234206252328434e+00 1.848164588109781903e-01 4.553826319386589105e-01 3.344715422496769008e-02 8.228881094593027967e-01
3.045854141983772578e-01 -1.091713646436310192e+00 1.371790877711349665e-01 4.693751206340852633e-01 5.304732571912218475e-02 8.218452388563672883e-01
2.708185718136215669e-01 -1.014193086620291950e+00 8.954171673129174280e-02 4.833676093295107279e-01 7.264749721327667942e-02 8.208023682534308918e-01
2.370517294288649879e-01 -9.366725268042737085e-01 4.190434569144763088e-02 4.973600980249370807e-01 9.224766870743206226e-02 8.197594976504953834e-01
2.032848870441092970e-01 -8.591519669882545784e-01 -5.733025348395592857e-03 5.113525867203625452e-01 1.118478402015865569e-01 8.187166270475589869e-01
2.082022659538331766e-01 -8.197608438270194142e-01 -5.736962521026889306e-02 4.950137123832227815e-01 1.205676919704803396e-01 8.923021264749797510e-01
1.654364907303769172e-01 -7.610991282514598666e-01 -7.202908742213409710e-02 5.238866643994786187e-01 1.363663154286651746e-01 8.337210040751719120e-01
1.533572037761947726e-01 -7.445299981010222723e-01 -7.616968465732654181e-02 5.320418929858039547e-01 1.408286712549147168e-01 8.171746376438857595e-01
