1.751980606709615529e+00 -1.098850892191268969e+00 2.320784807205200195e+00 -8.202604812434692860e-01 1.543795347213745117e+00 1.658835053443908691e+00
1.703471333048542924e+00 -1.153150302355522960e+00 2.285127663558535360e+00 -8.406975466910369121e-01 1.559121277313033183e+00 1.606162150029211588e+00
1.648045320361688937e+00 -1.166922519754566956e+00 2.228648252644271466e+00 -8.786421787154070628e-01 1.520224519350430015e+00 1.630567198868780210e+00
1.577802978408593404e+00 -1.202061213523563765e+00 2.196316883242761975e+00 -8.400365796108379968e-01 1.538324844308054828e+00 1.599455238082261310e+00
1.549114589572091916e+00 -1.154646418917764983e+00 2.157882549104281011e+00 -8.341713554580758583e-01 1.578836164689300325e+00 1.538005684590041611e+00
1.499903311740863998e+00 -1.177551219243138547e+00 2.164224396754653057e+00 -8.128987291426614803e-01 1.523656453417815193e+00 1.478709174926383874e+00
1.495653412514993619e+00 -1.197089500434865172e+00 2.103603576888865234e+00 -7.730196714904469246e-01 1.458345060973101681e+00 1.487039415087789251e+00
1.446170611291006658e+00 -1.223457400199427170e+00 2.122223776446949373e+00 -7.373895319865217957e-01 1.415054244542258921e+00 1.429023272634740493e+00
1.431503278410470870e+00 -1.180043466155091814e+00 2.082232486221515799e+00 -6.730126486352183690e-01 1.447200253110620949e+00 1.395511373163563107e+00
1.425013529187766359e+00 -1.142715195601307521e+00 2.021714827271603454e+00 -6.865970693767584621e-01 1.379609237433732538e+00 1.383304226052319841e+00
1.413005211238754555e+00 -1.147535298976240625e+00 1.947309210000467417e+00 -7.017199085482088705e-01 1.380799203698904520e+00 1.319537034349423266e+00
1.352290003970913368e+00 -1.134751798436851367e+00 1.910118024245651469e+00 -6.595479085769673233e-01 1.433092475376923858e+00 1.303599732878729434e+00
1.299076801769248668e+00 -1.086401793871260679e+00 1.940104018548616693e+00 -6.795159725267776452e-01 1.456109428725025801e+00 1.248800384376377970e+00
1.249337730371488320e+00 -1.099582381120082886e+00 1.890711993361486876e+00 -7.124253269968221502e-01 1.401665174521081525e+00 1.219380623726097568e+00
1.204041145032873850e+00 -1.114462654667368824e+00 1.862052847510163645e+00 -6.354360977579052161e-01 1.396701945174777748e+00 1.188502231433983702e+00
1.178376877382190102e+00 -1.110804397681038225e+00 1.803810718854586881e+00 -6.039284295941733660e-01 1.337554480219847797e+00 1.226510930540015920e+00
1.160376955761956985e+00 -1.033532875140825702e+00 1.783066870599745002e+00 -6.205611811465194805e-01 1.294928884902753374e+00 1.192142084396683011e+00
1.118387676543340703e+00 -1.028715449547430438e+00 1.773388820761983453e+00 -5.951109143617756558e-01 1.245802975374271426e+00 1.121015738179013788e+00
1.138741482488754286e+00 -9.670234366677412652e-01 1.729693838860219657e+00 -5.863768484024083349e-01 1.195090481598751531e+00 1.086051102418311487e+00
1.107609231463185573e+00 -9.723589882396010964e-01 1.669590374481947137e+00 -6.124021103266423793e-01 1.156756588046287781e+00 1.029102996636660272e+00
1.143308938080295434e+00 -9.761967201217638390e-01 1.695459778853366295e+00 -6.531083818192353618e-01 1.084281850744742037e+00 9.954579584710678830e-01
1.188582179482423840e+00 -9.445777199879961117e-01 1.633187421538887740e+00 -6.872688369772799177e-01 1.043072614727353908e+00 9.810500395289798448e-01
1.147283124462761705e+00 -9.595582463247191995e-01 1.576503567786627258e+00 -7.109952863530608624e-01 9.981953957155651480e-01 1.028799420914882745e+00
1.128473333888662111e+00 -9.431580549705405048e-01 1.511485612173854243e+00 -7.407323356366095624e-01 9.929279568596758310e-01 1.093898214589171580e+00
1.107476535629912995e+00 -8.896243098267682115e-01 1.438501751775260296e+00 -7.728621950000427177e-01 9.919150832730316836e-01 1.075642395257651707e+00
1.154728640603163825e+00 -8.884325667726900022e-01 1.377297086978737539e+00 -7.373149216131604788e-01 9.728794773979299038e-01 1.026715466118767850e+00
1.192293389361520184e+00 -8.446198091179608625e-01 1.334089253730661895e+00 -7.801040848457674315e-01 9.293687389501332774e-01 9.938777102119331630e-01
1.219177260841942001e+00 -7.930676034924317719e-01 1.291433742488499625e+00 -7.392699969986509245e-01 8.788239247656761677e-01 1.017917966840966137e+00
1.273406895893568702e+00 -7.945719187514885817e-01 1.225304463608788197e+00 -7.596558237278197012e-01 8.829371290329461885e-01 9.704700816210536374e-01
1.241608717637490145e+00 -7.396987855136263335e-01 1.162734592768883246e+00 -7.990641982347819194e-01 8.709407304794929416e-01 9.895984064770830813e-01
1.288458674931387549e+00 -6.771505861723561281e-01 1.118334691552175464e+00 -8.170162076580078647e-01 8.351007005268717975e-01 9.718594481273150620e-01
1.269044484366079750e+00 -6.369697790376909197e-01 1.115242357442088661e+00 -7.696889047090955671e-01 7.854494002525811425e-01 9.144669034101964300e-01
1.300733119786461778e+00 -5.856612919266703798e-01 1.066283182964563814e+00 -8.028732600316468293e-01 7.496616179405561908e-01 8.746636124775939436e-01
1.331921655874965360e+00 -5.360558879255696851e-01 1.023361303292980473e+00 -7.531282635582821072e-01 7.035580447216185362e-01 8.858075443830246698e-01
1.319941791912364160e+00 -4.554238469593201444e-01 9.815674621350520823e-01 -7.285386509511209141e-01 7.347025110210223531e-01 8.800105761171534979e-01
1.350710677659024306e+00 -4.089381289373497097e-01 9.189784418020252588e-01 -7.077133423104395860e-01 6.895581222490454465e-01 9.024440088920924197e-01
1.393735422771681165e+00 -3.793462733635522000e-01 8.938947773077776660e-01 -7.091652392101757130e-01 6.139062111395716670e-01 9.327538011729261669e-01
1.363786714375917697e+00 -3.037049433351040051e-01 8.975327677748978772e-01 -7.354363053558170549e-01 6.225926109570361078e-01 9.837695499579481861e-01
1.331614927999518194e+00 -2.564499744218435850e-01 8.712545375886078247e-01 -7.876585208520667791e-01 5.952438153255572573e-01 1.034428036698130882e+00
1.293598757723274595e+00 -2.284325714595203394e-01 8.034379807181579736e-01 -8.258262553344648538e-01 5.917804723418180757e-01 1.075682610297547193e+00
1.257323249829441991e+00 -2.003989674229886830e-01 7.568318544048819874e-01 -8.027134680995979821e-01 5.240135861693300257e-01 1.100167743880177795e+00
1.236404389467621101e+00 -1.881529641109667139e-01 7.017871204397776452e-01 -7.364257139073320246e-01 5.585885213971373275e-01 1.128328380323522673e+00
1.164830969920099157e+00 -1.754246259296614596e-01 6.528169301505197808e-01 -7.169866177853609912e-01 5.589395695978636169e-01 1.172364204280524902e+00
1.160938745649517934e+00 -1.661522846627851990e-01 6.086178335664422789e-01 -6.433484554379909071e-01 5.374915673010516315e-01 1.217781363839305797e+00
1.164118919415557230e+00 -1.018541851505805340e-01 5.408419916838269614e-01 -6.436168317147048512e-01 5.445211623788761557e-01 1.252603611300592057e+00
1.145422721888118112e+00 -5.931739563808413607e-02 4.605533228183809058e-01 -6.707516915259539303e-01 5.512771768231585767e-01 1.277359601275783518e+00
1.092728915575849946e+00 -4.096701382531620084e-02 4.142326149374797595e-01 -6.297972929777824191e-01 5.895061389158842147e-01 1.317388365707545361e+00
1.041928386306104848e+00 -7.901518104905935758e-02 3.877120203085562267e-01 -5.669658868028983889e-01 5.652419924206490975e-01 1.290337176264184649e+00
9.911278570363588614e-01 -1.170633482728025143e-01 3.611914256796326939e-01 -5.041344806280143587e-01 5.409778459254139804e-01 1.263285986820823936e+00
9.403273277666137631e-01 -1.551115154965465592e-01 3.346708310507091610e-01 -4.413030744531303284e-01 5.167136994301788633e-01 1.236234797377463224e+00
8.895267984968677766e-01 -1.931596827202897160e-01 3.081502364217856282e-01 -3.784716682782462982e-01 4.924495529349437462e-01 1.209183607934102511e+00
8.387262692271226783e-01 -2.312078499440328727e-01 2.816296417928620954e-01 -3.156402621033622680e-01 4.681854064397086290e-01 1.182132418490741799e+00
7.879257399573775800e-01 -2.692560171677769176e-01 2.551090471639385626e-01 -2.528088559284782377e-01 4.439212599444735119e-01 1.155081229047381086e+00
7.371252106876315935e-01 -3.073041843915200744e-01 2.285884525350150298e-01 -1.899774497535942075e-01 4.196571134492383948e-01 1.128030039604020374e+00
6.863246814178864952e-01 -3.453523516152641193e-01 2.020678579060914970e-01 -1.271460435787101773e-01 3.953929669540032776e-01 1.100978850160659661e+00
6.355241521481405087e-01 -3.834005188390072760e-01 1.755472632771679642e-01 -6.431463740382614702e-02 3.711288204587690487e-01 1.073927660717298949e+00
5.847236228783954104e-01 -4.214486860627513209e-01 1.490266686482444314e-01 -1.483231228941228608e-03 3.468646739635339316e-01 1.046876471273938236e+00
5.339230936086494239e-01 -4.594968532864944777e-01 1.225060740193208986e-01 6.134817494594280163e-02 3.226005274682997026e-01 1.019825281830577524e+00
4.831225643389043256e-01 -4.975450205102385226e-01 9.598547939039825394e-02 1.241795811208277200e-01 2.983363809730645855e-01 9.927740923872168111e-01
4.323220350691583391e-01 -5.355931877339816793e-01 6.946488476147472113e-02 1.870109872957117503e-01 2.740722344778303565e-01 9.657229029438560985e-01
3.815215057994132408e-01 -5.736413549577257243e-01 4.294429013255207650e-02 2.498423934705966687e-01 2.498080879825952394e-01 9.386717135004953860e-01
3.307209765296672543e-01 -6.116895221814688810e-01 1.642369550362854369e-02 3.126737996454806989e-01 2.255439414873610104e-01 9.116205240571346735e-01
2.799204472599221560e-01 -6.497376894052129259e-01 -1.009689912529410094e-02 3.755052058203656173e-01 2.012797949921258933e-01 8.845693346137739610e-01
2.291199179901761696e-01 -6.877858566289560827e-01 -3.661749375421763375e-02 4.383366119952505358e-01 1.770156484968916644e-01 8.575181451704132485e-01
1.783193887204301831e-01 -7.258340238527001276e-01 -6.313808838314116656e-02 5.011680181701345660e-01 1.527515020016565472e-01 8.304669557270534241e-01
1.533572037761947726e-01 -7.445299981010222723e-01 -7.616968465732654181e-02 5.320418929858039547e-01 1.408286712549147168e-01 8.171746376438857595e-01
