5.961105892347182827e-02 -5.213041907336893876e-01 3.960883094905782130e-03
5.959668877312694624e-02 -5.213039878798786386e-01 3.955950262469721049e-03
5.961277365983241872e-02 -5.212988134954791297e-01 3.956654765349025896e-03
5.960896086765249402e-02 -5.212924001588805645e-01 3.953183937680536386e-03
5.960761451518098442e-02 -5.212756230003285918e-01 3.925793367031759490e-03
5.961555022239421048e-02 -5.213099727159286045e-01 3.953124752360394172e-03
5.959875240131714408e-02 -5.212915026866615786e-01 3.938115984787790222e-03
5.960693904687126149e-02 -5.213010813113352349e-01 3.961404374848438714e-03
5.962846014371675496e-02 -5.213244580359546188e-01 3.986797562941181775e-03
5.959701131035661376e-02 -5.212910958709003895e-01 3.955620562557969795e-03
5.961954283978995045e-02 -5.213243414407183751e-01 3.962078660809748021e-03
5.961508009695241223e-02 -5.213164351093094728e-01 3.962057515250687334e-03
5.962377520131550285e-02 -5.212972547672692913e-01 3.940724925681799926e-03
5.958968604732550051e-02 -5.212990407808212323e-01 3.935088251670741319e-03
5.963199226909289552e-02 -5.212792137277417748e-01 3.960723946698231288e-03
5.961237681966424090e-02 -5.213172994661828819e-01 3.969575148729550737e-03
5.959604497454683986e-02 -5.213091353101567682e-01 3.982025659148667220e-03
5.958831374850988294e-02 -5.212916890765012523e-01 3.948123143974600902e-03
5.961026289420732344e-02 -5.213181861514813997e-01 3.965229490618329619e-03
5.961555203588127239e-02 -5.212997238682195444e-01 3.957582112409293099e-03
5.959925953606651228e-02 -5.212945625617698697e-01 3.935936306425311462e-03
5.961869758616596127e-02 -5.213164832680203808e-01 3.976592362588187053e-03
5.961581682272877603e-02 -5.212978145574717059e-01 3.941556670315910990e-03
5.959940353647324995e-02 -5.212980957796271575e-01 3.956878855835232155e-03
5.960339640913888543e-02 -5.213109501562127601e-01 3.963796562646291002e-03
5.961439208579617094e-02 -5.212849492222341174e-01 3.962081268120976052e-03
5.961146499869641319e-02 -5.212901820357294103e-01 3.952481580844989170e-03
5.960215949954333903e-02 -5.213367694440068645e-01 3.984317045256570433e-03
5.962364643092312594e-02 -5.212859006421988184e-01 3.940788965380861812e-03
5.959771089650895554e-02 -5.213082221366197588e-01 3.951096501952171963e-03
5.962594477244712726e-02 -5.213204737084059515e-01 3.961948682367982290e-03
5.960003370129163258e-02 -5.213053366937642208e-01 3.974809729046553317e-03
5.961675754183724807e-02 -5.212991761437090199e-01 3.972832950680276615e-03
5.958607957288210993e-02 -5.213267936148011650e-01 3.961752349677855056e-03
5.961668924358273780e-02 -5.213244249217453552e-01 3.983113559034370810e-03
5.959288226888219409e-02 -5.213373971534697171e-01 3.987027940604496827e-03
5.959231611901209119e-02 -5.213100451131882362e-01 3.962860339383696834e-03
5.961447117258413669e-02 -5.213033700690460348e-01 3.960685934136155828e-03
5.960937337602358055e-02 -5.213236878791244200e-01 3.968524168193281534e-03
5.959396030915132397e-02 -5.213160237762582971e-01 3.963935174676786084e-03
5.960833943911476168e-02 -5.212933446912948465e-01 3.969684949010047863e-03
5.961308374484693140e-02 -5.213008571713680928e-01 3.949289529227753559e-03
5.958197878022053473e-02 -5.213057405469736505e-01 3.965398575802065936e-03
5.958839284257375774e-02 -5.213230248502772612e-01 3.982334870683717533e-03
5.960670163446655373e-02 -5.213186824870067460e-01 3.969670609376448403e-03
5.960236192537202160e-02 -5.213046834811596586e-01 3.946714303682333225e-03
5.961814323850518627e-02 -5.212820553739078155e-01 3.952146430084900117e-03
5.959698431879904140e-02 -5.213309435901439803e-01 3.964272256946356141e-03
5.960958075623076780e-02 -5.213287974774711842e-01 3.983304482796368867e-03
5.960751239969943466e-02 -5.213152037332700051e-01 3.974293631755106831e-03
5.959163225664541874e-02 -5.213035546645187202e-01 3.979138614441898522e-03
5.962240947457445039e-02 -5.213079275122894929e-01 3.939788914654828930e-03
5.961819095985972095e-02 -5.213081058263815404e-01 3.946091584177836842e-03
5.964053720874296083e-02 -5.212947021014071591e-01 3.954234291879432997e-03
5.960340770262428922e-02 -5.213190857001236411e-01 3.992548798241447178e-03
5.960793292381211944e-02 -5.212931157218543277e-01 3.954004372979011070e-03
5.959220251296130227e-02 -5.212912155652806856e-01 3.958243288113496780e-03
5.960205752929539219e-02 -5.212801974248791881e-01 3.948735614343984630e-03
5.963430947722239694e-02 -5.212952598476593424e-01 3.939021469676603181e-03
5.960904526507648099e-02 -5.213067705123786144e-01 3.964116721322584296e-03
5.961393432636351297e-02 -5.213087179402371429e-01 3.946898565798847777e-03
5.960401353807111280e-02 -5.213020209111662862e-01 3.945398605714343400e-03
5.960044992591597562e-02 -5.213152710618134122e-01 3.980564633307471373e-03
5.960241764266755587e-02 -5.213154055243460760e-01 3.961365539916184356e-03
5.960840817102183026e-02 -5.213334984586397436e-01 3.982686525031274571e-03
5.962060945279396701e-02 -5.213079855942366336e-01 3.978209535433614025e-03
5.964222159517523769e-02 -5.213095913387401081e-01 3.960202949148772938e-03
5.960865744874508515e-02 -5.213073794167826236e-01 3.973485941783742696e-03
5.962184087240316593e-02 -5.213024070492607853e-01 3.965520942973636831e-03
5.961494341338521852e-02 -5.213121965164401184e-01 3.972637076243224624e-03
5.961020535788792013e-02 -5.213059241536353028e-01 3.956515258460916590e-03
5.960902830304235650e-02 -5.213223299091823693e-01 3.972137272448307554e-03
5.962403946780694269e-02 -5.212911778273258134e-01 3.938784568247900852e-03
5.962963188924709501e-02 -5.212848457030795357e-01 3.940100458591310958e-03
5.961365951165405186e-02 -5.213059025713294714e-01 3.951361284811299134e-03
5.959437148725126032e-02 -5.213171834439728203e-01 3.957411991093684640e-03
5.961227682253000815e-02 -5.213117019739288427e-01 3.959061661893185056e-03
5.961971490257766265e-02 -5.213014725667006743e-01 3.956394885884956768e-03
5.960339492158309854e-02 -5.212882851413671581e-01 3.948338242216688568e-03
5.961970233489315846e-02 -5.213090839664695775e-01 3.958715559098706371e-03
5.961803077527075279e-02 -5.212890046118692222e-01 3.936034824665958498e-03
5.960786915361906968e-02 -5.213130507008331138e-01 3.986105537459216225e-03
5.959531633664648387e-02 -5.213105605728270975e-01 3.969694925787919590e-03
5.957995408021430489e-02 -5.212870271605378747e-01 3.927410713000792190e-03
5.962147202629544673e-02 -5.212914675050422941e-01 3.962551552286508114e-03
5.959436122870584440e-02 -5.213076549439612517e-01 3.971017620922282637e-03
5.960316102060880805e-02 -5.213066674156108249e-01 3.955438622920949554e-03
5.962208438146093803e-02 -5.212983374109526613e-01 3.950244869127299101e-03
5.962329686303859816e-02 -5.213217664580308552e-01 3.984170830694136294e-03
5.961319877792859573e-02 -5.213187669198794394e-01 3.961386168891209078e-03
5.961420110445807274e-02 -5.213308383898664911e-01 3.973951596900504590e-03
5.961285841071298219e-02 -5.213035187473668008e-01 3.958230372901227340e-03
5.960164669120791153e-02 -5.213475779206080407e-01 4.002289317563815542e-03
5.960918677070731198e-02 -5.213265381929915732e-01 3.977085023470073102e-03
5.960894299795123363e-02 -5.212901515330060631e-01 3.950566543185858245e-03
5.959043811534201623e-02 -5.213251482214541488e-01 3.971396897166806425e-03
5.961223757017103386e-02 -5.212930835801038443e-01 3.930113440098709048e-03
5.962124626009963901e-02 -5.213051684158036547e-01 3.974628880089194245e-03
5.961911298923638913e-02 -5.212847560158675453e-01 3.944065088530193663e-03
5.961499544756553720e-02 -5.213015836313829032e-01 3.947731870934413460e-03
5.960150142764686354e-02 -5.213328059575275120e-01 3.971614084527378200e-03
5.961439068589754336e-02 -5.213205362328817705e-01 3.956492849307981403e-03
5.961052356259628066e-02 -5.213147199176496605e-01 3.968067906578699733e-03
5.959937316289103809e-02 -5.213020642797950854e-01 3.937921472938034698e-03
5.961211822300467589e-02 -5.213014018255464066e-01 3.956810065376577257e-03
5.962304961647015705e-02 -5.213138398466325985e-01 3.961444609248531562e-03
5.959060571613339352e-02 -5.212721078606814551e-01 3.939666954154303832e-03
5.962424931225081270e-02 -5.212917046990698244e-01 3.967613713384537250e-03
5.961297304915372935e-02 -5.213188380933326815e-01 3.980076710086015088e-03
5.962873770067652485e-02 -5.213113242004110415e-01 3.960608386018710930e-03
5.961373120601453496e-02 -5.213060247652101520e-01 3.952670146154656228e-03
5.961542196097533580e-02 -5.213291750375739220e-01 3.975900034575534370e-03
5.961167179059723847e-02 -5.212958869586382660e-01 3.950397229707778429e-03
5.960878046320966517e-02 -5.213149615029663009e-01 3.954985925008867517e-03
5.960572476036959944e-02 -5.212989161611194522e-01 3.948240907913729870e-03
5.961681100874258177e-02 -5.213225850968650210e-01 3.989338623991622521e-03
5.961583233735244514e-02 -5.212732972485036864e-01 3.925333087517774745e-03
5.960248193097938268e-02 -5.213107467731356026e-01 3.970462015110821571e-03
5.962671423672134818e-02 -5.213090968566149730e-01 3.949546722282365821e-03
5.960319651515635919e-02 -5.213079178580281026e-01 3.983989957699171115e-03
5.960477922386899635e-02 -5.213102249256351683e-01 3.953422111974322015e-03
5.960542855061905232e-02 -5.213038531103194595e-01 3.970885664204844290e-03
5.960642124382738855e-02 -5.213014034627743154e-01 3.940726639199332651e-03
5.961339467224459343e-02 -5.213211315985848415e-01 3.966756410332934399e-03
5.964008300692497794e-02 -5.212873179492578668e-01 3.945933719676306822e-03
5.962091348553044678e-02 -5.213258153781036297e-01 3.965345266506153411e-03
5.961110879475725599e-02 -5.212916355286996151e-01 3.952203127873130974e-03
5.959705146425546551e-02 -5.213036139155458049e-01 3.961129039853855324e-03
5.961210752203806307e-02 -5.213311206709890788e-01 3.997986045532382800e-03
5.959898229198189179e-02 -5.213142428369400561e-01 3.973012380825525353e-03
5.958163731367790289e-02 -5.213048851042377807e-01 3.981445577010699760e-03
5.959804899189006383e-02 -5.213101918306991545e-01 3.953683874974516822e-03
5.962253540080300618e-02 -5.213185241119093760e-01 3.967884667596907958e-03
5.960431533205229337e-02 -5.213191146720765889e-01 3.967755640965173192e-03
5.957709967298020076e-02 -5.213181441405851935e-01 3.978711284293106644e-03
5.962691729095286747e-02 -5.212929522452389719e-01 3.926663849342528108e-03
5.961963293620621551e-02 -5.213238302183355044e-01 3.975929036217752330e-03
5.959827477133668866e-02 -5.212976617755260555e-01 3.941198052242342320e-03
5.961820458673712519e-02 -5.212974935719041358e-01 3.961455534554981020e-03
5.961040452195845440e-02 -5.212944478354053501e-01 3.966479370444709815e-03
5.961557774480417959e-02 -5.213055816372549334e-01 3.965230907911878634e-03
5.959029884236782121e-02 -5.213108005311323234e-01 3.954093542975998903e-03
5.958699562290111634e-02 -5.213231080646932858e-01 3.986644242515402850e-03
5.961701234026989260e-02 -5.212836966011017426e-01 3.951363847619524319e-03
5.957288802405837774e-02 -5.213226486083244460e-01 3.962598471020100863e-03
5.960013178421639385e-02 -5.212885137180724993e-01 3.956405462715051682e-03
5.962286650947021260e-02 -5.213114339729755242e-01 3.981625485900083111e-03
5.962363900208567102e-02 -5.212754757020068297e-01 3.926962187814972763e-03
5.961356708147617228e-02 -5.213086141400699036e-01 3.962228961498011348e-03
5.958330766918931015e-02 -5.213125038373437325e-01 3.960399211895693564e-03
5.958802971351187527e-02 -5.213213119020821962e-01 3.985442535617871734e-03
5.962450263509363330e-02 -5.213089751129188487e-01 3.979332776813548737e-03
5.960190003092516453e-02 -5.213088665424233659e-01 3.949092829471092039e-03
5.961592101750501360e-02 -5.213239731165519864e-01 3.969318772815166353e-03
5.961353747477405457e-02 -5.213061536279257613e-01 3.980157257729745324e-03
5.960896779298500980e-02 -5.213237696207819738e-01 3.975645955410427729e-03
5.961612784722285924e-02 -5.213076803693000860e-01 3.955033562026755156e-03
5.959978388263459381e-02 -5.213024359269957664e-01 3.964890221302327586e-03
5.958475446750467058e-02 -5.213152223040211641e-01 3.969519128106148431e-03
5.959798935060804659e-02 -5.212972625668641502e-01 3.941781680408409407e-03
5.959563410239589187e-02 -5.213121849616096926e-01 3.961864316012711495e-03
5.958524059686786528e-02 -5.213033428170512629e-01 3.960104319941337193e-03
5.959050438842938141e-02 -5.213283237765203859e-01 3.983106575234430548e-03
5.960287101880108046e-02 -5.213168234488129160e-01 3.968063546759046864e-03
5.960072189070255572e-02 -5.213107655139999075e-01 3.959014715280140956e-03
5.961523440612236796e-02 -5.212979638008732319e-01 3.941689866341354515e-03
5.961085339079676831e-02 -5.213018486864098300e-01 3.948871431126786680e-03
5.960324658112113594e-02 -5.213085141542173062e-01 3.961693231246210187e-03
5.960725099970953789e-02 -5.213014594642851884e-01 3.966631554958842745e-03
5.962629666807208600e-02 -5.212752170029448795e-01 3.915034995824235101e-03
5.961140449356228110e-02 -5.213174099894732905e-01 3.970135272207134074e-03
5.962586294862231434e-02 -5.212898462642224784e-01 3.945370389665431993e-03
5.960469819543201542e-02 -5.213253844228484812e-01 3.986758048633149559e-03
5.962348833362527550e-02 -5.213028735882783149e-01 3.970941925155532445e-03
5.963158163358451419e-02 -5.212884742870900201e-01 3.940320925791724292e-03
5.959919915509125782e-02 -5.213151002206801721e-01 3.983101207362288107e-03
5.961475374144538375e-02 -5.212894872083908560e-01 3.946181909798420623e-03
5.962033973078738336e-02 -5.212827153272183711e-01 3.943245695311159080e-03
5.963159834935757159e-02 -5.212779488067598166e-01 3.959517098442912747e-03
5.960174042064975142e-02 -5.212825370511724454e-01 3.953892170176326673e-03
5.961975659812281114e-02 -5.212753906463314379e-01 3.935839330707260192e-03
5.960442352199377125e-02 -5.213134362668162547e-01 3.963233825492878948e-03
5.960320478496335811e-02 -5.213081959720664571e-01 3.971930230434036688e-03
5.960461121792139105e-02 -5.213171126572941905e-01 3.973514502610891314e-03
5.959380702022781112e-02 -5.212989017028594185e-01 3.961362267800640560e-03
5.958547409783179760e-02 -5.213087192532483982e-01 3.956630150830694331e-03
5.959348897457305422e-02 -5.212976519354908245e-01 3.955442954371953847e-03
5.961091154764601441e-02 -5.212897047446741761e-01 3.945581673189779183e-03
5.960441249978279399e-02 -5.212972430392052159e-01 3.943274005301497173e-03
5.959283863992264479e-02 -5.213011296177881837e-01 3.958898039050555949e-03
5.961511653716410064e-02 -5.213225651306651054e-01 3.964891324174751180e-03
5.961099720843018868e-02 -5.213071819240923110e-01 3.947370017501359261e-03
5.959998346955524412e-02 -5.213020344669605510e-01 3.971734099373081146e-03
5.962246961597468531e-02 -5.213077840971310772e-01 3.973738167755968068e-03
5.960317948085046974e-02 -5.213299539071902799e-01 3.977436558809995665e-03
5.961613927899570703e-02 -5.213069418708673464e-01 3.963335160530013015e-03
5.960560056492417852e-02 -5.212765831765644453e-01 3.926148802658215031e-03
5.960210173249202992e-02 -5.213052729771792126e-01 3.945473667474874539e-03
5.959390685514649039e-02 -5.213241130897835474e-01 3.986326482700794371e-03
5.959236664091037416e-02 -5.212992289781169797e-01 3.959377321463628321e-03
5.962586230182390784e-02 -5.213060124896348180e-01 3.965621537197397579e-03
5.961651062894385983e-02 -5.213117674579648142e-01 3.987946037374427363e-03
5.959930922560723737e-02 -5.213035525003801851e-01 3.965811150150179258e-03
5.962079130995808635e-02 -5.213090847730642574e-01 3.957837546282028801e-03
5.961700569637394531e-02 -5.213023098122786525e-01 3.965875277231543927e-03
5.962795890376773600e-02 -5.212880296730335594e-01 3.931098688432456065e-03
5.961324467520669190e-02 -5.213151344433413215e-01 3.967336685869789908e-03
5.962029561687401391e-02 -5.212971883559768260e-01 3.949219343237119623e-03
5.961144220558824841e-02 -5.213043173921867446e-01 3.971715020556733193e-03
5.961987335274319955e-02 -5.213179452299784300e-01 3.957249217337374149e-03
5.961295081498730469e-02 -5.213101781867370832e-01 3.968285409163397823e-03
5.961472497590900727e-02 -5.213252480681225265e-01 3.958353698438941623e-03
5.961539638585850592e-02 -5.213384714122165642e-01 3.998043092088131127e-03
5.960896882069358776e-02 -5.212887395803922352e-01 3.931238358064875586e-03
5.961630002457859318e-02 -5.213042578692811402e-01 3.972594866714406273e-03
5.961260314048512365e-02 -5.212866815347451110e-01 3.953350985846543729e-03
5.960876137342184522e-02 -5.213022806405280818e-01 3.945077627481599625e-03
5.960617972604104892e-02 -5.213135783825174618e-01 3.978707981547612016e-03
5.961089800057464000e-02 -5.213257524559672396e-01 3.982855886940947325e-03
5.958712234082935710e-02 -5.213244341200650167e-01 3.965334200418463989e-03
5.958454171182589465e-02 -5.213082111864072443e-01 3.974282509668728217e-03
5.960913075819948559e-02 -5.213103417512816584e-01 3.973538899660003162e-03
5.959562621949578837e-02 -5.213105296478192097e-01 3.955964875118960986e-03
5.962533108737508997e-02 -5.213074248298624758e-01 3.965031001592889820e-03
5.960666631712462776e-02 -5.212918134759420008e-01 3.934436472473018531e-03
5.960536475934929967e-02 -5.212745367791421502e-01 3.924031836148693386e-03
5.959303931544393529e-02 -5.213157351991591915e-01 3.984435096135953078e-03
5.962022414931832104e-02 -5.213208987100730329e-01 3.977917154250916812e-03
5.960337712827563222e-02 -5.213079396420328138e-01 3.964417914265282866e-03
5.961354325346931993e-02 -5.212939266270951721e-01 3.962429083064130178e-03
5.960360176053942916e-02 -5.213149450575637056e-01 3.973873098645954414e-03
5.960771466319746831e-02 -5.213035729447660360e-01 3.934423059888680213e-03
5.960517600806757021e-02 -5.212991247293309316e-01 3.959386927537219408e-03
5.961679815454135056e-02 -5.212985704566719392e-01 3.942589768871750805e-03
5.962058077713366933e-02 -5.213024611784768947e-01 3.968865154788225880e-03
5.961133520899580818e-02 -5.213134264390041350e-01 3.972881572196261014e-03
5.961133953618966835e-02 -5.213088864611998829e-01 3.960663745284044232e-03
5.960182887344630392e-02 -5.212755194143104953e-01 3.954409700319683196e-03
5.959188644032729909e-02 -5.212917499237630370e-01 3.943961550909459712e-03
5.960674814136456695e-02 -5.212813287001475393e-01 3.929219632071933276e-03
5.960527525953597527e-02 -5.212870143133989664e-01 3.940047232090019419e-03
5.960714018938685632e-02 -5.212971609675716156e-01 3.958417128752155303e-03
5.960801526750805074e-02 -5.212857691485049960e-01 3.952514126274732711e-03
5.961960356597619665e-02 -5.213196984070602724e-01 3.993879640117294766e-03
5.962992258216913422e-02 -5.212909639120852923e-01 3.952668587889095371e-03
5.960752400134190776e-02 -5.212806075177957021e-01 3.953707219317570062e-03
5.962827540502108059e-02 -5.212928217536600961e-01 3.965105946745151044e-03
5.960292876321362371e-02 -5.213106530420053009e-01 3.956353742866075204e-03
5.962007014489930506e-02 -5.213084085404836587e-01 3.964910998191182798e-03
5.960284001989347991e-02 -5.212764949625615651e-01 3.929905020090943696e-03
5.961342878127801059e-02 -5.212845808851790386e-01 3.956619383759274119e-03
5.959715517625700093e-02 -5.213015861348796465e-01 3.956373535257158916e-03
5.963704508669954302e-02 -5.213073857981018744e-01 3.976765970612484644e-03
5.962434785005164828e-02 -5.212934842604193264e-01 3.961206640440117707e-03
5.961377483236890429e-02 -5.213021392821778344e-01 3.954252554002328501e-03
5.961709319281470465e-02 -5.212997933939015338e-01 3.965068813441342474e-03
5.961930787330900483e-02 -5.213095757246423156e-01 3.974039624909592346e-03
5.962148002267726038e-02 -5.213022939760590946e-01 3.952322948565852034e-03
5.962255394062451752e-02 -5.212905835347831918e-01 3.974207989675132210e-03
5.962057412154699726e-02 -5.212998607587795430e-01 3.957808386797710340e-03
5.962838925164864329e-02 -5.213068135389380409e-01 3.980254989747621444e-03
5.961008549683003560e-02 -5.212971711532397023e-01 3.943187142301941839e-03
5.961452021081756203e-02 -5.213279571993091333e-01 3.956328705805214896e-03
5.961446277230660062e-02 -5.213274025750582741e-01 3.963615820082306077e-03
5.960570562703326053e-02 -5.213061874739632895e-01 3.962484201542850609e-03
5.961575053573647115e-02 -5.213041056831509978e-01 3.968903500754029576e-03
5.960018065661373127e-02 -5.213005428187280632e-01 3.941131635965515988e-03
5.962601748663961393e-02 -5.212993295735673938e-01 3.963941875429630168e-03
5.962719437189180349e-02 -5.213038731341684828e-01 3.943246900282891716e-03
5.964743941579576242e-02 -5.212882173144240960e-01 3.949046476727233537e-03
5.963150504462959994e-02 -5.213028717452747873e-01 3.955440706489926628e-03
5.959749404715717486e-02 -5.213258638241680121e-01 3.960995393852495897e-03
5.961021311643815296e-02 -5.212906108879050704e-01 3.943568063069809518e-03
5.960432417907928632e-02 -5.213113561040192412e-01 3.952055687891080360e-03
5.962520339328377522e-02 -5.212812451407271563e-01 3.921653876155018967e-03
5.960767363681399034e-02 -5.213096320131022088e-01 3.960404180806518029e-03
5.961575014356985253e-02 -5.213057526416867704e-01 3.958444615663882921e-03
5.960730948740208118e-02 -5.212979131547930134e-01 3.945868715045595596e-03
5.961301087467769932e-02 -5.213123544127168385e-01 3.965177808421906959e-03
5.959426749418405417e-02 -5.213116420935843820e-01 3.944343541885707641e-03
5.960654805586314969e-02 -5.213151321272444516e-01 3.956786143997792320e-03
5.959646897555936212e-02 -5.213159217228292563e-01 3.958962657767189572e-03
5.962160429028275088e-02 -5.213070466055761409e-01 3.953945334580554610e-03
5.960863186082694665e-02 -5.213100018928739088e-01 3.947721682977437148e-03
5.959663067158213479e-02 -5.213023727457146705e-01 3.968177775462983572e-03
5.963083168980815724e-02 -5.212896138087779185e-01 3.935336631238221632e-03
5.961908779879351861e-02 -5.212810076521594560e-01 3.943086381521554093e-03
5.961680114987162604e-02 -5.213260629763349918e-01 3.976237887092745268e-03
5.962489006180831524e-02 -5.213082328817102429e-01 3.961999319118307203e-03
5.957473508362819137e-02 -5.213049332338310915e-01 3.960431997222599136e-03
5.960407447951010518e-02 -5.213090322837109492e-01 3.974376309798362261e-03
5.961081217759368195e-02 -5.213112168132237878e-01 3.962465715338968700e-03
5.961974254553206037e-02 -5.213207910451409521e-01 3.962599036765478491e-03
5.960882424526302292e-02 -5.213074531813937096e-01 3.958952445445471265e-03
5.962264769349801680e-02 -5.212950133968996536e-01 3.959419572167653147e-03
5.961860533892701652e-02 -5.213183065193833787e-01 3.964354243631906978e-03
5.959858490401866160e-02 -5.213267883392987967e-01 3.976161545758737439e-03
5.960465685735041180e-02 -5.212900372521440673e-01 3.943045235090786305e-03
5.962484384690653477e-02 -5.212999388108878751e-01 3.957819407621429239e-03
5.960136671286531823e-02 -5.213016423023248969e-01 3.957372566860419515e-03
5.959612763997554352e-02 -5.213133839387267265e-01 3.962012591334416328e-03
5.959788207041891162e-02 -5.213192926276252193e-01 3.975411102252038309e-03
5.960649156239435781e-02 -5.213191114764066381e-01 3.972167605880374056e-03
5.961304240980541680e-02 -5.212995177999114604e-01 3.946117217085553380e-03
5.959906371196696528e-02 -5.213212406707046220e-01 3.958402055436536192e-03
5.959775113309623285e-02 -5.213522092907815209e-01 3.996226777609123218e-03
5.959140428746600299e-02 -5.213264158057121511e-01 3.979199582437054419e-03
5.961095066134274728e-02 -5.212950112232708211e-01 3.978189114425276576e-03
5.959499690846344760e-02 -5.212867830821128479e-01 3.947566410630804976e-03
5.959461529217818798e-02 -5.213141251153352584e-01 3.973893451488312058e-03
5.959760042719195600e-02 -5.213321345362613712e-01 3.972900922321812370e-03
5.960612337380019610e-02 -5.213371947245041271e-01 3.987562537893280315e-03
5.961109079760983781e-02 -5.212982363117296680e-01 3.967171265981190437e-03
5.962278597808708114e-02 -5.213160079671338432e-01 3.966054832298110747e-03
5.959300732520764893e-02 -5.213346450229903173e-01 3.986390915279519956e-03
5.961575173506995090e-02 -5.213104077223299493e-01 3.967639954801342392e-03
5.960198999705736134e-02 -5.213134784824818846e-01 3.963860982277819453e-03
5.961043965241240999e-02 -5.213006999618190473e-01 3.953613942397410028e-03
5.962941666127839074e-02 -5.213180136074853088e-01 3.987617753549492494e-03
5.960639447091408555e-02 -5.213096270546805355e-01 3.954859558787250651e-03
5.960910697474051251e-02 -5.212954778218505947e-01 3.960103087614161993e-03
5.959162062781860059e-02 -5.213144516512930871e-01 3.961462616793105102e-03
5.962852267828222530e-02 -5.213159937921956200e-01 3.967295116428443298e-03
5.960905167618766459e-02 -5.213241226186060562e-01 3.959327216269948463e-03
5.961332571032642441e-02 -5.213090329042538995e-01 3.966238047807911678e-03
5.959871768747977694e-02 -5.212965751537471659e-01 3.943965453929157081e-03
5.959676301912772423e-02 -5.213036898831632238e-01 3.957811124283453635e-03
5.959344021320158585e-02 -5.212933725860823264e-01 3.954508045483686937e-03
5.961895097524294584e-02 -5.213175850683796630e-01 3.979611899911110126e-03
5.960666183715278982e-02 -5.213025387951366607e-01 3.970207315397209120e-03
5.962227543174331706e-02 -5.213027309015260125e-01 3.971235377602345268e-03
5.960391414591607873e-02 -5.213069193372906751e-01 3.969296891935626681e-03
5.960038984099348680e-02 -5.213396823708614791e-01 3.973824558324522832e-03
5.961128629898573145e-02 -5.213002098256334094e-01 3.960355718862700741e-03
5.960685415898803879e-02 -5.213110034850657604e-01 3.944806206018988681e-03
5.960775478260250254e-02 -5.213170161630442667e-01 3.962028115284130583e-03
5.957753214151440685e-02 -5.213287590688747697e-01 3.980319999098562087e-03
5.959079287277004033e-02 -5.213068841253738483e-01 3.952907350980800275e-03
5.959926968856919804e-02 -5.212852100672042965e-01 3.952819663795374347e-03
5.961697821209561293e-02 -5.213011361145128975e-01 3.961053108863613406e-03
5.963041837590567912e-02 -5.212939607861544200e-01 3.938576520555790370e-03
5.960321882559438400e-02 -5.213243711613563258e-01 4.001722745372443546e-03
5.961269830649409962e-02 -5.213155780529812322e-01 3.957551671079557500e-03
5.957077931197490156e-02 -5.213041658123184208e-01 3.979260190301802183e-03
5.961081807140154037e-02 -5.213220922588968076e-01 3.981450818811372097e-03
5.960529103342250556e-02 -5.212966134629484216e-01 3.974405671369454253e-03
5.962209144037171338e-02 -5.212857859343433820e-01 3.965697685536881401e-03
5.960803472408080644e-02 -5.213230792003523684e-01 3.974261702206050018e-03
5.960521847700100961e-02 -5.212917598274899866e-01 3.955290016760868062e-03
5.961375909555158281e-02 -5.213115417323395118e-01 3.966281496654690784e-03
5.959378979598131676e-02 -5.213217449264673231e-01 3.976113820104336741e-03
5.963169957171461644e-02 -5.212727672394039669e-01 3.944766216803516704e-03
5.962548339476868992e-02 -5.212902264105474526e-01 3.959901663126365497e-03
5.960210794088285913e-02 -5.212997061411520638e-01 3.975509506600201359e-03
5.958362619016294159e-02 -5.212987247535321167e-01 3.947777432550536592e-03
5.959802920901609985e-02 -5.213042429862603244e-01 3.957721166471646346e-03
5.960092218742274461e-02 -5.213316494921287347e-01 3.995017856079116463e-03
5.961420704899427631e-02 -5.213022634070094696e-01 3.956663491624485066e-03
5.960098887273124896e-02 -5.213007348965711385e-01 3.956733535278164279e-03
5.960405639500983288e-02 -5.213178574464808479e-01 3.969190423440321046e-03
5.961497922247362136e-02 -5.213082544275819963e-01 3.954575153869344453e-03
5.962161404896508532e-02 -5.212911165963224347e-01 3.950905164000671765e-03
5.959052635557317290e-02 -5.213155081688498615e-01 3.963034971803188963e-03
5.964401969842610118e-02 -5.212884529755974494e-01 3.981100758953387553e-03
5.959415142984906405e-02 -5.212914866212742249e-01 3.963940299823314611e-03
5.960578729959977590e-02 -5.213106009973990096e-01 3.957170686514167868e-03
5.961568883233669264e-02 -5.213016496138174194e-01 3.938924010634971100e-03
5.961988681512533916e-02 -5.212825275463496277e-01 3.940389470303099287e-03
5.961378498088348160e-02 -5.213251401755687464e-01 3.953649424288519301e-03
5.960262911011293685e-02 -5.213443711669659697e-01 3.993714254177004735e-03
5.962709917457854197e-02 -5.213084570322480404e-01 3.973572493684295569e-03
5.962198669517126959e-02 -5.212956053458579486e-01 3.940156407860377630e-03
5.961294313101820480e-02 -5.212916803722617010e-01 3.941070372487726937e-03
5.961851437245702101e-02 -5.213012779264422081e-01 3.940765790280608902e-03
5.961367293946387425e-02 -5.212773564227922707e-01 3.926500109053547745e-03
5.960497035092829354e-02 -5.213009000873948251e-01 3.958334764770941872e-03
5.961735831857983836e-02 -5.213096193911463949e-01 3.969626604290876423e-03
5.962428262501111298e-02 -5.213278813462393080e-01 3.977536389317258385e-03
5.958416139859132321e-02 -5.213290838146471540e-01 3.967455103340056938e-03
5.961760091396477862e-02 -5.213169675243848333e-01 3.999664123948494694e-03
5.961877440696607827e-02 -5.212975206464061095e-01 3.949365183861091970e-03
5.961971321179521111e-02 -5.212803731822626130e-01 3.951330271333489824e-03
5.961313309826356960e-02 -5.213133772675132560e-01 3.957899837302291703e-03
5.960499184989584420e-02 -5.213230924823859525e-01 3.966379770269310920e-03
5.960744959140985844e-02 -5.213276697513740121e-01 3.976070899068059536e-03
5.961830895094009236e-02 -5.212883666776402247e-01 3.944411878691898854e-03
5.961125055048297622e-02 -5.213059524260568178e-01 3.959536988846762764e-03
5.961080514518951601e-02 -5.213006394609346339e-01 3.974067779133923575e-03
5.962285764635482516e-02 -5.213127965199173541e-01 3.962616237267972165e-03
5.960801950971542085e-02 -5.213137119299330324e-01 3.967764199936409802e-03
5.960336442477656010e-02 -5.212888991765540769e-01 3.940501286556952545e-03
5.961064308696763930e-02 -5.212946932611363104e-01 3.952794409804361378e-03
5.960605335159538387e-02 -5.212943130476173081e-01 3.947261820603831933e-03
5.962611012495266233e-02 -5.213177991848296777e-01 3.961045836057903308e-03
5.958917496753851628e-02 -5.213043009674771522e-01 3.947106281474667931e-03
5.959057177641475384e-02 -5.213219691805918155e-01 3.972633518761045993e-03
5.959229434341074133e-02 -5.213074966424068313e-01 3.949971427247017317e-03
5.961879844391628630e-02 -5.213045428041795937e-01 3.961637579203887601e-03
5.961579503445326583e-02 -5.212951687413681645e-01 3.951377580512125190e-03
5.959163253971735963e-02 -5.213019052646818974e-01 3.959683767707023253e-03
5.960088357159985112e-02 -5.213137984029598826e-01 3.965079379109509236e-03
5.960905229446839676e-02 -5.213059284170697971e-01 3.966832726138144402e-03
5.960380448783119539e-02 -5.212889812087824204e-01 3.951191439725078129e-03
5.961544029729047567e-02 -5.212943498486377614e-01 3.962996049232562351e-03
5.960515219800321257e-02 -5.213032318369734686e-01 3.955721531725150605e-03
5.959354103360953864e-02 -5.212884741155878743e-01 3.946616806546900461e-03
5.959180543123888257e-02 -5.213244044366110996e-01 3.965971371721635670e-03
5.961035138949242335e-02 -5.212891920529811873e-01 3.952248089689820026e-03
5.960243750433072418e-02 -5.213139929114253279e-01 3.956097252027926739e-03
5.961280797224016020e-02 -5.213008923342844492e-01 3.946691459385882200e-03
5.960693276399665896e-02 -5.213245731224485091e-01 3.978025281788291970e-03
5.961107571508820341e-02 -5.213028759077041885e-01 3.957725907175880034e-03
5.961495236475821552e-02 -5.213043541996932317e-01 3.986415583023575696e-03
5.961541669093044921e-02 -5.213072840665663454e-01 3.942412319669673718e-03
5.958508162331541125e-02 -5.213090299980649434e-01 3.958214525545971155e-03
5.960552206865370878e-02 -5.213030530657941641e-01 3.965366751481782734e-03
5.961167592138209154e-02 -5.212924688008120366e-01 3.948654626668848117e-03
5.960268763656735580e-02 -5.212998928922377706e-01 3.969406211253658640e-03
5.961239137447021941e-02 -5.212996515612311477e-01 3.952698388824548228e-03
5.962487544430336572e-02 -5.212863421879929682e-01 3.937344008846612418e-03
5.960622026685300640e-02 -5.213072218097659638e-01 3.960030844573380650e-03
5.959342718788521176e-02 -5.212921436233398653e-01 3.951653557113857934e-03
5.962458421230305144e-02 -5.212828137788163563e-01 3.942167013399581685e-03
5.961126044890152631e-02 -5.212977128712198427e-01 3.956254343259090617e-03
5.962805192858286474e-02 -5.212983203298451329e-01 3.964201780359796409e-03
5.960175184170447144e-02 -5.213194455050492726e-01 3.981175124053372601e-03
5.961467083870008316e-02 -5.213022926869119722e-01 3.952022219528320349e-03
5.963788740812421552e-02 -5.213034449477774723e-01 3.965074765019425268e-03
5.959901162979880374e-02 -5.212879451080384419e-01 3.948206883564351136e-03
5.959676973885224410e-02 -5.213056226732502019e-01 3.976826717696410260e-03
5.961314755543115074e-02 -5.213151513568334838e-01 3.977318566909531991e-03
5.960939421878863609e-02 -5.212988884761731168e-01 3.957301597971881954e-03
5.959269623806051630e-02 -5.213219583735334561e-01 3.948773621948768568e-03
5.959263280386000589e-02 -5.213135612880445136e-01 3.954692813282298380e-03
5.958442894040955062e-02 -5.213217500689468764e-01 3.973827098603387696e-03
5.961331668217952767e-02 -5.212860155267970974e-01 3.952911833406734174e-03
5.962590772186816129e-02 -5.213005736239736398e-01 3.956534475463973147e-03
5.962641125417107724e-02 -5.213069007678775568e-01 3.964831341300233992e-03
5.958684921969715359e-02 -5.213155498940466037e-01 3.946352103662018398e-03
5.963417246666857102e-02 -5.213070289900288978e-01 3.988381907333695200e-03
5.958632025536659410e-02 -5.213146755143431843e-01 3.965244002826463603e-03
5.962101779579175032e-02 -5.212981127795017766e-01 3.951266919291089585e-03
5.960891168119708539e-02 -5.213040222613735120e-01 3.966223533132230694e-03
5.962265652776045644e-02 -5.213299245432501117e-01 4.005738680607136629e-03
5.963898422624883122e-02 -5.212930729903143545e-01 3.936319392245434673e-03
5.960815206523390614e-02 -5.213045078984361869e-01 3.968731568970557816e-03
5.962418069950152499e-02 -5.212964657541969693e-01 3.959591914513444291e-03
5.959101119242403433e-02 -5.212957466939645013e-01 3.951450597735875134e-03
5.961485129930577109e-02 -5.213000634071757178e-01 3.954504099665009931e-03
5.961398866724238604e-02 -5.213249234514305552e-01 3.960225446294487854e-03
5.961522231506274222e-02 -5.213142071019920554e-01 3.967929416696812719e-03
5.963442640854600685e-02 -5.213074047186956328e-01 3.974448778211518880e-03
5.961137122772655617e-02 -5.212981246286583215e-01 3.934303697207069093e-03
5.960595450632605319e-02 -5.212839231611771096e-01 3.952666952100150968e-03
5.958062693331009352e-02 -5.213161852809309327e-01 3.958115190090106747e-03
5.961720919025124271e-02 -5.213067902889815253e-01 3.953379828608358931e-03
5.961727574613416569e-02 -5.213221560044136726e-01 3.978054943196418503e-03
5.961275323140815402e-02 -5.213133466914195990e-01 3.981958477742025479e-03
5.960425337314849414e-02 -5.212939871265498404e-01 3.945498067902117496e-03
5.959480267359511252e-02 -5.213126152363263266e-01 3.960406519705242899e-03
5.959757472682902096e-02 -5.213047867260862667e-01 3.965810498342342387e-03
5.959393525006535797e-02 -5.212958868429253823e-01 3.948869220091493458e-03
5.960823288041345452e-02 -5.213337425875048670e-01 3.986893908363219746e-03
5.960324997101687505e-02 -5.213229545252520136e-01 4.006270840547415668e-03
5.959376975360926310e-02 -5.213115199169909841e-01 3.964322620279151117e-03
5.959911454054336172e-02 -5.213090390312886679e-01 3.976762119000114455e-03
5.961544250908978188e-02 -5.213084727668797491e-01 3.967210809364225474e-03
5.962264394698690850e-02 -5.212918721902646269e-01 3.951428987090549808e-03
5.960345962236649614e-02 -5.213293834761776324e-01 3.962022317762919216e-03
5.957231333194522999e-02 -5.213306106711843579e-01 3.978518925892815875e-03
5.960980643787164301e-02 -5.213278852568237198e-01 3.994262724784024624e-03
5.962412830045020484e-02 -5.213022984507341695e-01 3.956874087587359222e-03
5.960259107663987144e-02 -5.213235238748308298e-01 3.972654187629498686e-03
5.959088428712292634e-02 -5.213145449778565643e-01 3.957730583346363851e-03
5.962192628120740329e-02 -5.212924090685304712e-01 3.942228553299316832e-03
5.960615398030227191e-02 -5.212987331388445611e-01 3.957714286309170146e-03
5.960869452596481016e-02 -5.213188252825883273e-01 3.962547614290432181e-03
5.961032336869901554e-02 -5.212986415808092966e-01 3.950596277977268603e-03
5.957499610469340484e-02 -5.213393594391267927e-01 3.998663920461948372e-03
5.960550599742279326e-02 -5.213343602968752988e-01 3.970531532386007909e-03
5.961214097894883962e-02 -5.213076895697930091e-01 3.957585193324327476e-03
5.959919805214895783e-02 -5.213137526486609774e-01 3.966542846132639633e-03
5.961052716947903840e-02 -5.212939977893623622e-01 3.962037385024033340e-03
5.962762950407276413e-02 -5.212774338585154377e-01 3.929955305930189768e-03
5.962204367079253220e-02 -5.212867860283763033e-01 3.938712374981823833e-03
5.962309770357249877e-02 -5.213315827379445544e-01 3.982341833927495987e-03
5.960284419045690923e-02 -5.212962992451374289e-01 3.946430768567711980e-03
5.958560263277001834e-02 -5.213135914225912604e-01 3.971891792166544130e-03
5.959834782102117756e-02 -5.213159847017232451e-01 3.964864535658238487e-03
5.961960796749068980e-02 -5.213145182345684248e-01 3.976741526819570390e-03
5.961716572030694578e-02 -5.213015681368979859e-01 3.957898546553865159e-03
5.960838677877803443e-02 -5.212993784612731663e-01 3.956133522640275374e-03
5.959418662811902245e-02 -5.213140097525442718e-01 3.983911697583259089e-03
5.961645249629235477e-02 -5.213004448698158599e-01 3.940589710744158390e-03
5.958825432163061125e-02 -5.213234679261122828e-01 3.987789896588209322e-03
5.959233082060507586e-02 -5.213186622793838376e-01 3.961900058102676286e-03
5.960126993141393742e-02 -5.212896566844904545e-01 3.926125793507832286e-03
5.960643631694267919e-02 -5.212929778807919856e-01 3.974264861898814394e-03
5.962351905929130086e-02 -5.212751749003891044e-01 3.931626659096863589e-03
5.958984930774213762e-02 -5.213354039286577368e-01 3.960436018492012947e-03
5.958470669892085986e-02 -5.213306650139588605e-01 3.962666765513565836e-03
5.959614355520224949e-02 -5.213088400064995742e-01 3.954940297004039089e-03
5.961904748164366385e-02 -5.212906184309941127e-01 3.942187467511060889e-03
5.960176905751207038e-02 -5.213253378210159772e-01 3.967999197605815223e-03
5.959786552811732058e-02 -5.213257021477164521e-01 3.996670888281879386e-03
5.962225299789810501e-02 -5.213134963069298022e-01 3.971843085771563538e-03
5.958678246006535173e-02 -5.213091623816614728e-01 3.972275934557391482e-03
5.961338061286458601e-02 -5.213003574333326950e-01 3.952285732429682702e-03
5.961072065672005926e-02 -5.212934610925366030e-01 3.955453421880052861e-03
5.961648640599458149e-02 -5.212968605922366772e-01 3.949163316694091416e-03
5.960607289408370590e-02 -5.212992533049634059e-01 3.953188777654647115e-03
5.961253976825509754e-02 -5.213008043246685208e-01 3.950096609827087428e-03
5.960886633460057982e-02 -5.213165104881567480e-01 3.951397416887207636e-03
5.960314649819980354e-02 -5.213173054887721980e-01 3.964013414905842927e-03
5.959958736633129417e-02 -5.212941289673813650e-01 3.957905934999178185e-03
5.962553835749883485e-02 -5.213066914752855219e-01 3.968083581904292834e-03
5.959763523734908780e-02 -5.213122872481283920e-01 3.985809625277086064e-03
5.959991044626574558e-02 -5.213187881322127737e-01 3.973413351604441167e-03
5.959471188112529239e-02 -5.213059005959934655e-01 3.958641994410965620e-03
5.961041445446928211e-02 -5.212985716899571909e-01 3.956085214510114342e-03
5.961657657803717814e-02 -5.212936561511993805e-01 3.963484993727063935e-03
5.958900339059796519e-02 -5.213079847002844991e-01 3.954691014416226655e-03
5.961588448474890167e-02 -5.212852966624116346e-01 3.947759884248229663e-03
5.961474618154067456e-02 -5.213076187814982276e-01 3.967269282025044641e-03
5.960170729884481378e-02 -5.213285935180277386e-01 3.979807191304602504e-03
5.960433606904273762e-02 -5.213078783248927817e-01 3.968926542313955252e-03
5.960478792089711486e-02 -5.213173669347930250e-01 3.988105082569218425e-03
5.959255290987715975e-02 -5.213207649830345902e-01 3.957078309623151061e-03
5.960020770798508949e-02 -5.213004475516305192e-01 3.963119967588886808e-03
5.961688769825653628e-02 -5.213079718523193629e-01 3.966446865583111471e-03
5.959393083736549274e-02 -5.212977826725651020e-01 3.961635277701075486e-03
5.959707086255582043e-02 -5.213077282574255511e-01 3.967012676559609347e-03
5.959545160243310408e-02 -5.213189147810646240e-01 3.970667915105202325e-03
5.960884902357829057e-02 -5.212806721068085070e-01 3.941952499727342275e-03
5.959869450602747060e-02 -5.213187274660343595e-01 3.987257669524068258e-03
5.959282029090025995e-02 -5.213051426221593232e-01 3.933883824970870260e-03
5.959525891361860256e-02 -5.213135351214138735e-01 3.964644071776782241e-03
5.961954418872023043e-02 -5.212748631674644084e-01 3.938624338748256820e-03
5.959736690944454629e-02 -5.213179343168016233e-01 3.965296071570765038e-03
5.960062100447762606e-02 -5.213143588836859355e-01 3.998120495048767577e-03
5.958973831954642031e-02 -5.213316060410552177e-01 3.973286578467925823e-03
5.962380870071235656e-02 -5.213134862333699271e-01 3.962437175097295247e-03
5.962105667364421546e-02 -5.213083691716284829e-01 3.963605380893442040e-03
5.959303743440322321e-02 -5.213167401995081329e-01 3.972260832037581221e-03
5.961693404184414957e-02 -5.213011710440592639e-01 3.954763758177401965e-03
5.961520321007694051e-02 -5.212899129570800483e-01 3.953052758069416570e-03
5.961953329165402271e-02 -5.213180497549565473e-01 3.959316619755872541e-03
5.959656717659749664e-02 -5.213224356794086134e-01 3.983757088026274734e-03
5.961334296767330232e-02 -5.212936913229075930e-01 3.956549427307455222e-03
5.960466526594190850e-02 -5.212937888730092562e-01 3.958926374856256911e-03
5.960600457055400397e-02 -5.213204122393790829e-01 3.995262208590661529e-03
5.960072320980391858e-02 -5.213076359100465851e-01 3.958231813684123107e-03
5.960438982289727877e-02 -5.213169398454735592e-01 3.971269387417665150e-03
5.960259173042133790e-02 -5.213061573069527332e-01 3.964186277058377728e-03
5.958791695443355768e-02 -5.213117909693462115e-01 3.950397277883875222e-03
5.963062780622391257e-02 -5.212931751413402148e-01 3.952604658954331392e-03
5.959265079326167558e-02 -5.213090075872307549e-01 3.968733092835925041e-03
5.960943088747061580e-02 -5.213343336482002544e-01 4.000198959404219212e-03
5.958698245910556274e-02 -5.213267271168985362e-01 3.961771064147358648e-03
5.959844255476745567e-02 -5.213179816974613523e-01 3.969170538882848230e-03
5.959787207213682741e-02 -5.213332179707921288e-01 3.970443621029249442e-03
5.962347534912252472e-02 -5.213258724749820772e-01 3.988635696168853391e-03
5.959274221047196340e-02 -5.213011838495757999e-01 3.965482116238736726e-03
5.961592658930960770e-02 -5.213080216579584203e-01 3.957235423174040867e-03
5.959524949197088362e-02 -5.213086052700721673e-01 3.986837546991174597e-03
5.960110328227855719e-02 -5.213273760497393328e-01 3.984939568587010650e-03
5.962076339797791474e-02 -5.212928293352712128e-01 3.965084199029773361e-03
5.962013480439062180e-02 -5.212895599109328426e-01 3.940457456388665215e-03
5.959810508112239197e-02 -5.213374735826782347e-01 3.971082262699865244e-03
5.960438102089498508e-02 -5.212878936443718914e-01 3.940004430580475343e-03
5.958721959372170751e-02 -5.213338980068853434e-01 3.992111509420781176e-03
5.959922693777829766e-02 -5.213001941937505102e-01 3.951814958870588507e-03
5.961873941198973792e-02 -5.213124761124007245e-01 3.981650050200418248e-03
5.961724198172506373e-02 -5.213154786310846278e-01 3.986690751367464106e-03
5.958859421394514799e-02 -5.213028592233034386e-01 3.986448930673286775e-03
5.959632893785817703e-02 -5.213061511642560486e-01 3.950889648681774058e-03
5.960675390063992912e-02 -5.212796546128768416e-01 3.936107148407758625e-03
5.957607365561815027e-02 -5.213202840416617523e-01 3.990124230359323038e-03
5.961180252719949779e-02 -5.213249794919774249e-01 3.984144594199133700e-03
5.961739837613856674e-02 -5.213035720486604019e-01 3.961401790200757070e-03
5.959996276170591994e-02 -5.213004576266982992e-01 3.947973026666279014e-03
5.962479942057053589e-02 -5.213174167416718685e-01 3.960779144921162953e-03
5.959128289983148252e-02 -5.213019565756094043e-01 3.957487679075477258e-03
5.960712800109396747e-02 -5.212988291675914043e-01 3.954366764040029986e-03
5.960027301812106243e-02 -5.213217520703714580e-01 3.974437994473262355e-03
5.963048832397663257e-02 -5.212917814140397565e-01 3.951452526323464241e-03
5.962148780105513274e-02 -5.213176465679977278e-01 3.963284455743741434e-03
5.960085602737898169e-02 -5.213282852448295479e-01 3.991614657974214275e-03
5.957593463008427348e-02 -5.213027953241092805e-01 3.939938903693460809e-03
5.961531296045931988e-02 -5.212897740740094488e-01 3.942534324697525086e-03
5.959345772925891266e-02 -5.213134703332619191e-01 3.956273073156765969e-03
5.958692435385000430e-02 -5.213035903589499087e-01 3.962166806324943918e-03
5.962050085778253239e-02 -5.213046805726335720e-01 3.961996735839395239e-03
5.959303177784027600e-02 -5.213108338439574885e-01 3.977363818170486474e-03
5.958392291800101298e-02 -5.213177699702484791e-01 3.987285895196014673e-03
5.960709125803536484e-02 -5.212728733754085075e-01 3.943297029888983771e-03
5.960230350025748358e-02 -5.212881617011494439e-01 3.967467746783380489e-03
5.961343710428031184e-02 -5.213061317437601705e-01 3.988681274184998488e-03
5.959711900782740240e-02 -5.213403322017046149e-01 3.983901216387621125e-03
5.958620987184585355e-02 -5.213267374580322633e-01 3.968340738737817334e-03
5.964957406310201354e-02 -5.213137305453720005e-01 3.969296706426865551e-03
5.960960642756066297e-02 -5.212983607334868985e-01 3.955357418663604276e-03
5.960402830996107404e-02 -5.212987096069167103e-01 3.954516160396805147e-03
5.963386987492719227e-02 -5.212816867332392690e-01 3.948604112111965200e-03
5.960052301193281138e-02 -5.213094609047204120e-01 3.964895910413229578e-03
5.961517456756553618e-02 -5.213254092445027688e-01 3.982225258610869525e-03
5.959614420972168120e-02 -5.212891069908165420e-01 3.952044292776656260e-03
5.963381011707661467e-02 -5.212886056089065523e-01 3.953889169862842903e-03
5.961021440282913975e-02 -5.213106143654666624e-01 3.963295360032191052e-03
5.962072452013877227e-02 -5.213059498562080396e-01 3.985684976892073933e-03
5.960860981706476297e-02 -5.213298951819760330e-01 3.980225203394210758e-03
5.960325500626047907e-02 -5.213069246330284123e-01 3.962277455106245384e-03
5.963219154513327291e-02 -5.213065910272525194e-01 3.985028729004736620e-03
5.960750659505933274e-02 -5.212877171211542926e-01 3.956209516142519811e-03
5.959460008988516633e-02 -5.212924100911908720e-01 3.958235748968345728e-03
5.960556046109771744e-02 -5.213208065309551387e-01 3.976383028467278015e-03
5.959669461358346049e-02 -5.213023509111998077e-01 3.961831037426234714e-03
5.961640967215790093e-02 -5.213066153298894223e-01 3.948788124542381567e-03
5.960656327360664558e-02 -5.212989250663233598e-01 3.958438521823400350e-03
5.960889097650479834e-02 -5.212927928184102333e-01 3.955381604983422734e-03
5.957411466023645324e-02 -5.213221409891324321e-01 3.990906193991405199e-03
5.961569120456771537e-02 -5.212849823229394053e-01 3.929917008274439946e-03
5.959653874994386841e-02 -5.213159399271936056e-01 3.985851305772678335e-03
5.959545998387599797e-02 -5.213037920808625270e-01 3.951173951946634899e-03
5.959277537486607629e-02 -5.213176159917057850e-01 3.979502922980528157e-03
5.960594075233673766e-02 -5.213222107830738361e-01 3.956677568126593103e-03
5.960217776687899011e-02 -5.212869631265830694e-01 3.944960961116275068e-03
5.959323167182745823e-02 -5.213038535723220068e-01 3.959763698049165170e-03
5.959791223383020115e-02 -5.213012605230268326e-01 3.950819087648551990e-03
5.959518036489097614e-02 -5.213058341882893520e-01 3.955542470301404850e-03
5.960027676052696843e-02 -5.213106502689484056e-01 3.962291634419325831e-03
5.961067475784866121e-02 -5.212968771895190034e-01 3.952757786455313518e-03
5.961655097435873685e-02 -5.213190374280952666e-01 3.983499650951939641e-03
5.961621290043664367e-02 -5.213059951434355632e-01 3.989139112266747167e-03
5.961843822632180434e-02 -5.213085292411088201e-01 3.956884811358506344e-03
5.962009790916752289e-02 -5.212901882628309114e-01 3.929654778741542911e-03
5.959222790240054773e-02 -5.212960035071005915e-01 3.946730991604016636e-03
5.958972559035297795e-02 -5.213031979078807110e-01 3.970754691341305334e-03
5.961760278532396429e-02 -5.213047442352430894e-01 3.965277105016203757e-03
5.958876036944592280e-02 -5.213072230309205857e-01 3.940785937288996885e-03
5.960855024085194576e-02 -5.212879306094945209e-01 3.941094008222553735e-03
5.962493273137248195e-02 -5.212951959947681457e-01 3.957316931068623894e-03
5.961511869815064313e-02 -5.212828537590790123e-01 3.963251500883540474e-03
5.961040899571565937e-02 -5.212907527576193800e-01 3.968430890771770803e-03
5.959733437699030190e-02 -5.213071526611953166e-01 3.974782894093969489e-03
5.961966975233769922e-02 -5.212997994834626114e-01 3.938663210051010673e-03
5.959808514224669562e-02 -5.212959864432559209e-01 3.968615573570890426e-03
5.960152553191776920e-02 -5.213127091564501159e-01 3.978167457853332839e-03
5.960467231108027009e-02 -5.213070989209378503e-01 3.983165199291946110e-03
5.961570233667741470e-02 -5.213012721946994610e-01 3.953208537810502451e-03
5.962606823258589928e-02 -5.213087791541861638e-01 3.978356033643395961e-03
5.960268783722730279e-02 -5.213048212163046147e-01 3.959059518164895555e-03
5.961210080033982339e-02 -5.212823328708663384e-01 3.945946909740994865e-03
