0.147656130868472 -0.391881253736363 0.504632107891121
0.14865408915764 -0.392062491259614 0.504369599942518
0.149647762504416 -0.392297992045649 0.504100913735297
0.15042729364987 -0.39245824917626 0.503947362717564
0.151162923920196 -0.392682283805343 0.503741358764238
0.151629683037658 -0.392826452276997 0.503614822675877
0.152388862252243 -0.393074276906879 0.50342448378838
0.153087106543463 -0.393373706740097 0.503247257380547
0.154009012679671 -0.393780161014219 0.503007163029134
0.154683677357288 -0.394154733361186 0.502789774079399
0.155618775677017 -0.394627356338246 0.502541362333995
0.156064545297719 -0.394914363203878 0.502402698970821
0.156757955879445 -0.395333954783987 0.502198278346663
0.157669291808558 -0.395925783571957 0.501918506554122
0.158140856959219 -0.396252388893479 0.501750062997104
0.159054722981608 -0.396957569272342 0.501380823397468
0.159540756880923 -0.397241824678219 0.501281222149229
0.160436340983459 -0.397964652809455 0.500899108307583
0.161148035648865 -0.398446460977393 0.500701746860138
0.162057793745895 -0.39912937372779 0.500350921466022
0.162512308503025 -0.399475087677008 0.500193500972944
0.163215262756801 -0.400015561207877 0.499930023466051
0.163902559186565 -0.400556359100379 0.499692305355412
0.164612488325303 -0.401134179649192 0.499416909958586
0.165559114262779 -0.401873584604496 0.499053544200574
0.166506741512138 -0.402647480757794 0.498633802647733
0.166984462408001 -0.403059203339141 0.498462725635312
0.167988432781951 -0.403773912933617 0.498207438796422
0.168753224905023 -0.404350943667953 0.497957481714568
0.169294964452296 -0.404716497298728 0.497858628910415
0.170086264595936 -0.405288333366584 0.497701076296526
0.171191250041791 -0.40604271089587 0.497485827766491
0.171750736978015 -0.406452563965688 0.49738705622592
0.172871251360258 -0.407262337339108 0.49719188477235
0.173992700756691 -0.408053574137536 0.496949521492282
0.174850453753659 -0.408640901405303 0.496808774117418
0.175398579995655 -0.408981326144553 0.496714238590847
0.176578395012951 -0.409713489071876 0.496475756160062
0.177480840063047 -0.410269166328209 0.496274645195998
0.178659027344579 -0.411020273209649 0.496046399635168
0.179602382648159 -0.411610344008734 0.495786112384634
0.180504107973203 -0.412184592333911 0.495589700399994
0.181132641150067 -0.41253056032035 0.495458938064146
0.182067930021463 -0.413079983426282 0.495273872422886
0.182974245283388 -0.41373004495846 0.494984143703715
0.184544547484505 -0.414756485378157 0.494525566742221
0.185158356148578 -0.415160455291045 0.494367948673304
0.186078386131358 -0.415795128892636 0.494080524250927
0.187007417600806 -0.416466008567252 0.493782335224826
0.188229003344059 -0.417361632830352 0.493340120381393
0.189520232399063 -0.41824132298851 0.492916198550243
0.19014035005197 -0.418676242776411 0.492705421241357
0.191368824374873 -0.419570936813087 0.492286307502397
0.192313290682649 -0.420248371501413 0.491942180880858
0.193885441058112 -0.421348211748945 0.491433611842323
0.194812379131383 -0.422003176954749 0.491120545068098
0.196074433761441 -0.42285850033299 0.490712640689436
0.197324039892422 -0.42372104129093 0.490306776421199
0.197927306374392 -0.424138481123071 0.49012223997557
0.198873525200289 -0.424786868345001 0.489798870720701
0.200394748438474 -0.425815198284558 0.48932174942245
0.201025210691388 -0.426250659290642 0.489102201409897
0.201922516402577 -0.426843699943457 0.488801413683036
0.202815953628004 -0.427481381995689 0.488510364950853
0.204299968469268 -0.428542991354093 0.487979908547505
0.205149970499568 -0.42919907073493 0.487616115933659
0.20572108213834 -0.429658816634304 0.487403709739864
0.206843434520373 -0.430532505485335 0.486940527225619
0.207653063132152 -0.431232343112259 0.486574825326061
0.208462349994081 -0.431932173849484 0.486219960117435
0.209447102333755 -0.432927572932057 0.485678030473073
0.209961198893352 -0.433446463875226 0.485376530845605
0.210972042779837 -0.434437827091822 0.484843280688359
0.211666209071092 -0.435232679302126 0.484413133412115
0.212415950546997 -0.436030123097896 0.483966334683604
0.213321451357236 -0.437137437987489 0.483343716113002
0.21377906226229 -0.437702990432504 0.483040100016821
0.214670908416147 -0.438828689327707 0.48239566780955
0.215122317207954 -0.439406316596006 0.482071746182757
0.215811154146479 -0.440260593405213 0.481654949545445
0.216927943772149 -0.441720291716582 0.480834601086084
0.217599480686481 -0.442604528295431 0.480384294957743
0.218238576222681 -0.443508371128912 0.479937907539468
0.218694903272922 -0.444136909631365 0.479626547053672
0.219617362030273 -0.445303508868038 0.479026180450425
0.220496806709472 -0.446515477781476 0.478460403931789
0.220953094800317 -0.447125373394673 0.478123220643093
0.221873675965098 -0.448315524183578 0.477610964899527
0.222559040799186 -0.449225889804146 0.477215497038933
0.223531845938463 -0.450377626843431 0.476718390014439
0.224262093180953 -0.451251425314234 0.476370928839954
0.225483078617658 -0.452670360508781 0.475830351367812
0.226472348936855 -0.453836551826271 0.475464025911956
0.226978253685189 -0.454404946417896 0.475247063904782
0.227761063441078 -0.455207925051173 0.475047175140202
0.229099891185464 -0.456545536085348 0.474715914661308
0.229924733596999 -0.457340262582186 0.47452837004948
0.230472619384073 -0.457832061210713 0.474488350477954
0.231357262149698 -0.45855470661424 0.474343431443935
0.232212840676585 -0.459287941779599 0.474244849144579
0.233414299249214 -0.460228314298031 0.47416631409454
0.234335565343151 -0.460883642241742 0.474109596421982
0.235266811605864 -0.461555330702545 0.474077243155926
0.236199771041927 -0.462168924238078 0.474072445887131
0.237161061825771 -0.462778747092302 0.474089852854354
0.238404213886387 -0.463585949787621 0.474140528548543
0.239369179705325 -0.464145656847843 0.474159625467781
0.240329095139518 -0.46473168770328 0.474219052563477
0.241641924576436 -0.465373976212625 0.474307183814576
0.242925924165976 -0.466033847086017 0.474421919269788
0.244539115344031 -0.466758861792014 0.474595444575099
0.245500363370639 -0.467175326014106 0.474637995885518
0.246160137117486 -0.467432354828794 0.474679832995544
0.247120640866433 -0.46776430371252 0.474723080752921
0.248096693303811 -0.468079782370928 0.474764776862583
0.249343468307846 -0.468487723065901 0.474753999504712
0.250224308552714 -0.468743485375136 0.474746434982894
0.25080883166353 -0.46886963913327 0.474764607613623
0.252234887691114 -0.469179041999422 0.474557782477307
0.253324209132486 -0.469386241483062 0.474359369815285
0.254142665594531 -0.469439179924083 0.474229449075012
0.255192721698018 -0.469479970184649 0.473961327907198
0.256219616477687 -0.469430329031126 0.473639371947782
0.256955862907289 -0.469369793280579 0.473341351007121
0.258329184998929 -0.469176528077596 0.472583271308112
0.258753687307047 -0.469127320443791 0.472219383044768
0.25939878653471 -0.468964943431281 0.471737987586266
0.260191268661744 -0.468731897874822 0.470963035098734
0.26070734644157 -0.468489632446704 0.470355417217936
0.261371302241123 -0.468150089381019 0.469445309681763
0.26185110779952 -0.467899715928315 0.4686861663977
0.262187605967426 -0.467697423300431 0.468170710765589
0.26258752716177 -0.467447608752102 0.467420790693383
0.262998605186937 -0.4672395330911 0.466680693631746
0.263398480788742 -0.46699873612976 0.465964449417511
0.26388343470171 -0.466745252701274 0.464940518828843
0.26419443304225 -0.466532566148175 0.464115113979104
0.264556231977631 -0.466333706941019 0.463365167943178
0.264777731292962 -0.46622019020225 0.462791176960808
0.26506341572407 -0.466033342772119 0.461971111869184
0.26552752276401 -0.465704390413307 0.460551028263657
0.265890047364272 -0.465466416482123 0.4593946480977
0.266144581390056 -0.465240954976171 0.458543189743798
0.266579509793858 -0.464864077177357 0.457129969372462
0.266922863141906 -0.464518657793927 0.455997336565251
0.267180795223813 -0.464256803533086 0.455168559444431
0.26762709073 -0.463742913924502 0.453808990771036
0.267843409765088 -0.463434800885255 0.453046558175016
0.268117451761687 -0.463097861575901 0.452316723858325
0.268597962596992 -0.462427176246429 0.45083760858657
0.26893221285052 -0.461931036412047 0.449920429699056
0.269079059203135 -0.461668964472487 0.449512747276213
0.269532850009533 -0.460997505907516 0.44847154827854
0.26995632691583 -0.460307249243948 0.447501059481704
0.270218781738498 -0.459858230938929 0.447029437719971
0.270586880621307 -0.459250023119337 0.446321984479716
0.270853984018717 -0.458776249597408 0.445902946146605
0.271072792216601 -0.458326335841104 0.445479063820455
0.271449073560477 -0.457640700476128 0.444921342236905
0.271671140935923 -0.457185567795992 0.444503892539422
0.271917412208036 -0.4567114941158 0.444159512782536
0.272069209059512 -0.456379160206156 0.443953502394426
0.272304491016868 -0.455914979441673 0.443571267246635
0.272609204019141 -0.455274648803477 0.443149181689695
0.272841067565899 -0.454811835883344 0.442845645567981
0.272993311884361 -0.45449591199112 0.442657377009003
0.273200755081452 -0.454048377703991 0.44236823492716
0.273506841365147 -0.453460821937765 0.441899154316014
0.273800559917558 -0.45286507798204 0.441496426557699
0.274023867427732 -0.452403076864246 0.441212211043694
0.274242456910103 -0.452007289979355 0.440900386861405
0.274384136248501 -0.45170325196341 0.440732602311895
0.274595133813656 -0.451308800102011 0.440413898227615
0.274807560066654 -0.450897320264172 0.440174747265686
0.275011397405994 -0.450508787151929 0.439898611733469
0.275294315601143 -0.44999396688413 0.439561928763512
0.275553108025766 -0.449463367152406 0.43922676344785
0.275765164718586 -0.449064589962939 0.438937344289432
0.276097506510139 -0.44839797983577 0.438498946386806
0.276278209019896 -0.448036091613562 0.43819915546726
0.276447073242922 -0.447691453469412 0.437939519206738
0.276633882751583 -0.447293745889839 0.437673565137043
0.27684555183623 -0.446855631060217 0.437260408577087
0.277044693350778 -0.446403382557739 0.436853618475412
0.277207665835261 -0.445971435043172 0.436545567685234
0.27736132555169 -0.445653297900751 0.436204975508437
0.277468266094271 -0.445395846724074 0.436026172797426
0.277703332399225 -0.444825278146516 0.435652412596227
0.277842586260229 -0.444509949782541 0.435365471280609
0.278098020842817 -0.443928998605195 0.435049498071576
0.278210947975035 -0.443694772890624 0.434868711708865
0.278400248019412 -0.443328375065416 0.43466922070324
0.278579851257451 -0.442967292241123 0.434466666298806
0.278756077346492 -0.442616483590003 0.434228065123118
0.278948089386096 -0.442285536609622 0.434023629097697
0.279238656123358 -0.44177618998589 0.433796962398226
0.279417436218281 -0.441513400099151 0.433649824489724
0.279708322078446 -0.441013686488896 0.433391343385454
0.280049630430652 -0.440485547668138 0.43314431524522
0.280325034112858 -0.440102762220419 0.432936546974076
0.280582688375875 -0.439670495897173 0.432766615388882
0.280861837484983 -0.43925266164891 0.432588862188741
0.281238669769398 -0.43869715933944 0.432323036538721
0.281667414189869 -0.438123368068401 0.432085771175516
0.282080967358152 -0.437544680729321 0.431878198612058
0.282421790861786 -0.437112920936676 0.431716833882167
0.28280744013727 -0.436618684525812 0.431550396892612
0.283212135875931 -0.436179390014971 0.431369293589053
0.283755121810831 -0.435513898204325 0.43114769993008
0.284191288179186 -0.435015589943686 0.430965023102057
0.284631150214494 -0.434516568924222 0.430847538804572
0.285125955517943 -0.434037008061615 0.430630561232925
0.285776958529659 -0.433406081181693 0.43044288185175
0.286526304592036 -0.432829733500815 0.430317916372498
0.286901353452734 -0.432574140375532 0.43023591396111
0.287701671772906 -0.432084349330024 0.430120561595439
0.288559573252874 -0.431623574480455 0.430062658481719
0.288994348093162 -0.431402874525641 0.430034581745003
0.289728795492263 -0.43111369264421 0.43000114722381
0.290727073913248 -0.430755249943153 0.430006906171446
0.291815946740338 -0.430432661529217 0.430056529977083
0.292375830822277 -0.430291299394727 0.430109458629587
0.293245738514713 -0.430082359927655 0.430204896133461
0.294172972652606 -0.429925353856673 0.430303820760249
0.295504415449433 -0.429686860239333 0.430521876764229
0.29687978075928 -0.429508409418375 0.430726804510885
0.297978398208593 -0.429365315682307 0.430979409875845
0.298740873210748 -0.429298560185665 0.431115157336932
0.300695788571468 -0.429150443349151 0.431576666295309
0.302339205370283 -0.429069276119148 0.43193041229576
0.303210881673549 -0.428998676908516 0.432169393775422
0.305430137025158 -0.42894277698147 0.432689293034105
0.30680011081199 -0.428937792826475 0.433041852937821
0.308674242774587 -0.428920133259258 0.433525638310792
0.310144365398252 -0.428931413310195 0.433864273863027
0.31214428002994 -0.428924176050523 0.434310124316753
0.313652146859629 -0.428978440300685 0.43465596817239
0.315195163717088 -0.429001199023798 0.435065606801168
0.318403800394274 -0.429035652285985 0.435770781615537
0.320565940725133 -0.429009367422213 0.436282828309109
0.321657324704232 -0.429022799188904 0.43652264140711
0.324419817776902 -0.429053205643884 0.437074409989527
0.327187220913235 -0.42912058794997 0.437543287284652
0.328854867027937 -0.42916302194249 0.437804183017025
0.331105013839054 -0.429181580767338 0.438087583427734
0.333331976187321 -0.429197760231193 0.438443996350017
0.335562522892733 -0.429201930395933 0.438665542694846
0.338295659249085 -0.429248823405469 0.438883750189876
0.339915280680402 -0.429319788696119 0.438964866518926
0.341538718528814 -0.429355830294395 0.439047636410535
0.344162373119371 -0.429484939509114 0.438998106829011
0.346760519000159 -0.429660801811316 0.438782914284001
0.348284470175614 -0.429762535333142 0.438634068552875
0.350785036600138 -0.42994092386989 0.438232525239621
0.352245652198877 -0.430070679289927 0.437950755203348
0.354190168837461 -0.430214585002067 0.437488711159469
0.35664251572943 -0.430407644704735 0.436757381489892
0.358517169188772 -0.430605612949545 0.436068771070783
0.360446979734193 -0.43076295965909 0.435311770263973
0.362369726904251 -0.430894785778267 0.434535630111445
0.364317170052628 -0.431029510837906 0.433659056116195
0.365725865924211 -0.431129876456622 0.432985241634038
0.368613259390971 -0.431348395233724 0.431554422273197
0.370076459410808 -0.431445451612699 0.430795724340314
0.371535437983911 -0.431568813362386 0.429976937401402
0.373941491409938 -0.43173692534409 0.428606489560616
0.375459901283129 -0.431843346389781 0.427696121058603
0.37749635642342 -0.43192382212903 0.426483094645111
0.379034339520963 -0.431974119447026 0.425504149411199
0.380085514426091 -0.432011476518488 0.424882838513849
0.38162579009153 -0.432015742460845 0.42398657672539
0.38316949976159 -0.432038184354302 0.422973272018385
0.385304247400124 -0.432002523920749 0.421641078207089
0.386872803873398 -0.431989408969392 0.420662429800969
0.387967947808986 -0.431917485136402 0.419994779511946
0.390163031869816 -0.431853039372341 0.418450689192474
0.391222336041916 -0.431795185800108 0.41777464411167
0.393448631420553 -0.431590192102464 0.416228305632122
0.396268276688762 -0.431297539383821 0.414270037154957
0.397933190731321 -0.431037001288078 0.413104500185001
0.400238309523999 -0.430648394403027 0.411534720235829
0.401897996141631 -0.430315833991357 0.410283093189798
0.404217226669101 -0.429739798726479 0.408689680344549
0.405978629630031 -0.429252847913688 0.407372036592661
0.407748303449914 -0.428720715228631 0.406094320352167
0.409514350208691 -0.428177943252078 0.40474263368741
0.410701600569518 -0.427768198643473 0.403826765417739
0.412441268604856 -0.427130431493905 0.402507415540185
0.415370185920113 -0.42593764858188 0.40018112141828
0.417113712459146 -0.425174752421125 0.398755937922777
0.418305417375028 -0.424588044746942 0.397795284430146
0.420046981779492 -0.423681116313341 0.396362225747994
0.421770818162538 -0.422716346728579 0.394893903813383
0.424069512895541 -0.421384398280723 0.39288126196247
0.425744727869927 -0.420373310990606 0.391405478821977
0.426852942744926 -0.419694945038629 0.390400877528529
0.429063911837709 -0.418358750257065 0.388398202176541
0.431326719355086 -0.416946401289918 0.386364250845781
0.433557895471246 -0.415530239949569 0.384424183161253
0.508788145264458 -0.379244845197408 0.287652632803018
0.508772318519376 -0.379256392587947 0.287633651169024
0.508787367093224 -0.37923287918979 0.287598648925137
0.508800617571101 -0.379229148693583 0.287569310049166
0.508808170205199 -0.379227287211265 0.287536200674174
0.508804976506434 -0.379214869826804 0.287600613877048
0.508818995488091 -0.37921624273196 0.287612510405457
0.508807474086431 -0.379228725413932 0.287578907394246
0.508793584962198 -0.379248214448399 0.287613862283876
0.508796121644882 -0.379253721230415 0.287609696099213
0.508809828820782 -0.379230713168367 0.287645719504563
0.508815900666896 -0.379255052502523 0.287666102237013
0.508831431861074 -0.379235941648327 0.287604075888832
0.508820430743463 -0.379219611547423 0.28761182750697
0.508841256822169 -0.379222245948249 0.287577420915105
0.508849661622984 -0.37920480930918 0.287566213479921
0.508872960247326 -0.379194326513115 0.287520777930269
0.508869620713718 -0.379221896676333 0.287503382053235
0.508907958402194 -0.379193699461508 0.287499188804001
0.508925598682117 -0.379198518394358 0.287456568527158
0.508928305827779 -0.379192101099849 0.287465449200091
0.508951713052497 -0.379180290298623 0.287457923648878
0.508984586261007 -0.379192615496662 0.287382692362509
0.5090020304196 -0.379210305465011 0.28734921838885
0.509066621958269 -0.379197961235466 0.287274623880848
0.509100824847546 -0.37919133779759 0.287125465339692
0.50908665339795 -0.379212649718849 0.287076357047688
0.509126911535694 -0.379228077436158 0.286973484625241
0.509150241413638 -0.379234251252736 0.28687456547139
0.509178734463514 -0.379255291370892 0.286692963594145
0.509183512957595 -0.379283148308249 0.286520156241978
0.509213827886866 -0.379329840977196 0.28635577902973
0.509240960547025 -0.379326292800368 0.286250005357758
0.509269724413875 -0.379402468811935 0.285935352625149
0.50933919952669 -0.379449660098172 0.285547831708833
0.509380025326426 -0.379466196681736 0.28537437402074
0.509429599322504 -0.379511138233335 0.28511907061205
0.509473548486539 -0.379551173817152 0.284855234391602
0.509560194916397 -0.379601027122238 0.284453864209288
0.509600326686904 -0.379624581847922 0.284157695809025
0.509734880444038 -0.379732772153078 0.283410883493176
0.50981515313736 -0.379761473301556 0.283124327984335
0.509885168372397 -0.379789253910529 0.282735214716893
0.510019159851644 -0.379894262868424 0.28201399803484
0.510042400925874 -0.379931035143563 0.281813909023147
0.510141901693439 -0.379931664184389 0.281431916140947
0.510214915523979 -0.379970115587482 0.281079698073506
0.510380326532724 -0.3799907952019 0.280411284279221
0.510529318362729 -0.379964799595512 0.280025786903528
0.510609604778415 -0.379978843998495 0.279684798247072
0.510681162922591 -0.380013590666306 0.279405457914477
0.510855337852465 -0.380028851226076 0.278815172647235
0.511036346312909 -0.380059659364802 0.27824896659922
0.511198060603654 -0.380138586699686 0.277849429352077
0.511317138740342 -0.380171784757964 0.277583346365191
0.511616018615625 -0.380242661518169 0.276874381100267
0.5118309939962 -0.380234854451915 0.276420620702753
0.512114783448248 -0.38024023967337 0.275767753560703
0.512360181320716 -0.380288486328073 0.275361654784462
0.512620382719649 -0.380346484174463 0.274851971940604
0.512894908913803 -0.380376072203545 0.274435244166855
0.513178445557542 -0.380447280858314 0.274040734314284
0.513852996392798 -0.380595433838992 0.273112119904658
0.514099901790004 -0.380652822976427 0.272827690323371
0.514533384005674 -0.380697057941656 0.27241262935533
0.514909312070633 -0.380849038917108 0.272017620657512
0.515493615971105 -0.381007704819423 0.271414983967617
0.515961176662044 -0.381184925272549 0.270959772625135
0.51660502204089 -0.381456163668592 0.270389024213063
0.516957201569322 -0.381596232974859 0.270145139710587
0.517848360043441 -0.382051655582756 0.269360951352364
0.518415177732464 -0.382330123924286 0.268987409504008
0.518993018964792 -0.382649670503803 0.268588178846551
0.520220245274505 -0.383301353087631 0.267863241789069
0.520901304796316 -0.383641098386056 0.267591403729061
0.521330705696525 -0.38385835228591 0.267302717062939
0.521976747546685 -0.384217518470967 0.267022227242133
0.523073085620808 -0.384811176822911 0.266511790149727
0.523964078628024 -0.385286405817397 0.266071340491957
0.524648630722193 -0.385640593853161 0.265773865217811
0.525521976664326 -0.38605805479634 0.265276481689511
0.526397569526424 -0.386454127456275 0.264815989241747
0.526849753295038 -0.386649991970562 0.264538939637404
0.527743737275718 -0.386992269180269 0.263999419981956
0.52865546075896 -0.387293337509157 0.263511459697451
0.529355314145746 -0.38744187799594 0.263051136400505
0.53005916429783 -0.3875647996949 0.262623443860285
0.531529033379018 -0.387623760407275 0.261698159995282
0.53224004247156 -0.387646619847472 0.261193190872426
0.53301417522652 -0.387577249006357 0.260615930536239
0.533524829096202 -0.387525931952956 0.260279983423226
0.534486892012238 -0.387378564530635 0.259508419514184
0.534990226813138 -0.387317528414553 0.259135539090241
0.535676603719689 -0.38717908794913 0.258491094457215
0.53637246508355 -0.387015969137441 0.257860932366865
0.537061667671932 -0.386875257549383 0.257170564155123
0.537759143448299 -0.386686573288624 0.256499385272855
0.538472163033981 -0.386460088053166 0.255813682683799
0.539118307058306 -0.386306610361788 0.255102188581276
0.539996332224974 -0.386059084968057 0.254162908729926
0.540403327009555 -0.385948543028145 0.253638994378993
0.541022379507809 -0.385787826020032 0.252864777386452
0.541616873151065 -0.385575027397476 0.252000260407989
0.542430700860554 -0.385330021745312 0.250912599581164
0.543014825329782 -0.385144334515409 0.25005465642543
0.543559480053867 -0.384977954559539 0.249123582105887
0.543925837549722 -0.384869066998208 0.248571187788204
0.544594513387306 -0.384657123463746 0.247305888380478
0.54539296743628 -0.38444915088604 0.245682094553819
0.545886569090772 -0.384270238486312 0.244634280549427
0.546478568484184 -0.384040199790457 0.243298182081299
0.5470515401435 -0.38379737821971 0.241902646390879
0.547538983117076 -0.383561511130964 0.240534072637112
0.548076268132817 -0.383264882612251 0.238749773160469
0.548323445146759 -0.383108011234625 0.237641871079061
0.548687856444515 -0.382859451810973 0.236199124650502
0.549171349341765 -0.382497454912762 0.234335233270961
0.549351077684702 -0.382384281732529 0.233600183952361
0.549608268235706 -0.382167317141762 0.232499506933306
0.54987144898066 -0.38196906662156 0.231375110775658
0.550151088312849 -0.381790133103489 0.230302939494645
0.550432981079617 -0.381600655205779 0.22913667890135
0.550708912829785 -0.381409147809038 0.228040371027444
0.55105430408494 -0.381221225069443 0.226594531123952
0.551238351521717 -0.381122347404906 0.225816006383804
0.551528579322508 -0.380986009979173 0.224328251326816
0.551696602662579 -0.380883709621827 0.22353681188244
0.551909938332265 -0.38075229985095 0.222439429465931
0.55226888418244 -0.380539075541682 0.220623282818049
0.552500206964457 -0.380393750528784 0.219560847103885
0.5527110664556 -0.380279505554079 0.218467209980196
0.553096643801222 -0.380117435885594 0.216324087270328
0.553329535043758 -0.380039091608401 0.214944907742459
0.553438319707516 -0.379982612069722 0.214221606005329
0.553692745377007 -0.379896263270333 0.212466639167818
0.553912479159046 -0.379833305264947 0.210729089133396
0.554056689575068 -0.379828369800136 0.209743484486627
0.554210395837669 -0.379813900918131 0.208358969614374
0.554306428371847 -0.379826185678872 0.207327665438872
0.554394325687666 -0.379872993190341 0.206349916319604
0.554494918692261 -0.37988852707336 0.205351306651878
0.55456277337376 -0.379960912860617 0.203938994928095
0.554617372046408 -0.380020808784344 0.203004180865985
0.55466087573111 -0.380070650963783 0.20204262498748
0.55469984227769 -0.380115128773111 0.201439844439453
0.554740080633501 -0.380159424423632 0.200490916132656
0.554811123251415 -0.380206832641938 0.199307405645814
0.554854060399885 -0.380280014447867 0.198431635245713
0.554878111242105 -0.380304137443567 0.197869855531314
0.55492710453345 -0.38034853581386 0.196968636444672
0.554953761599928 -0.380389819984136 0.196155537641671
0.554993909934021 -0.380451843614061 0.195055380411647
0.554998477273944 -0.38051536123032 0.194532954981705
0.555109196280033 -0.380504294257561 0.193528212754363
0.555131487664723 -0.38055489932266 0.192485453142578
0.555181125748043 -0.380585465192969 0.191695909768304
0.555263065807133 -0.380631491344821 0.190286513559954
0.555289982007838 -0.380663320421641 0.189590697640234
0.555313959743123 -0.380676693626079 0.18889147963421
0.555361105886052 -0.380712675383084 0.187721653078467
0.55538024514961 -0.380753709867281 0.187053152314014
0.555427283730148 -0.380762623003863 0.186378632307674
0.555450084984737 -0.380813461448709 0.185402763747379
0.555493556772979 -0.38083741493175 0.184720783172715
0.555506802388116 -0.38088049055411 0.183785001417277
0.555535155471756 -0.380901441285372 0.183093095093052
0.555553136256741 -0.380932892052717 0.182177036639786
0.555603389176314 -0.380891538488735 0.181677945262491
0.555612968774629 -0.380971661923167 0.180817289051258
0.555659148856251 -0.380974704904268 0.180132458296075
0.55568258108496 -0.380995215219672 0.179016367275523
0.55571447625456 -0.381022124452339 0.178148246881464
0.55574661020134 -0.381039776960221 0.177492101504603
0.555760727682974 -0.381043107509357 0.176848672072755
0.555807567624962 -0.38104619892483 0.176184328271568
0.555836152714913 -0.381078572315455 0.175124055821268
0.555828741473765 -0.38110844933261 0.174432874178286
0.55587147582019 -0.381136905121338 0.173599290099523
0.555877387837604 -0.381138603853663 0.172901622219168
0.555893197072005 -0.381189432746166 0.172280756296293
0.555890441635731 -0.38121444747599 0.17140333079035
0.55593408913383 -0.38118569719423 0.17075489246925
0.555921885433809 -0.381272528111607 0.169928630844049
0.555968017211229 -0.381236546009546 0.169244347252178
0.555989168062617 -0.3812669343282 0.168031963588442
0.555996904538177 -0.38128403278518 0.167419768884872
0.556028299674912 -0.381279576906305 0.166846119400386
0.556050565808718 -0.381278887011113 0.166256386334869
0.556028261998478 -0.381321568590355 0.165657625873271
0.556078944808692 -0.381300063461939 0.164878068700662
0.556046519909276 -0.381335198685601 0.16407334684999
0.556086073127389 -0.38134839854112 0.163397282067786
0.556090043297561 -0.381314281026318 0.16283647322135
0.556112834421185 -0.381323411985856 0.162302897507634
0.556124316543422 -0.381348921266212 0.161782451259714
0.556090041515887 -0.381390926022132 0.161078400657684
0.556134298333293 -0.381368846961736 0.160558725236022
0.55612318004425 -0.381364029406942 0.160221110953405
0.55613198418563 -0.381378007502834 0.159627754721764
0.556106122283689 -0.3814037685842 0.159234070616516
0.556121501400989 -0.38139031497711 0.158797723980902
0.556116253124219 -0.381400393316229 0.158257170850491
0.556147826386149 -0.381391349712243 0.158013029389534
0.556132995408135 -0.381411061772666 0.157608422945219
0.5561577840042 -0.381403236970353 0.157236152154198
0.556130072023292 -0.381443712263139 0.156791853703596
0.556151429263429 -0.381401641117313 0.156479720187387
0.556176205457679 -0.38137564502149 0.156187264179588
0.55616990113768 -0.381385122210703 0.155900064568487
0.556182952531761 -0.381398516093017 0.15563911406651
0.556170520962504 -0.381401068392781 0.155355491975295
0.556185549368239 -0.381437489911274 0.155098663907388
0.556150344779977 -0.381431514396943 0.154809365012815
0.556186341987363 -0.381415330154015 0.154615363960866
0.556183658580068 -0.381429795381309 0.154330814491249
0.556179621259774 -0.381442224659285 0.154049426781669
0.556149419243301 -0.381465104123779 0.153840518044294
0.556162826647888 -0.381453638147998 0.153658696180893
0.556186694927431 -0.381460730833995 0.15349739300334
0.556180678735528 -0.381472235293807 0.153259484095306
0.556184862179458 -0.381456483711382 0.153073938050026
0.556179767055657 -0.381429453257823 0.152887933948924
0.556156525606033 -0.381472144253777 0.152631740777028
0.55619073030107 -0.381448459857231 0.152497176315451
0.556170661661304 -0.381455323187765 0.152296926685201
0.556180931881082 -0.381441002726723 0.152157193500833
0.556190614800498 -0.381446316438606 0.151963356807967
0.556186770884294 -0.381456276611704 0.151859023516164
0.55619696358954 -0.381450940593443 0.151651384294759
0.556200076328311 -0.381462033201836 0.151574380843715
0.55619482087038 -0.381461368416098 0.151388685759548
0.556184035058135 -0.381469006526267 0.151114149835383
0.556204890851323 -0.381488446633507 0.151035880289407
0.556207636805122 -0.381482065907951 0.150772659583776
0.556228810158957 -0.381461690472854 0.15062167683254
0.556217191215315 -0.381494396048217 0.150323175471564
0.556239437514077 -0.381470513760058 0.150148690199998
0.556259987254291 -0.381517961228684 0.149944201624737
0.556284408319324 -0.381563320038523 0.149639402729509
0.556318537674945 -0.381599153761739 0.14950620733531
0.556375239164627 -0.381648184305963 0.149289914892025
0.55644094433506 -0.38173615287254 0.149078742604511
0.556525703933599 -0.381806553406133 0.148723298503766
0.556634356151966 -0.3818999954529 0.148398706566609
0.556686855862635 -0.382005685401549 0.148091141981193
0.556826155716208 -0.382039094111018 0.147875099595791
0.556925416679777 -0.382247950844735 0.147466070528601
0.557032226204868 -0.382295325761648 0.147178500436442
0.557095403432617 -0.382415060151139 0.146929045652351
0.557166811725412 -0.382505002327438 0.146579004807833
0.557309795377633 -0.382612619398452 0.14616307012434
0.557501401869968 -0.382831355325704 0.145613945584495
0.557592818353475 -0.382897636097436 0.145452739670091
0.557745444597353 -0.383058397917549 0.144932171908506
0.557877424296352 -0.383227107840824 0.144541660140245
0.558010122308825 -0.383367035683369 0.144301287133034
0.558132715057824 -0.383469730634016 0.144023598730066
0.558231429908662 -0.383569966892462 0.143950550125019
0.558368917240323 -0.383717328201186 0.143757236584498
0.558512445144282 -0.383853801387795 0.143683100945119
0.558699204752886 -0.384050681020381 0.143738112033423
0.558874700095722 -0.384231534248182 0.143891229017015
0.558974200050239 -0.384377791383786 0.144010045502583
0.559056213770748 -0.384449807873065 0.144102574417602
0.559165792169642 -0.38454454626593 0.144177491876773
0.559273750378543 -0.384691722598186 0.144375715632197
0.559395303885266 -0.384812454016269 0.144494577873889
0.559471277922252 -0.384868400836774 0.14455504801689
0.559505040551435 -0.384940614536097 0.144619637290113
0.55959689832302 -0.384979630280325 0.144664758127563
0.55968154892612 -0.385084194106248 0.144756301211073
0.55972759544272 -0.385136301278257 0.1448326765658
0.559749850364955 -0.385154884929232 0.144835366209767
0.559773781163805 -0.38520368705923 0.144853461100949
0.559798715496104 -0.385198782776106 0.144916645644457
0.559822666490431 -0.385257183127453 0.144940482970349
0.559846542232794 -0.385264715882399 0.144950987174089
0.559854556855338 -0.38524938521491 0.144975424975337
0.559875538933696 -0.38527052652969 0.145057047135504
0.55990632685839 -0.385230973804047 0.145082014898358
0.56692902515259 -0.377177257365364 0.157082513067618
0.566935711392405 -0.377166079810196 0.157168002535692
0.566970230729943 -0.377143164820052 0.157320573424736
0.56698903543837 -0.377135629744952 0.157385423403858
0.56699675876238 -0.377137151034819 0.157553040570582
0.567019352680117 -0.377117163654332 0.157710884274385
0.5670322708767 -0.377139404751607 0.157884695234274
0.567050262788555 -0.377172500687023 0.158211642525985
0.567072961809199 -0.377210618391923 0.158545818218144
0.567070294796584 -0.377271091656841 0.158900303281405
0.567109160090478 -0.377319763333113 0.159468625952688
0.567111982862542 -0.377400763445323 0.159978857518144
0.567124661740622 -0.3774665950277 0.160456250657832
0.567153461886726 -0.377568460435351 0.161286386613122
0.56715157756902 -0.377623246907086 0.161813255458102
0.567156111852274 -0.377686369530063 0.162168430044926
0.567187246329488 -0.377784276592338 0.162977859460937
0.567193879339833 -0.377865879848142 0.163625241513602
0.567230059038018 -0.377953494858541 0.164574380702312
0.567287618588439 -0.378033613808463 0.16563793837323
0.562285571815057 -0.378106002551056 0.186891241621645
0.56229865655122 -0.378157001045573 0.187473754940738
0.562317468372118 -0.378160911792444 0.188309436266953
0.562333483746027 -0.378210478486369 0.189519385703016
0.562315022485911 -0.378239123177071 0.190466884257648
0.562329255109616 -0.378241158183479 0.191184046680153
0.562363446478338 -0.37819232746779 0.192206349668952
0.562357801896509 -0.378175112629505 0.19326696151695
0.562348523374066 -0.37816108613404 0.194391236034208
0.562328747113496 -0.378147449263465 0.195530347030791
0.562299758400812 -0.378128789131518 0.197180536485035
0.562253063797112 -0.378134870296 0.198453538248277
0.562267713817657 -0.378114918099179 0.199302463940976
0.562250290798609 -0.378071817172557 0.200649916243241
0.562213385101329 -0.378058287736167 0.202074451320377
0.562172261191497 -0.378016873869259 0.203952533820711
0.562136621683383 -0.377988289601822 0.204879367645476
0.56208535613542 -0.377956729279568 0.206394193608149
0.562022288191584 -0.377992222013441 0.207946473967112
0.562001753684402 -0.377913601915157 0.209502608722488
0.561924696806741 -0.377862221319017 0.211575085160273
0.561847619936188 -0.37783733802149 0.213169819730351
0.561780982263235 -0.37781408628462 0.214825957423799
0.561753114470323 -0.377772343444489 0.21593801787192
0.561643049009394 -0.37777135142776 0.217577895709934
0.561584941197256 -0.377728236097108 0.219240432940033
0.561459563571908 -0.377647765608396 0.221501034291691
0.561367735339496 -0.37763469783663 0.22327768261676
0.561221765778406 -0.37758349760215 0.225608870548613
0.561145415636108 -0.377565289612813 0.226757081880952
0.561015577888511 -0.377540151449819 0.228498367558842
0.560885820446873 -0.377555833286704 0.230312018396645
0.560729968889691 -0.377489648891696 0.232663401881763
0.560620837168677 -0.377470990859046 0.233819557976104
0.560463428989872 -0.377448486740049 0.235602033882102
0.56029463673455 -0.377444458098568 0.237405064090151
0.560064044853646 -0.377440897084267 0.239839029290864
0.559801706170071 -0.37744558664687 0.242371948584162
0.559537428253646 -0.377410946431264 0.244897767888259
0.559198968348602 -0.377467534000435 0.247396633677257
0.559010863520621 -0.377458564172809 0.249291720158873
0.558775628102533 -0.377486557528558 0.251164415063528
0.558488839208893 -0.377544198999965 0.253063580895099
0.558214071150646 -0.377602793491059 0.25493824020236
0.55791095580974 -0.377671215048082 0.256930398242592
0.557567312912729 -0.377784474552205 0.258861365947663
0.557238563540691 -0.37787952911235 0.26078322427033
0.556617865282489 -0.378102174502575 0.264067594553341
0.556337125969075 -0.378233932323164 0.265354451180683
0.555891708869342 -0.378414720888793 0.267334874490165
0.555421397157608 -0.378632657379178 0.269288202006996
0.554818636125654 -0.378888020064897 0.271966271801503
0.554457875167505 -0.379065374609139 0.273260859582713
0.553978397719184 -0.379269741596862 0.275227149625243
0.553224000000886 -0.379670539102074 0.277872288158377
0.552618343018618 -0.379971855577467 0.279833623335539
0.551786452312591 -0.380423129825681 0.282425500582059
0.551121334457244 -0.380794876265764 0.28433803601288
0.550645717325239 -0.381076760115684 0.285613762547325
0.549474171153767 -0.381774297454272 0.288837026286312
0.548746224433818 -0.382202662905094 0.290778400547433
0.547949595818591 -0.382700014514318 0.292555721173636
0.546308545365861 -0.383743860457565 0.296228326258284
0.54543244828028 -0.384319736204436 0.29802367613814
0.544569750092911 -0.384870737111695 0.299802145775369
0.543707549638478 -0.385413240465304 0.30157822019191
0.542803171511385 -0.385992613830288 0.30337465657843
0.541511250260331 -0.386831836785925 0.305746124354132
0.540191751367781 -0.387758858832459 0.30806922172165
0.538883578251353 -0.388633871428856 0.310216601975901
0.537531159965704 -0.389571588655778 0.312358018971362
0.536140587366036 -0.390568006859641 0.314506467866788
0.535409787307947 -0.391085145797727 0.315583975662981
0.534370867517535 -0.391791696537859 0.317093410214144
0.532945437809506 -0.392823993738168 0.319072086198514
0.531882736381332 -0.39353589030133 0.320533396091641
0.530083059154354 -0.394870547376358 0.322963065346279
0.528997749715074 -0.39567157887238 0.324351680235393
0.527888730227403 -0.396496768646995 0.325658443428889
0.526777148479997 -0.397358487555085 0.326961182991348
0.524892254381959 -0.398819261189759 0.329002865608215
0.523037805893542 -0.400302673862426 0.330993573526723
0.522275614468665 -0.400916788830478 0.331697275935436
0.520372850665836 -0.402482342126293 0.333514989598231
0.518473450034377 -0.40406723955215 0.335230014861693
0.517322338831036 -0.405061584915825 0.336164964094247
0.516176192171337 -0.40608223531838 0.337110092671246
0.515051491502613 -0.407060502272089 0.337891698812946
0.513919144342861 -0.408117345649519 0.338735848776389
0.51244973918871 -0.409480358224498 0.339741790636352
0.510583796153274 -0.41124928944473 0.340846714149735
0.509881654425998 -0.411935941093893 0.341246988229213
0.508757434524499 -0.413072202295861 0.341853978780997
0.507707019791183 -0.414137851384073 0.342389774300164
0.505946878444424 -0.415961559522059 0.343185093114516
0.504929274050947 -0.417106247058262 0.343552193541256
0.503931672154723 -0.418198019248012 0.343902838320918
0.503253346060242 -0.418976000224468 0.344083542819694
0.502018029887962 -0.420485380327934 0.344504253070272
0.501090104385262 -0.421651554261256 0.344703833695469
0.500200950072881 -0.422835491125366 0.34491947097178
0.499030070724081 -0.424433798665505 0.345165706847985
0.498106396753368 -0.425696589559809 0.345290729808251
0.497282612567063 -0.426908926588209 0.345522372171134
0.49620789015564 -0.428532186468826 0.345805964087717
0.495388836531296 -0.429772231301356 0.345957573375739
0.494212504512371 -0.431510740092084 0.346248947337736
0.493632297423441 -0.432369455519829 0.346375436049662
0.492758946160155 -0.43370033467634 0.346556455498155
0.491852035232597 -0.435048621779446 0.346721299240253
0.490672024315455 -0.436805358856991 0.347017081479934
0.489490008767584 -0.438613276697954 0.347368546145282
0.488598751741086 -0.439960933186924 0.34766172316925
0.487141009918191 -0.44218666962666 0.348193736051885
0.485978908776539 -0.443963811593866 0.348725849070711
0.485397863445747 -0.444829431658807 0.348930030225097
0.484532003320148 -0.446162188690392 0.3493467294046
0.483628075785396 -0.447486300653609 0.349761564424818
0.482693167163137 -0.448851241086367 0.350168292939442
0.481445032137213 -0.450646691043408 0.350729831756282
0.480874638478607 -0.451516947803487 0.351034981107088
0.479356274509203 -0.453728737542334 0.351837857090857
0.478777105398572 -0.454613341732737 0.352132137608077
0.477945538536563 -0.45586356101858 0.352623920012075
0.477094162243567 -0.457129559175058 0.353150348383045
0.47624729735317 -0.458394116028231 0.353730877579196
0.474869928874997 -0.460480780496926 0.35463216214262
0.474073825161135 -0.461652368118001 0.355191844464305
0.473066842614998 -0.463170903808547 0.355918234419403
0.471849429814939 -0.465067982481653 0.35688028183988
0.471351895795474 -0.465879006511337 0.357261229851379
0.470199255190058 -0.467640720273242 0.358237960772792
0.469344015232 -0.469004456535735 0.358970436410304
0.468698496173308 -0.47002706147333 0.359514153218022
0.467536898489254 -0.471962750308141 0.360636640233869
0.466795787008338 -0.473169227185 0.36132070190113
0.466456245427032 -0.473754033223204 0.361627977460968
0.46564673540564 -0.475185916759238 0.362469694807733
0.465000868862007 -0.476301930965102 0.363077573680641
0.46457990148062 -0.47708188106949 0.363467894657492
0.464300054418562 -0.477614831827079 0.363758247175157
0.463910541498728 -0.478361433242232 0.364019525008897
0.463392042134836 -0.479376677472205 0.364558591897226
0.46307349344485 -0.480131629436835 0.364836375446072
0.462735440158652 -0.480880326975142 0.365010862853431
0.462465859382362 -0.481546567872576 0.365221820278482
0.462117382383051 -0.48246528788259 0.365470051445616
0.461837166975752 -0.483367290374642 0.365605987400636
0.461512388969573 -0.484516976470598 0.365643431713154
0.461426535250709 -0.484937927011481 0.365672004512056
0.461281228910993 -0.485563572457857 0.365655905297752
0.461172564591118 -0.486181262583585 0.365514961845572
0.461065712759211 -0.487025412503566 0.365439796633012
0.460993979836251 -0.487847969750337 0.365211098537044
0.460911528118031 -0.48870542874183 0.364922854631197
0.460830080874899 -0.489550075811124 0.364609205619511
0.460838352856497 -0.490594854916719 0.364096111984484
0.460861803793482 -0.4912151672262 0.363696736012241
0.460984391619258 -0.492007506461934 0.363242862713751
0.461071453404265 -0.492591628890435 0.362868591482093
0.461203034045236 -0.493198455276599 0.362471204229834
0.461440600245005 -0.493977714395995 0.361899286476201
0.461607181179695 -0.494607226457376 0.361446884331632
0.461777084174968 -0.495271296716695 0.360864580353357
0.461972444051557 -0.495648625165867 0.360492736651337
0.462226468226907 -0.496327973162539 0.359875352907122
0.462490365046677 -0.496964746626025 0.359314186805897
0.462869089442144 -0.497863471288181 0.35850645330307
0.463190315237203 -0.498527749068055 0.357863497121799
0.463497157437944 -0.49921977418261 0.357188686526998
0.463835163366542 -0.499923295498432 0.356473364049
0.464126387759281 -0.500686353942412 0.355754475541422
0.464491548257864 -0.501430435654321 0.355003031900778
0.464805372877324 -0.502240716102316 0.354159839766029
0.465211867681851 -0.503028522050674 0.353373605847099
0.465567056449767 -0.503899521309002 0.352461754882628
0.465967119489044 -0.504748729834176 0.351632127137458
0.46640837182176 -0.505611492885237 0.350729898036883
0.46718703564618 -0.507102325333394 0.349256771342553
0.467861786235195 -0.508202848497852 0.348161038972223
0.46818049989878 -0.508784250917631 0.347491236870296
0.46908641540339 -0.510183240010801 0.346033449920989
0.469996136719632 -0.511608928394308 0.3443445745111
0.470561668601039 -0.512451993259783 0.343273693376786
0.471341908115862 -0.513618779585495 0.341868143379565
0.47212690146864 -0.514738976797409 0.340425938141134
0.472735117439302 -0.51555338171522 0.339267182367142
0.473496613522428 -0.516657533765096 0.33790984347536
0.474128107516302 -0.517442948812412 0.336887254602571
0.474701284902147 -0.518271244898563 0.335902195784848
0.475358508367885 -0.519040248130853 0.334751629756638
0.476503972423411 -0.520678944953024 0.332491738237323
0.477216752875906 -0.521765702034136 0.330937729496157
0.477548472800228 -0.522336746553126 0.330159499575672
0.478459606787169 -0.52358562202887 0.328113616010191
0.478961569203874 -0.524360021546957 0.326975769869799
0.479687180306959 -0.525275724408996 0.325438178891297
0.480197546046872 -0.525942726189902 0.324267782703194
0.480683881842119 -0.526572270298766 0.322962580734257
0.4812980890092 -0.52741036578113 0.321249986458641
0.481897413168613 -0.528242030534664 0.319463022160914
0.482343133718136 -0.528835890155073 0.318103296362097
0.482724475005217 -0.529460280989701 0.316629259656672
0.483321384045673 -0.530164178516008 0.314653450137957
0.483618815731613 -0.530543880758613 0.313727762066362
0.484459314662009 -0.531495309657022 0.31077496254313
0.484969884690698 -0.532121035159411 0.308767471766949
0.485353158445099 -0.532564699842321 0.307225232975947
0.485925378621314 -0.533295983422738 0.304515513086862
0.486454588886542 -0.533948581467575 0.30171024117817
0.486744864563978 -0.53436351406052 0.299934959557402
0.487103435930416 -0.534830345595461 0.297634758564484
0.487378514233769 -0.535167696721097 0.295862158704875
0.487653265932023 -0.535446151678857 0.294143321340785
0.487921884832928 -0.535705735463755 0.292430378526502
0.488239804065396 -0.536034739158509 0.290113370995741
0.488629593685857 -0.536397952218692 0.287191590002159
0.488817911756751 -0.536614225238786 0.285353586335101
0.48901839902457 -0.536798418061339 0.28360586318861
0.48922876978367 -0.536930732930102 0.281756745894439
0.489364056331847 -0.537138949536937 0.279960407620288
0.489502709880726 -0.53721852557206 0.278727211697333
0.48972398386825 -0.537335313823259 0.277031671888303
0.489922771116702 -0.537442889273126 0.275310486710429
0.490130268587736 -0.537522255370415 0.273676149299251
0.490395725131668 -0.53765992991638 0.271463692797467
0.490540889041948 -0.537682577665713 0.27042872657093
0.490794984278934 -0.537806486210356 0.2682867737491
0.490972635462163 -0.537908100822506 0.266705302343142
0.49114682684232 -0.537987699088263 0.265127788478903
0.49134343442217 -0.538051056855388 0.263588312568971
0.491590541233197 -0.538125978601053 0.261579813546563
0.491821569132681 -0.53819858378474 0.259685842077108
0.491998871441454 -0.538227082444772 0.258294558940044
0.492210709071085 -0.538223820481976 0.256936131088981
0.492507437695147 -0.538194030188745 0.255145986564835
0.492781589981383 -0.538151235415238 0.253505535505082
0.492952894294439 -0.538106354427225 0.252641359114404
0.493401418460104 -0.537985375817298 0.250268667871544
0.493667441991699 -0.537925155404956 0.249163064715442
0.493944631323123 -0.537794029962463 0.248028016962867
0.494240826334725 -0.537669137272224 0.246942498352208
0.494744713132197 -0.537379643680666 0.24564525277729
0.494992689703672 -0.537263436169315 0.245039389627256
0.495421576271091 -0.536979242126246 0.244064466717443
0.495854722372723 -0.536730969193223 0.243189066880422
0.496461933876496 -0.536352367807854 0.242056785593373
0.496938333487674 -0.536044057876416 0.241166188891699
0.497422619077735 -0.535744324568322 0.240377706060307
0.497942939869532 -0.535432468092689 0.2395481955458
0.536025402025981 -0.530584533894703 0.171808444881745
0.536040484252257 -0.530598190341082 0.170734503021188
0.536069237942563 -0.530593030566288 0.170165945971748
0.536025730712652 -0.530615376801201 0.169544015379594
0.536057401466969 -0.530619767508322 0.168685521489154
0.536047510375722 -0.530650421582779 0.167816083044374
0.536074873309656 -0.530614912448198 0.167309232867226
0.536083093840223 -0.530628926330096 0.166670704720121
0.536064631976693 -0.530672012718506 0.166232782329264
0.536064988237157 -0.530674790453348 0.165759094225504
0.53610247016973 -0.530669839511482 0.165238946877203
0.536068501439676 -0.53070313895521 0.164832415497733
0.536063489611937 -0.530701672431721 0.164599527631925
0.536100301454321 -0.530672792492483 0.164258920437493
0.536098007339965 -0.53065993265113 0.163917871235748
0.536093710448986 -0.530670332056637 0.163480927524991
0.536098680647141 -0.530695578046826 0.163222375257642
0.536099245646095 -0.530685302627233 0.163064964245751
0.536089167781548 -0.530680788908162 0.16285796466271
0.536112254880178 -0.530670357284604 0.162691038931843
0.536099968935883 -0.530688540773749 0.162489905301812
0.536088908503524 -0.530687447599147 0.162370536808195
0.536116228257792 -0.530657098686898 0.162297913159942
0.536093380576119 -0.5306859309876 0.162239341885301
0.536092018361062 -0.530680041398934 0.162249161532375
0.536124688700717 -0.530651044461606 0.16225093089274
0.536088896228367 -0.530682064951059 0.162260908476568
0.53608610212273 -0.530701910451058 0.162273366867237
0.536087502364143 -0.530684480036724 0.16228738048637
0.536106105335654 -0.530685596788712 0.162326066879023
0.536143048110114 -0.530679357295653 0.162339372214729
0.536101267603601 -0.530702698991097 0.162334692681064
0.536134385774747 -0.530650940859619 0.162283260852194
0.536128881186742 -0.530665440676987 0.16228393047612
0.536126691437743 -0.530676951250758 0.16231061282397
0.536129482192191 -0.530642659560527 0.162306034358894
0.536111441624792 -0.53066860834578 0.162265112840753
0.536124908649685 -0.530667418088095 0.162254187111616
0.536114474934456 -0.530671753138039 0.162343530054287
0.536088907070181 -0.530695970932253 0.162338127569568
0.536091509123019 -0.530685965038568 0.162337895519571
0.536104539569484 -0.530711531926944 0.162390098864416
0.536123092838917 -0.530683142330879 0.162477927509909
0.536111926029166 -0.530697918166107 0.162484382051894
0.536109240935625 -0.530735264356729 0.162585597605418
0.536118506998694 -0.530727220570273 0.162636828733295
0.53614205762905 -0.530786001179427 0.162970440555328
0.536186412757981 -0.5308203626623 0.163383968841422
0.536178958681697 -0.530843559613282 0.163495217724708
0.536203731500842 -0.530919895219431 0.164041660865116
0.536239009004775 -0.530977086940709 0.164601679887912
0.536249873545833 -0.531047680553608 0.165094735874213
0.536268605996895 -0.531071049785645 0.165403459715374
0.536219287945622 -0.53118562172295 0.165930225148022
0.536274890524605 -0.531219982772073 0.166596308001375
0.536237636674432 -0.5313334783047 0.167248038428474
0.536245709353442 -0.531474437464796 0.168214099186933
0.536265671429683 -0.531594260037641 0.169185687978542
0.536245584379682 -0.531797764946661 0.170302175366466
0.536249057423323 -0.531899066900414 0.170958583266026
0.536286774290399 -0.532215633874482 0.172951396623811
0.536295147901018 -0.532378403905956 0.174031052887946
0.536320696554961 -0.532502092660813 0.17476419470702
0.53632939842809 -0.532742172917848 0.176376355396471
0.53633557695664 -0.532930136945312 0.177647353340993
0.536284711078014 -0.533237229808892 0.17982949681727
0.536255978821587 -0.533418962986343 0.181193827482532
0.536181720547412 -0.533698674293015 0.183159713967543
0.536154163748351 -0.533878054299507 0.184658911945267
0.536116712526516 -0.53408643124168 0.186813053180643
0.536050349569249 -0.53428961836672 0.18839920681671
0.535978005678985 -0.534514212441638 0.190645623805367
0.535850766976682 -0.534795663238745 0.193003400168594
0.535837930738498 -0.534862601792714 0.19417591022105
0.535629355848497 -0.535171269968586 0.197829649594966
0.535539498381333 -0.535246207642904 0.199079992606371
0.535394223868297 -0.535394715748876 0.201001068270482
0.535189602463241 -0.535505702553076 0.203550259858235
0.535057575738279 -0.535555346535092 0.205556345282977
0.534825266720173 -0.535649568493031 0.20749148596394
0.534625278110634 -0.535663362483699 0.209513501978719
0.534335950762499 -0.535703633368398 0.212248374065488
0.534136340711211 -0.53565818923213 0.214347996408248
0.533843731813334 -0.53558698031475 0.217121060171506
0.533503589984156 -0.535559366308796 0.219949545853026
0.427512703129044 -0.536941741542547 0.296308649143855
0.425659629473464 -0.536530087021167 0.298230533489763
0.423836817957959 -0.536147385537172 0.300131876880676
0.421959685924406 -0.535775280642063 0.302120514646303
0.419423640840968 -0.53530143730378 0.30482308233157
0.416859865633526 -0.534915602233276 0.307608029897111
0.414897648726169 -0.534602517589119 0.309713268508052
0.410972459532127 -0.534182700252947 0.313886436360766
0.409638850519837 -0.534046317936698 0.315311186848327
0.407607516386335 -0.533901282395761 0.317391561522512
0.405530453624147 -0.533753264703147 0.319592819882749
0.401943453412193 -0.533499757030759 0.323381129949406
0.399799785744821 -0.533374083664056 0.325631041674584
0.397634771814465 -0.533213856767873 0.32784138434873
0.395465084894944 -0.533106991090086 0.330057937832653
0.393282357074535 -0.532998235364114 0.332282540129122
0.389484441848024 -0.532872473129585 0.336005094052398
0.38636630987129 -0.53279005821294 0.338986540202483
0.383243066801738 -0.53270069569246 0.341890957839653
0.38009120066075 -0.532636045458162 0.344714291321065
0.377694175827672 -0.532632184389498 0.346835108463626
0.374457457577799 -0.532590467710528 0.349710506002971
0.371982222453046 -0.532561780091695 0.351825823852443
0.369473872180512 -0.53251774612753 0.353954116817882
0.367766325924268 -0.532486698052141 0.355366952163513
0.365235489438842 -0.532426938682569 0.357479206061078
0.36182795865541 -0.53236323971089 0.360253308566606
0.357520796953502 -0.532381100756158 0.363488314614245
0.354863796399187 -0.532373035758994 0.365478385921357
0.352190411445711 -0.532362855221333 0.367417050476532
0.350385009535928 -0.532346568879089 0.36876378774522
0.346762374910156 -0.532313553157465 0.371422868955788
0.343150203960224 -0.532256625270934 0.37393103554672
0.340443853878313 -0.532237077396382 0.375771120020812
0.338618303552477 -0.53223215357775 0.376994557889089
0.334924452251547 -0.532317620365445 0.379387757290098
0.332103438164919 -0.532352122272563 0.381233013601257
0.328466210724266 -0.532335032889324 0.383561999870616
0.326584199594906 -0.532301590088024 0.384818097045174
0.322054123289683 -0.5322681304001 0.387739191961642
0.320300192226335 -0.532243052732356 0.388829260895526
0.316728201073817 -0.532191876016017 0.391149917105791
0.31405552671299 -0.532216854644109 0.392788746220809
0.311391752824892 -0.53214296670252 0.394463944585316
0.308734104344172 -0.532150331735467 0.396098472866652
0.306103009670643 -0.532137524071825 0.397707309038151
0.302667024964716 -0.532072749455069 0.399889863180054
0.300110513015628 -0.532055186894528 0.401419207476011
0.297591908048799 -0.532065674333887 0.402891482181664
0.294239600105535 -0.532076502442708 0.404936941537231
0.292625759420336 -0.532069809784266 0.405932439324557
0.289320203867684 -0.532119698877414 0.407877463416966
0.286875668437043 -0.532139654677873 0.409290430005486
0.282849788462857 -0.532134839247658 0.411719584926736
0.28044623096523 -0.532146868082494 0.413119642366839
0.278098858677349 -0.532113766616393 0.414557360820102
0.274951541026482 -0.532138357715665 0.416426282155324
0.271853036827521 -0.532167412084545 0.418198266022582
0.269534199842631 -0.532210036714113 0.419488993908018
0.266480732058648 -0.53227052632655 0.421134728825304
0.263542779027943 -0.532280477946962 0.422740127337065
0.260615930533162 -0.532260871893214 0.424351403640968
0.259146049334837 -0.532254223364544 0.425157725409332
0.257003410443522 -0.532234799822263 0.426348840919574
0.254111036748578 -0.532160427554326 0.427903145896736
0.250474080260161 -0.532134303126281 0.429811722863661
0.249036580346436 -0.532127804385254 0.430551887334952
0.245457740424212 -0.532087977945085 0.432300456427514
0.243323741415289 -0.532079899616226 0.433330243020788
0.241194230658728 -0.5320926333971 0.434247517535122
0.239081566324916 -0.532068473221175 0.435269301387255
0.236956032979844 -0.532032097267813 0.436244073522946
0.23483314004713 -0.532030308953889 0.437183149682091
0.232039845235433 -0.531954802116256 0.438451207675681
0.230671944262226 -0.531905641694071 0.439067870896645
0.227891873984392 -0.531876271088747 0.440294221160951
0.226533346023556 -0.531816944202497 0.440902309278739
0.224457521024595 -0.531811706168116 0.441810761479487
0.222355130754204 -0.531811344667255 0.44268691228122
0.220321027211996 -0.531836765747868 0.443423595712868
0.218167236590233 -0.531913514709144 0.444204723880396
0.216097323116458 -0.531958682616229 0.444921889316401
0.213326657862001 -0.532035947735003 0.445842209331248
0.211931409119118 -0.532091892256495 0.446354467993554
0.209867054157914 -0.532158315261873 0.44706080210528
0.207790229849063 -0.532247326345243 0.44774833427839
0.205729597383581 -0.532355661049507 0.448403337857894
0.20295517161764 -0.532555093226385 0.449255407032509
0.200838678604308 -0.532728773333443 0.449820093914843
0.198061861253317 -0.532989361153675 0.450625295606355
0.19596451858079 -0.533260433049889 0.451142417267091
0.194581073288291 -0.533442579247307 0.451478512863048
0.191788810330083 -0.533801464534146 0.452184559766541
0.189692623060284 -0.534136432431456 0.45263406513087
0.186135676030127 -0.534789726588068 0.453425893462537
0.184024157720646 -0.535173669327622 0.453883492932361
0.181922598177296 -0.535613482277485 0.454352369905814
0.179132257632654 -0.536241723603048 0.45487150030537
0.176387495991873 -0.536914194271346 0.455370124452644
0.174305053723604 -0.537456886347718 0.455732978458601
0.172215644250517 -0.538103241828257 0.456067259157296
0.168098778525626 -0.539403769436648 0.456760812585183
0.166056188729154 -0.540043472377722 0.457096239853825
0.16401756787663 -0.540677552847807 0.457405589508309
0.162681723950098 -0.541067043864219 0.45761860311051
0.160021197716363 -0.541859437972401 0.457998697277056
0.158683194155512 -0.542233520274556 0.458187389233571
0.156694270165113 -0.54285592320185 0.458466269373248
0.154052947925477 -0.54367613416154 0.458799848834821
0.152034318080626 -0.544337368983055 0.458994671000877
0.150099602398121 -0.545012588738789 0.459153255706697
0.148187350458765 -0.54567723476768 0.459283369742893
0.14450452188697 -0.546988498229585 0.459563779016248
0.142753603157416 -0.547676583703486 0.459625447035438
0.141568792781801 -0.548112099944964 0.459715199185401
0.139256981217819 -0.54897911824537 0.45987329316219
0.138135465717346 -0.549403776204953 0.459925168368884
0.136465681187541 -0.550052951881822 0.459981233475836
0.134346910977682 -0.550912411204247 0.460101183315097
0.133281933247558 -0.551337246351034 0.460122757951854
0.131773389402219 -0.551988719563759 0.460149571264802
0.130285711737025 -0.552629010600674 0.460162917372625
0.128352860120911 -0.553462168457329 0.460234432546695
0.126968180573497 -0.554095432084177 0.460293005009157
0.125591425579156 -0.554720251014879 0.460374570565362
0.12375627096103 -0.555527594199072 0.460441153967977
0.122419542534224 -0.556136803653128 0.46050415116435
0.119924410871228 -0.557332599498941 0.460662692235647
0.118268980343524 -0.558125898425187 0.460780693845942
0.117037745176457 -0.558712286233798 0.460849903064253
0.114997161073348 -0.559716473469744 0.461020223555583
0.112992910526647 -0.560648310118624 0.461142805356061
0.111787968917283 -0.561198246876626 0.461252923030347
0.11025554227079 -0.561848259244295 0.461371429353237
0.108674062544713 -0.562459194892941 0.461494530927811
0.107536222549329 -0.562928371543629 0.461546323695521
0.106303727043506 -0.563337710534062 0.461611916270028
0.105119552305257 -0.563754081550735 0.461647102541692
0.103919998243589 -0.564127210579521 0.461735881895101
0.102691638229424 -0.564441365516394 0.46173633393417
0.101039013751524 -0.564833803466876 0.461749180025601
0.0998305043120418 -0.565096610922618 0.461775067976121
0.0981751612263996 -0.565404813793616 0.461736789565801
0.0969267534220684 -0.565589226909632 0.461704933031965
0.094326227421038 -0.565893891565813 0.461617175926093
0.0925109526649123 -0.566054641438587 0.461502679115097
0.0916640782943811 -0.566073929317956 0.461461444816505
0.0893944021393394 -0.566198920849532 0.4612972735478
0.0875567448058707 -0.566194258323351 0.461168493841249
0.0861194162797499 -0.566196627735095 0.4610368533004
0.0846998067005368 -0.56616939179253 0.460917086466574
0.0832317631168688 -0.566103300808192 0.46079527162085
0.0812486522031953 -0.566049986377079 0.460616308366264
0.0797705142131819 -0.565976450046416 0.460504862817698
0.077259028511907 -0.565817441791424 0.460251262027826
0.0751785754415905 -0.565688720689025 0.460036007136987
0.0736528464405881 -0.565561820312956 0.459898335622742
0.072061538007189 -0.565468633957559 0.459720203377109
0.0704596144370995 -0.56531736267238 0.459584832019468
0.0683086029623043 -0.565168115762186 0.459377408116712
0.0666938930752177 -0.565045734766329 0.459246073700916
0.0640055993952923 -0.564888702208749 0.458959176199207
0.0618331997561417 -0.564741885550418 0.458814606574245
0.0596717387504361 -0.564614520655085 0.458646852368955
0.0580223910834541 -0.564526158918529 0.458480328623239
0.0564045268699507 -0.564440582935937 0.458354065317313
0.0542706665199593 -0.564316270211761 0.458236805203033
0.05267905536986 -0.564240292349631 0.458112733202866
