0.164136813083669 -0.533712456108235 0.348251525327145
0.165437823757995 -0.533303796522753 0.349419795461665
0.167294916480621 -0.532678907813626 0.351076716395776
0.168249205581305 -0.532362245822752 0.351914299488376
0.169687713951248 -0.531840341576747 0.353195338222855
0.171710632194426 -0.531123906047471 0.354913420179623
0.173794069520447 -0.530379950604482 0.356617000016361
0.176446440816681 -0.529373975192772 0.358844453060363
0.178116090470195 -0.528759418347693 0.360167630024082
0.179239324057884 -0.528338124964492 0.361095922272545
0.181558645207182 -0.527456140023918 0.362982323188765
0.183349415987008 -0.526784208505915 0.364460555698345
0.185776857829643 -0.525883130796516 0.366412742462946
0.186993443581072 -0.525432537153753 0.367387308127864
0.1894701504528 -0.524560395623186 0.369388677577279
0.192018163319101 -0.52369749847596 0.37130644166237
0.193957778344593 -0.523041923367102 0.372751000862157
0.195250101695891 -0.522621148696876 0.373714345556895
0.197236429368343 -0.521994651528784 0.375185346704638
0.200586674802243 -0.520933911393855 0.377649216191418
0.20262425292925 -0.520273284323282 0.379130043380842
0.204693278181696 -0.519610767874129 0.380700000693051
0.207518876831554 -0.518700067596897 0.382799003577288
0.208932130494362 -0.518280081576341 0.383877719318468
0.21332188298042 -0.5169956069471 0.387046672961283
0.214794709442731 -0.51656754060909 0.388089256497577
0.218569202232775 -0.515497871511046 0.390611036998858
0.221576856352383 -0.514597294690079 0.392548399269511
0.223110350711517 -0.514113339887793 0.393530480699725
0.22541873908196 -0.513365056638333 0.395064349173328
0.229290863707174 -0.512032995907886 0.397597129171716
0.231659942404741 -0.511169582503194 0.399101541817066
0.234051348100192 -0.510274954087543 0.400612566252194
0.235681004745337 -0.509663754564946 0.4015630417898
0.238878412359761 -0.508437103747636 0.40349378064241
0.241319187397111 -0.507529891916343 0.404882806454749
0.243828066877344 -0.506597352174255 0.406287522999263
0.246393829505419 -0.505666115960756 0.407675605511919
0.249890313635233 -0.504345895453981 0.409569329547107
0.251667682355341 -0.503669322777264 0.410484725415095
0.254361518110027 -0.502627238082206 0.411916621744795
0.257054235909127 -0.501530678802342 0.413367638292842
0.259806315363814 -0.500449263392895 0.414823153271201
0.262603785133793 -0.499302099905904 0.416271800337289
0.2654368697115 -0.498216912559632 0.417657545487082
0.26928543757019 -0.496729747562669 0.419465659967253
0.273185856449442 -0.495259921352418 0.421225398759356
0.276134885885456 -0.494179423974221 0.422566704677349
0.279101002684765 -0.49311543533853 0.423807443386135
0.285141210640354 -0.490933692203341 0.426327025768505
0.289268294298988 -0.489472215366244 0.427989219537192
0.292333173163586 -0.488421312904332 0.429142071057834
0.296484346606534 -0.486999365503165 0.430757779544107
0.300708322002215 -0.485612512882434 0.432232766088013
0.303878020348534 -0.484590577428236 0.433355272597613
0.305981299026227 -0.483910923840138 0.434025078487271
0.309131331845468 -0.482949231562006 0.435008170479525
0.31230641404021 -0.48199683807729 0.435995626120995
0.315551036900484 -0.481036699559544 0.43693033519246
0.318745726671951 -0.480106322888468 0.437805360024647
0.323010438011396 -0.478839035396602 0.438969676139765
0.325141049108981 -0.478205891146177 0.439560954591069
0.328333001552434 -0.477266856513381 0.440325888971556
0.33160201749723 -0.476258779300727 0.441117584371124
0.335864657590273 -0.474975552166664 0.442066248561084
0.339104672642012 -0.473991040491177 0.442647662374404
0.34230761944407 -0.473027308688019 0.443203728020653
0.345527975064368 -0.472071442396704 0.443782194303556
0.347728457347181 -0.471369945236262 0.44409594307564
0.352019060058006 -0.470050563512784 0.44472178497777
0.355221357314321 -0.469072343555261 0.445091108559172
0.357389822743135 -0.468377110812899 0.445341534804758
0.362807350590634 -0.466709731900495 0.445869693859323
0.366017827214033 -0.465663209061598 0.446160739214608
0.370282575699268 -0.4642366696947 0.446484031107436
0.375626926554536 -0.462437187475567 0.446927273999005
0.377770711201776 -0.461734514272949 0.447011646709663
0.380943594792224 -0.460638933872563 0.447223902589424
0.384107561963269 -0.459561222509695 0.447407639469616
0.387226341794399 -0.458477249177613 0.447588962871601
0.392358149556724 -0.456749911558598 0.447816311001875
0.395459125143708 -0.455745914721079 0.447910761970822
0.400502704694063 -0.454075227447613 0.448077216010974
0.404478030387568 -0.452806570993644 0.448208447580809
0.407488476024109 -0.451833702265645 0.448300365297729
0.413429657725881 -0.44997090975242 0.448310615420411
0.41633740885865 -0.449017691683221 0.448357972543339
0.41925113049222 -0.448087612406743 0.448333519364897
0.421217307781492 -0.447476696340437 0.448269252524583
0.426043764708575 -0.445870843562679 0.448307018250922
0.428908356407721 -0.444930012255831 0.448244364350213
0.431693562550922 -0.444014762742281 0.448171525958923
0.433583441650955 -0.443404482695556 0.448075729278686
0.437270678683338 -0.442173456171508 0.447957223539906
0.440028121437759 -0.441210727533267 0.447873385496266
0.441907519068069 -0.440551951168999 0.447790701617252
0.444621869441458 -0.439556387092644 0.447631057366196
0.447325249056334 -0.438568037112282 0.447494485299411
0.449990590784646 -0.437534383384128 0.447382308548607
0.446118226624741 -0.438008245613516 0.429337762777733
0.447481893500722 -0.437465888302054 0.42830884033886
0.448811394131904 -0.436965231205889 0.427216731400405
0.451510045296391 -0.435862824939919 0.424948521347118
0.452420349661074 -0.435466686190418 0.424079528862334
0.453726748569494 -0.43487717322243 0.422895735586192
0.455085768439829 -0.434197758304901 0.421628029319597
0.456433059510125 -0.433543736039515 0.420370844291321
0.458184282457455 -0.432658762427573 0.418558889708108
0.459493096103253 -0.43197263293926 0.417161101619078
0.460430608599618 -0.431469830604546 0.416184301287397
0.461762392862674 -0.430755136851401 0.414699024961894
0.463119951277794 -0.430006650815066 0.41314840426784
0.464491253396079 -0.429240811366911 0.411581413519932
0.46629655830616 -0.428263804047377 0.409340192180691
0.467688452810207 -0.427460849444501 0.40768872781718
0.469501226652882 -0.426441165560026 0.405445275490592
0.47091449027172 -0.425605320102449 0.403650543912842
0.473768852522733 -0.423836755806428 0.400204767699599
0.475240988884687 -0.422879588737198 0.398401859853585
0.476220289886642 -0.422214351328444 0.397224083327892
0.477698036750292 -0.421235469232985 0.395491880035778
0.479703056011635 -0.419885648428568 0.39309260421257
0.480667966163832 -0.419220891755001 0.39192506607674
0.482682990900813 -0.417896664742531 0.389466461871949
0.484250957879086 -0.416862531072129 0.387675677223385
0.485800544093035 -0.415800056364269 0.38588109562333
0.487370426480291 -0.414770350488411 0.384026526431222
0.48894093350327 -0.413728980377323 0.382192534065854
0.491040196650719 -0.412359522921375 0.379795410492911
0.492087675464198 -0.411681851924938 0.378574033396916
0.493721209025759 -0.41061285869646 0.376798577821269
0.495361509098274 -0.409535622232006 0.374925265800736
0.496992124085079 -0.40849296845605 0.373114065089993
0.499695328123071 -0.406808827982578 0.370156085790482
0.501857817979981 -0.405469620513501 0.367814569461254
0.503483517768288 -0.40449303549829 0.366084116105941
0.505635730959097 -0.403207086051851 0.363776880148277
0.507213776348468 -0.402309275821541 0.362130753218892
0.509328168660163 -0.401083424789629 0.359944294405439
0.510950560185595 -0.400166104256779 0.358309211882518
0.513046496456407 -0.398962641538828 0.35622963499748
0.514128842546297 -0.398347550868867 0.355155148879899
0.515625368547007 -0.397567205368409 0.353592638167576
0.517642842802593 -0.396485173455119 0.351478391344
0.51861681301592 -0.395996557930943 0.350423753025821
0.520073216337575 -0.395258872798899 0.348860502195598
0.521499474874142 -0.394577115646806 0.347306743767662
0.522927228303751 -0.393865002683155 0.345766544569043
0.525253771323541 -0.392725777166813 0.34325164794406
0.526601014413273 -0.392100788852267 0.34181164428538
0.528401277331681 -0.391254818476643 0.339922192478078
0.529271024064973 -0.390832483590541 0.338995550278004
0.562542065480775 -0.370289914981475 0.278932155364609
0.573567789012851 -0.368801978804822 0.21287911573725
0.573602584414997 -0.368838368470766 0.212040602073047
0.573647376844456 -0.368925538221608 0.210974007314013
0.573699082726386 -0.368944496149449 0.210217162532032
0.573756779318818 -0.369004023494412 0.209152841896659
0.573756299862069 -0.369061032698936 0.208373849564706
0.573808476326092 -0.369091605655935 0.207616991520258
0.573855944868573 -0.369153381851649 0.206654383998085
0.573865119143798 -0.369179033715186 0.205873652972978
0.573917199517768 -0.369177103326336 0.205215213185595
0.573931602279372 -0.369262115231497 0.204564969675927
0.573954148801399 -0.369265980658329 0.204142827094211
0.573992770548569 -0.369317828208559 0.203199546625427
0.574010110510106 -0.369356331251593 0.202511183880365
0.574021105491651 -0.36941631189084 0.202101401137423
0.574036416734742 -0.369446787938407 0.201224846499974
0.574108445230736 -0.369455631561917 0.20016798067941
0.574126653146751 -0.369480400038511 0.199521353033372
0.574172681077933 -0.369556763028705 0.198451359925463
0.574186326124203 -0.369590496866928 0.197582704765748
0.574214942914752 -0.369592680836709 0.197224964736099
0.574195693467552 -0.369680360062239 0.196014557660629
0.574204748605791 -0.369687969224499 0.195368741873987
0.574172223474971 -0.369787641013359 0.194599924919725
0.574093786261856 -0.369944610001404 0.193654857351858
0.574067896802169 -0.369979026473148 0.192926549745112
0.574005158760157 -0.370057407830071 0.192337725883653
0.573911739121354 -0.370192896752842 0.191678732007286
0.573835964669615 -0.370252015756614 0.191075834200855
0.573700799250948 -0.370424404169266 0.190449779017646
0.573582488353101 -0.370562334929151 0.189933278998609
0.573476598400085 -0.370638742164443 0.18941500565878
0.573314194110021 -0.370813031745414 0.188858371749026
0.573188006234565 -0.370915534273661 0.188406717199615
0.5729232593531 -0.371166082501903 0.187537544655476
0.57280315944018 -0.371287177314566 0.187101399360811
0.572661872914613 -0.371430963112117 0.186689015816368
0.572385616360317 -0.37167737262219 0.185954941781871
0.572131586158767 -0.371885911885787 0.18531000136885
0.571992650841361 -0.372017388006212 0.18497865871828
0.571808839327577 -0.372167779280809 0.184488349019269
0.571643881782085 -0.372332943916494 0.18399272574412
0.57148410545292 -0.372478552122083 0.183644388051554
0.571202344241709 -0.372698782656292 0.182856235248349
0.571133581512114 -0.372763084465108 0.182687084507305
0.571012783700834 -0.372886749862242 0.182278348019055
0.570941284300692 -0.372958312415331 0.181926199714695
0.570857106087635 -0.373026410840337 0.181571326586683
0.570761436711983 -0.373093178112132 0.181258091733166
0.570709900768718 -0.373154911521032 0.180908784184101
0.570641365875367 -0.373205029519415 0.180504899934475
0.570618509103155 -0.373196447630721 0.180055800708513
0.570588125413543 -0.373263296402856 0.179585436578369
0.570563586513038 -0.373316053482999 0.179261694079527
0.57060612269748 -0.373252785994059 0.178524502024275
0.570647278775105 -0.373244859433471 0.178205759082717
0.570653651078581 -0.373216861868906 0.177936055584971
0.570706268251273 -0.373146625987296 0.177461983229263
0.570756559559027 -0.373122137234667 0.17712570530968
0.57078579944841 -0.373073045777806 0.176727881074603
0.570838252735394 -0.373056613201961 0.176386330451454
0.570850698345 -0.373020824597226 0.176103874800288
0.570888867815933 -0.3729515250926 0.175720191995856
0.57096518539397 -0.372877385808061 0.175288020941596
0.570990674458607 -0.372833181676009 0.175046958959006
0.571033909915013 -0.372789746503122 0.174669588905177
0.571126855994086 -0.372674501405743 0.174178490471675
0.571189594892738 -0.372596689346159 0.173698049402434
0.571288715858062 -0.3724861236878 0.17320656687169
0.571326489093618 -0.372393573036841 0.17268914043172
0.571401338125072 -0.372313514084508 0.172178453289062
0.571473077198746 -0.372224416714836 0.171812852620394
0.57152947980041 -0.372157564899572 0.171084065876775
0.571621511964554 -0.372029067600785 0.170586069927832
0.571656469372744 -0.371985744618471 0.170198784739569
0.571697182009978 -0.371936015641933 0.169500899937184
0.571767661415603 -0.371835004295571 0.168886482193909
0.571804015850688 -0.371809473767701 0.16852187714294
0.5718471987779 -0.371715776891141 0.167981283512904
0.571918582212738 -0.371633928957021 0.167386967504387
0.571907164951564 -0.371617011631364 0.167113834811105
0.571950282873381 -0.371557189634625 0.166352757401643
0.571998802702598 -0.371548050702002 0.165944709175365
0.571981172449101 -0.371555878721774 0.165704295609025
0.572014954331954 -0.371494204559183 0.165024375097432
0.572072421091242 -0.371412091473952 0.16453069021014
0.572087857746633 -0.37140764864012 0.164294906719357
0.572116003180551 -0.371317550978116 0.163749609101144
0.572198948956852 -0.371262711789634 0.163247281195419
0.572216802873934 -0.371217423573733 0.162900822887178
0.57225164365128 -0.371166548742385 0.162320860580937
0.572272058105909 -0.371128847252529 0.161917615637323
0.572290988006318 -0.371129413111772 0.161678667158506
0.572356640392893 -0.371000237452892 0.161080863055613
0.572372786322577 -0.370949504139977 0.160722128743696
0.572407768556845 -0.370935289676831 0.160429586481215
0.572449755983761 -0.370898051695193 0.160147390620611
0.572473189379988 -0.370833781828275 0.15980543234025
0.572494837845417 -0.37077555587739 0.159251197678655
0.572515522358527 -0.370736938290578 0.159100241250072
0.57256205762181 -0.370696917503754 0.158448032663408
0.572576525929358 -0.370672252731421 0.158133819497679
0.572596686247327 -0.370628916753871 0.157774126975559
0.572606024089659 -0.370601984691019 0.157565248024314
0.57264705672112 -0.370555766096205 0.157287611293698
0.572671606133761 -0.370515455661471 0.156881698025472
0.572696227925456 -0.370453278993493 0.156614916576675
0.57270816732887 -0.370501863984649 0.156220117136281
0.57273711993344 -0.370422896030799 0.155899956610859
0.572734233575454 -0.370382400465084 0.155675955196691
0.572725710019286 -0.370388081317425 0.155506962765725
0.572735903091852 -0.37040867875925 0.155318102423704
0.572759443728219 -0.37039566908118 0.155091564656882
0.572767706021173 -0.370358267072599 0.18501278608142
0.572774842668318 -0.370388828641141 0.184935387665065
0.572783195591745 -0.370378994728883 0.18496288977506
0.572796420834202 -0.370391733525793 0.184970096688761
0.572796269896929 -0.370364376325415 0.184980536606508
0.572799822198054 -0.370367676510116 0.185003621190098
0.572810393580641 -0.370373034303479 0.185015787384559
0.572819097753325 -0.370375400433476 0.185027883393428
0.572829272059794 -0.370357477507931 0.185030597542736
0.572807690473959 -0.370390240219296 0.185052174735806
0.572808285682981 -0.370373775895872 0.184995442153316
0.572828583131694 -0.370331362917219 0.185009587476458
0.572830345115474 -0.370341715759366 0.185042409164223
0.572858803406993 -0.370315102013952 0.185036370771452
0.572833786088813 -0.370362023316241 0.185055371678665
0.572854812119929 -0.370329838821074 0.18505663392312
0.572857728538854 -0.37033688230116 0.185116695452258
0.572866067095059 -0.370359455603533 0.185139621629408
0.572874114373445 -0.370367261906129 0.185256058083981
0.572909290678276 -0.370385698262454 0.185344661922005
0.572917597428762 -0.370431015702258 0.185542569719048
0.572940482292332 -0.370469108168064 0.185692479783445
0.57299428962806 -0.370518858558522 0.185994008293168
0.573041160684935 -0.370641124059619 0.186380083483777
0.573098075163331 -0.370731328069083 0.186892547976326
0.573167493817279 -0.370813964003526 0.187321607619489
0.57318967539578 -0.370924094026168 0.187669416107426
0.573260384042855 -0.371041919485358 0.188200715834753
0.573351088247225 -0.371343918418492 0.189231233626027
0.573390505175212 -0.371478937255794 0.189655440524698
0.573527913399947 -0.371960593598437 0.191075710578685
0.573630079540284 -0.372294811857846 0.191972133276797
0.57375188033451 -0.372840545967452 0.193336604518902
0.573846943696627 -0.373278455191422 0.194448530194292
0.573990602977039 -0.373927273147499 0.196128847606964
0.574062158402586 -0.374536795480042 0.197420712799661
0.574106476290776 -0.374962748831485 0.198376794104395
0.57423409006224 -0.375612382131233 0.199883647135792
0.57432550448651 -0.376307455898185 0.20147055381156
0.574454839155152 -0.376996958675078 0.203131037609224
0.574636775786989 -0.378018812727805 0.205537725936009
0.574731070044162 -0.378530745856934 0.206755605443259
0.574923256357339 -0.379954605014982 0.209964345715914
0.575013674261941 -0.380515977463874 0.211297113371339
0.575169693228706 -0.38170064725395 0.213995188264103
0.575225791591173 -0.382357002619608 0.215428592024649
0.575338736464431 -0.383264662375903 0.217591060782471
0.575471118692557 -0.384210662001991 0.219880136001491
0.575636456321466 -0.385494110914451 0.223010306540916
0.575719557606397 -0.386124405904502 0.224635533614548
0.575920872819768 -0.387441756719468 0.227986681524339
0.576095403898983 -0.389175316098549 0.232335088798125
0.576185054569342 -0.390184882098264 0.234936673621362
0.576375117753056 -0.392279568856722 0.240407067335774
0.576483529461463 -0.393655993154365 0.244224743084815
0.57654657958472 -0.394317201476728 0.246118829102298
0.576604413173762 -0.395784199011921 0.250052707647823
0.576626127682888 -0.396880662213626 0.253014758385518
0.576649727076287 -0.39869371003154 0.258024416905755
0.576649379976589 -0.399382950704274 0.260040944533759
0.57655170940791 -0.401218697162622 0.265097765954301
0.57636310650206 -0.403088057518134 0.270270500622748
0.576210125326978 -0.404194415353724 0.273289054574844
0.575997489697939 -0.405363665928748 0.276372534359249
0.575864341145377 -0.406084130462936 0.278368573600481
0.575491758413214 -0.40763941098519 0.282401058755041
0.57513027947525 -0.408792842202467 0.285320653910381
0.574669850220787 -0.410301031903811 0.289276622686199
0.574240893176938 -0.411450239193107 0.29226623352821
0.573756906924296 -0.412643334067237 0.295219290476553
0.573213745364252 -0.413808120814358 0.29814882832935
0.571723362732405 -0.416575587991316 0.304664272180514
0.570757339902432 -0.418162344815315 0.308241444272393
0.569952860426633 -0.419381481893766 0.310972615054428
0.568797283247279 -0.421019865221784 0.314444853477597
0.567614164824444 -0.42261929026827 0.317855628497299
0.566646319623254 -0.42385440270083 0.320330496452429
0.565687958603907 -0.42503798944289 0.322702835128929
0.564269637235608 -0.426646689773561 0.325771808072978
0.56355304957745 -0.427405188245772 0.327286634047396
0.562440468594452 -0.428608444481549 0.329519153474471
0.560871483644277 -0.430208867699 0.332364557962238
0.559210668904603 -0.431874406369825 0.334990102570784
0.557464989824716 -0.433507655233581 0.337552719076825
0.556589411701059 -0.434317872881296 0.338731918841389
0.553819531676017 -0.436799280954073 0.342228672669383
0.552406984228881 -0.438043684804887 0.343883158861308
0.550960618426619 -0.439313166189283 0.345509916396153
0.54997897420707 -0.440166309605768 0.346513593426702
0.548524092386442 -0.441442013393458 0.348041377305062
0.54701233503916 -0.442758012411493 0.349436852847094
0.545481568631929 -0.444104759608264 0.350770217048187
0.543410565929167 -0.445959590145088 0.352474319127565
0.541848662621977 -0.447392098847293 0.353644400968353
0.540286285250229 -0.448863646867495 0.354734186174011
0.538683366741171 -0.450367807705017 0.355784810312399
0.537111276965359 -0.451870301461403 0.356742195793869
0.536047780841404 -0.452889688513479 0.357341477694425
0.534446450904468 -0.45440495025878 0.358235413565831
0.532292187401122 -0.456492913916438 0.359274645253067
0.530686660652806 -0.45803295254096 0.360043836393363
0.529099591468001 -0.459566137101862 0.360697797213073
0.528054971098608 -0.460628386253691 0.361135706662603
0.525899511773047 -0.462744213744977 0.361836505110803
0.524311839846346 -0.464337348352071 0.362292738720734
0.52220376731934 -0.466496867611182 0.362807052560911
0.521164901565555 -0.467544806714162 0.36299928270834
0.519111999809616 -0.46961698313878 0.363309009973619
0.517562896588987 -0.471210676528769 0.363640923709643
0.516028205335635 -0.472785770740058 0.363760136873085
0.514110023086658 -0.474815220876484 0.363870669806255
0.51265302278092 -0.476328481268664 0.363954543293037
0.51021945164084 -0.478883696034765 0.36380535593575
0.509284568958868 -0.47985950668386 0.363836596432179
0.507837215115843 -0.481366520236959 0.363724122475414
0.505967448015536 -0.483331749869405 0.363556454409536
0.505023176869748 -0.484310993294823 0.363445375249898
0.503198553671348 -0.486206278105441 0.363263346556867
0.501849973777284 -0.487596585653064 0.363134376936375
0.500966720284029 -0.488520564450514 0.362984916269991
0.49918116208567 -0.490372054023472 0.362788044994366
0.497905296459226 -0.491714740196653 0.362556561611695
0.49621759934276 -0.49345555654112 0.362238524171875
0.494956649397271 -0.494792454419106 0.361948046021254
0.493735206526047 -0.496081407956255 0.361657116283227
0.492899404503803 -0.496958743908784 0.361442935824779
0.49171640012547 -0.49822630874761 0.361078231823036
0.490151798351564 -0.499906765814253 0.360619542517727
0.489020368300239 -0.501102299704751 0.36018032084067
0.488255358934509 -0.501928654849997 0.359988638516308
0.487179693421514 -0.503067393143555 0.359534811542498
0.48611525412052 -0.504202721017488 0.359137606411177
0.484451747533625 -0.505953539594824 0.35828470983566
0.483520853044585 -0.506975162907541 0.357814031439996
0.482603812446448 -0.507988337207895 0.357309453555153
0.482034337298622 -0.50862611292273 0.356935669422015
0.481171695608423 -0.509599825124318 0.356354858266543
0.480375961400247 -0.510491030667277 0.355678094503388
0.479388293418968 -0.511697141699058 0.354815853850657
0.47890660611365 -0.512247653950349 0.354327910820098
0.478216442470627 -0.513087627699852 0.353668375026776
0.477397923072193 -0.5141220684687 0.352739262286335
0.47700424657177 -0.514631778398342 0.352275522521134
0.476253687951398 -0.51558210796997 0.351178412165589
0.475948984355198 -0.516059949405783 0.350674279746254
0.475345407418 -0.516907734267651 0.34956544923505
0.475008702327199 -0.517373543716649 0.34900654884762
0.474523746541059 -0.518132448354919 0.347884612980836
0.474275097067216 -0.518523890865163 0.347249936173284
0.473930440133238 -0.519204345504985 0.346034968931482
0.473693466040525 -0.519704187765438 0.345064847409765
0.473550439337757 -0.520023473283815 0.344461667889149
0.473283702320571 -0.520635994469333 0.343170154574662
0.473192506821405 -0.520914914692595 0.34245332836903
0.473041337380885 -0.521336714559061 0.341425101370176
0.472923435593007 -0.52174807046546 0.34033093891649
0.472762787183402 -0.522408259087223 0.338483631577244
0.472738958568934 -0.522864962943024 0.336906886511202
0.472729489757721 -0.523082524769236 0.336085039422078
0.472806645157888 -0.523681418036113 0.333652147769929
0.472944145068678 -0.524000931964766 0.331888442310249
0.473023806747582 -0.52418310345415 0.331095673480638
0.473279825557967 -0.524505269805745 0.328887773923616
0.473535078595574 -0.524874288350783 0.326578183157248
0.473707960545535 -0.525044419795438 0.325221518484809
0.473989889143899 -0.525364594217958 0.322960335980606
0.4741615966546 -0.525532809626609 0.321575497984625
0.474428686347082 -0.525756327853663 0.319759459758742
0.474682443991924 -0.525983758145806 0.317925648694004
0.474988462814908 -0.526257702688369 0.315576355263703
0.475232982939394 -0.526365506037806 0.314163015572165
0.475507184769834 -0.526554576981754 0.312274293036224
0.475907550863783 -0.526727573981631 0.309883937766294
0.476178230536581 -0.526831237693783 0.308472391731447
0.476440650162081 -0.526910049016306 0.307058740584879
0.476633728018178 -0.526954483667528 0.306027312451514
0.476901590121917 -0.527022672324824 0.304650163768211
0.47720422439286 -0.527045169291609 0.303247848925386
0.47770574314539 -0.527127086691661 0.30079538192568
0.478081445441037 -0.527115361860385 0.299464277138624
0.478418022170493 -0.527160320663024 0.298044102885466
0.47881472667146 -0.527111089598676 0.296612945828712
0.479418795746201 -0.527127811552818 0.29427409630637
0.479841395973916 -0.527099950173132 0.29279478759582
0.480082561661965 -0.527112026859159 0.291830178841653
0.48046929976661 -0.527086374522282 0.290368043594664
0.480916757714449 -0.52702071435988 0.288920132086585
0.481362763843261 -0.526970475651149 0.28743523496644
0.481945473575861 -0.526923293172128 0.28547205820089
0.482235490620912 -0.5268870022763 0.284504596405494
0.482970598957563 -0.526775504900928 0.28212640804631
0.483258621314589 -0.526742573333628 0.281138168342303
0.48388762256764 -0.526606905757611 0.279270041036804
0.484208042034973 -0.526537659911105 0.278335900488925
0.484638548795458 -0.526465734902066 0.276920756766856
0.48528996686903 -0.526296170868741 0.275050863357221
0.485574291847721 -0.526239789791372 0.274134698726847
0.486182329236468 -0.526121505045822 0.272342194875318
0.486618502442631 -0.526026319824604 0.270961760440357
0.487220656165539 -0.525899133759739 0.26918971822046
0.487695582251348 -0.525775923731062 0.267821349130986
0.487961083773242 -0.525708865273812 0.2669343631866
0.488425517436445 -0.525584653803795 0.265590357645538
0.488895571791584 -0.525454598785905 0.264298631879701
0.489499876587801 -0.525272031579318 0.262619969814811
0.489949041005313 -0.525122348941847 0.26140410194915
0.490515801979981 -0.524948569394776 0.259790256257182
0.490940726478381 -0.524829639687092 0.258646177256855
0.491371531778097 -0.524667160814827 0.257408779401903
0.491628255309362 -0.524608044884186 0.256655961817852
0.492252687098371 -0.52442607622608 0.254740062494438
0.492698727034224 -0.524336457908393 0.253221512490402
0.49292731968503 -0.52426370622468 0.252499691021586
0.493528861689645 -0.524121349276181 0.250273722005422
0.493697613253689 -0.524140052481845 0.24961707264355
0.493972253492857 -0.524087794104153 0.248565678536939
0.494295845528853 -0.523993683426572 0.247144834029361
0.4944553764364 -0.523971261329585 0.246414780262741
0.494731015818616 -0.523953126993934 0.245058949893291
0.494912373404248 -0.523935044062384 0.243977843187132
0.495050869222978 -0.523938011547633 0.243315166637432
0.495257166657105 -0.523895515731494 0.241911212478975
0.495404879778694 -0.523870640005458 0.240969281468259
0.495583342456409 -0.523880245715876 0.239689866843537
0.495688626984863 -0.523870631117567 0.238734911283668
0.495803552834087 -0.523866637516586 0.237721400055786
0.495874296775989 -0.523919299558235 0.236856967693796
0.495922370225441 -0.523983182372504 0.235999931929339
0.495956939033399 -0.523988411383856 0.235366252359351
0.496018749935574 -0.524044881146364 0.23386534724262
0.496016010020797 -0.524088031032041 0.23331529416345
0.496026460133259 -0.524122802263706 0.232461063225729
0.496080262875977 -0.524158409530654 0.231357968518957
0.496113519999829 -0.524206349647527 0.230567834738694
0.496143212291041 -0.524242837167853 0.229789556940398
0.496179564676464 -0.524242757597635 0.229243264224444
0.496224310251827 -0.524285525915619 0.228234217777233
0.496231984045664 -0.524343877513059 0.227479431529144
0.496271310915603 -0.524363058725693 0.226472689731763
0.496280345391817 -0.524411134817669 0.225785788983365
0.496295631139196 -0.524437149136666 0.2247283086089
0.496340870428825 -0.524484448278112 0.22403328793935
0.496347122591271 -0.52454675169379 0.223054731809423
0.496351514622858 -0.524554861551856 0.222539912837368
0.496401721136067 -0.524611560628394 0.221041477526713
0.496424555984503 -0.524603368640915 0.220336929547862
0.496433998372289 -0.52465173134423 0.219877883522868
0.496451447011176 -0.524668011985711 0.219136870989047
0.496473265698028 -0.52468433470302 0.21821858046816
0.496460851452254 -0.524744598691395 0.217379956954956
0.496463949712693 -0.524742266496129 0.216652221068976
0.496498391605656 -0.524736496735422 0.216035394673772
0.496544038999219 -0.524750009612356 0.215428892333823
0.496538906806918 -0.524806223948467 0.214623946790123
0.496567524249045 -0.524772248296641 0.214240429674675
0.496563419281951 -0.524843414793552 0.2135100712197
0.496571676649468 -0.524856086099601 0.212732558841364
0.496597927607329 -0.524890461137403 0.212238218111087
0.496611680681806 -0.524905446689333 0.211855846305568
0.496633670052766 -0.524979230716231 0.211192155192532
0.496666259693167 -0.525050212974727 0.210578312877668
0.496728410567271 -0.52514517383167 0.209990260944774
0.496794699460289 -0.525199391442522 0.209563050625199
0.496810956974961 -0.525252781354867 0.209276999980158
0.496887122161286 -0.525311833938709 0.20869036688097
0.496930246511353 -0.525461528862798 0.208175775365946
0.496973493218042 -0.525512419866122 0.207895115528561
0.497069079150208 -0.525701869437732 0.207302006124352
0.497205281620112 -0.5258546967208 0.206699242649944
0.497221518397013 -0.52596429891622 0.206255127499896
0.497339910327564 -0.526097861477322 0.205851623239023
0.49741424168425 -0.526259272847872 0.205394983619858
0.497425158946435 -0.526352631932446 0.205132832958332
0.497534059859911 -0.526533616931717 0.204661704079807
0.497650966020642 -0.526716824040573 0.204229049461202
0.497729931690189 -0.526837386305105 0.203810427062805
0.497814040186819 -0.527045163464047 0.203409565123442
0.497937837294237 -0.527221959695818 0.202990510361513
0.498080967586812 -0.52742562086074 0.202418851151065
0.498150634926449 -0.527536949617846 0.202212079062239
0.498300067032198 -0.527761000457786 0.20164950355996
0.498391587443186 -0.527934243542368 0.201139793644842
0.498498117340655 -0.528089163617435 0.200717887360988
0.498634351215438 -0.528278887282612 0.200210457706509
0.498746989269033 -0.528421158966767 0.19977510269934
0.498818089736577 -0.528479055294515 0.199604248727059
0.498924454122459 -0.528670928494926 0.198868180614681
0.498985563369001 -0.528785247933241 0.198408630922509
0.499011395506757 -0.528865682331793 0.198161404367694
0.499102481058854 -0.528938898473618 0.197589752204037
0.49916204144331 -0.529051830600581 0.197148091176824
0.499186996755064 -0.529111401715552 0.196794907758786
0.499207686921931 -0.529116980141201 0.196561879253644
0.499218090148594 -0.529162795186171 0.195993985612245
0.499254612587736 -0.529101198341922 0.195439725940104
0.499245145606544 -0.529062427242447 0.194854234408784
0.499233144659586 -0.529056518500664 0.194273424038863
0.499289396354669 -0.528986863909623 0.193590638902541
0.499313516084167 -0.528983175389456 0.193371252752107
0.499353344975115 -0.528950377990701 0.192605324924244
0.499408839981533 -0.528893877336055 0.192155047155373
0.499447696060555 -0.528864169280388 0.191783122815663
0.4995175869044 -0.52881060370616 0.191028763512905
0.499567166340544 -0.528775188641053 0.190458533270294
0.499572568672464 -0.528722119187064 0.190152460317595
0.49963303140689 -0.528690538490855 0.189719067051534
0.499738261405671 -0.528592351773434 0.189146984771778
0.499782365339723 -0.528552647362458 0.188765880540368
0.499818078711513 -0.528528228542864 0.188448479682127
0.499848522540135 -0.528479068806116 0.188051346721391
0.499920891259694 -0.528391797546435 0.187571600425357
0.499985867163766 -0.528342992032028 0.187040251346438
0.499995821053655 -0.528314180256681 0.186755829459868
0.500061384049907 -0.528268408576241 0.186329732014745
0.500111813720387 -0.528195321880602 0.185746985530261
0.500139922486645 -0.528197939187101 0.185099645341242
0.500177187750419 -0.528148018410122 0.184844949309857
0.500213809978604 -0.528095587013279 0.1841742151868
0.500226392744665 -0.528102065652375 0.183917974291721
0.500215287877227 -0.528082916444677 0.183587138906661
0.500252823706684 -0.528053960927125 0.183148797699498
0.500242044183926 -0.528051732446725 0.18289768514993
0.50022617780724 -0.528088928867 0.182492553291796
0.500403265391678 -0.524177352939257 0.152799226791828
0.500425207134494 -0.524176097301468 0.152762012284486
0.500471613056789 -0.524134741125997 0.152764041303967
0.500491142260199 -0.524116353660544 0.152748859445467
0.500480481985313 -0.524098523237351 0.15274513714479
0.500474108462378 -0.524129420684909 0.152788467623301
0.500466992840269 -0.524104164249034 0.152748885910533
0.500443707130882 -0.524168360285069 0.152832476520997
0.500441579031853 -0.524168662200799 0.152813300980285
0.500398564875036 -0.524199241589024 0.152860009200215
0.500427409792371 -0.524222138783556 0.152961037328335
0.500391776164492 -0.52424758538651 0.1530479223715
0.500371094868916 -0.524292484085108 0.153304871771501
0.500313512205796 -0.524415668560271 0.153836504912288
0.500261348897217 -0.524491482556821 0.154069551412266
0.500186530657862 -0.52467169076034 0.154757727017648
0.500092760406458 -0.524850803216747 0.155382034974347
0.49995346491323 -0.525131459765974 0.156317726316409
0.499776792951614 -0.525407802858645 0.157101673489552
0.49959659979751 -0.525735143208127 0.158028719620708
0.499327953495654 -0.526215119833773 0.159429403622065
0.49905773898998 -0.526698850667316 0.16060200032481
0.498693543736038 -0.527359789983132 0.162334113048249
0.498499641071137 -0.527737264275627 0.163350348962674
0.497799277789902 -0.528978766755891 0.166395063218297
0.497447662215316 -0.529663558450351 0.168150969375497
0.497013234462046 -0.530406253442188 0.169937687232953
0.496575165486572 -0.53119923527499 0.171851671877869
0.496108024001398 -0.531995483054247 0.173876563023702
0.495413142694148 -0.533146963186986 0.176707799876977
0.494700132435812 -0.534268622304666 0.179678385934262
0.49410557396823 -0.535179243547082 0.182012724319996
0.493710636566966 -0.535786419444612 0.183692388249833
0.492853199324189 -0.537018623649629 0.187042019217522
0.492178351014985 -0.537957062232782 0.189608386479503
0.490440032199612 -0.540275425278075 0.195815140107019
0.489380145794887 -0.541577053007147 0.199440098935063
0.488814073199819 -0.54224824656991 0.201318475211617
0.487122711855414 -0.544195952689652 0.207113684122913
0.486170535375875 -0.545220932411476 0.210100374599185
0.485269601030136 -0.54614305449869 0.213147173994494
0.48423507241836 -0.547119533640192 0.216178524680883
0.483202859919662 -0.548064909366154 0.219155513321898
0.48174170505996 -0.549322679797065 0.223145880645536
0.480575538789359 -0.550307725869328 0.226158815070741
0.479785773665338 -0.550970288642312 0.228267611432584
0.477780995491546 -0.552455709667672 0.233285070794387
0.476519428181086 -0.553343676738483 0.236300094025162
0.474797134463183 -0.554426920391609 0.240261244408518
0.472025079614649 -0.556034497847113 0.246094416762381
0.470023192344575 -0.557078096849823 0.249882824937497
0.468979724266341 -0.557606612368461 0.251728937824166
0.466832491910247 -0.558644911369464 0.255476726608715
0.465205301684051 -0.559374769387279 0.258226464796152
0.463536098205617 -0.560070420556964 0.260952045849678
0.461824319365008 -0.560797672329316 0.263675408671982
0.45825690574621 -0.562227601162397 0.269007761824603
0.455125835257364 -0.563477391874247 0.273326351551144
0.453799319902946 -0.563983606729456 0.274974625716624
0.450434591600173 -0.565230341018302 0.279226023622153
0.448377147920669 -0.56592672165708 0.281749715938572
0.446258309973797 -0.566652999019842 0.284219600040255
0.444105068584427 -0.567387916437958 0.286608431617785
0.440285737404604 -0.568680693296734 0.290605198420068
0.437908925185057 -0.569513969796848 0.292914766599316
0.435516150991969 -0.570248565371394 0.295270884890478
0.429705327818399 -0.572061519357273 0.300659706723843
0.428005094746202 -0.572583300934313 0.302207353549669
0.425396814473909 -0.573363917912003 0.304444505446168
0.422725163816189 -0.574187972669041 0.306673303693131
0.420010256410967 -0.575008681108666 0.308791951962571
0.417289032010541 -0.575813625614748 0.310984085021662
0.413564816597982 -0.576862743935983 0.31386088643489
0.410782966528922 -0.577652830472744 0.31596211747393
0.408872843732445 -0.578196427743136 0.317419541346949
0.405949547215942 -0.579001669705545 0.319527637408464
0.402928629479869 -0.579848719765543 0.321602729941305
0.396912559609532 -0.581494178430237 0.325669741576413
0.394898132779179 -0.582033180197701 0.326998079352028
0.391738866651873 -0.582886683478869 0.328942452074729
0.388601492425895 -0.583747603054372 0.330947401168221
0.383199506740523 -0.585190631661507 0.334157848650497
0.378814228848167 -0.586343441902214 0.336766244354233
0.376587110598322 -0.58692112645791 0.338119536126418
0.370921474465627 -0.588386017640074 0.341198626590943
0.367488705939137 -0.589289255767789 0.342987068133287
0.364001976440224 -0.590169744260887 0.344762807177646
0.360454797585302 -0.591098091844011 0.346423061255888
0.35562756476303 -0.592365736890775 0.348629246483497
0.351914387546442 -0.59330613837853 0.350216316672114
0.348154579403575 -0.594258731891219 0.351829659962427
0.343138896157287 -0.595491902656533 0.353998141408227
0.33929583011756 -0.596432772318726 0.355547041153657
0.334029326337665 -0.597744507258613 0.357484628047955
0.331375155548938 -0.598395228310982 0.358445878812497
0.324660499604398 -0.600057528268023 0.360658638931548
0.317860996714067 -0.601733384694071 0.362671510142176
0.315109879952891 -0.602385889347227 0.363427711736919
0.308168645343681 -0.603991535678801 0.365381954368865
0.303913474299847 -0.604986817318936 0.366423495327161
0.29829062667758 -0.606226608975985 0.367806111368442
0.294035907325641 -0.607201630220429 0.368756415974521
0.291188080212737 -0.60779673417194 0.369363461104831
0.286931960882284 -0.608700837979474 0.370241811795561
0.282559426242668 -0.609656175279147 0.37101948943021
0.276858303047237 -0.610887614566368 0.371971582907029
0.27110989025391 -0.612091705935287 0.372771182078125
0.265304466479422 -0.613281079806549 0.373612033261926
0.260997042145177 -0.614152624629033 0.374231006583453
0.255264764285099 -0.61525586628816 0.374985201457887
0.249541238839967 -0.61638612247937 0.375673012568777
0.245239814645841 -0.617197463712043 0.376146711854806
0.240985181774864 -0.618007049530653 0.37659625287186
0.23811339017009 -0.618582363522978 0.376814452760164
0.233842105811878 -0.619416545124993 0.377118435362619
0.228112738248545 -0.620535504040026 0.377491921739077
0.223906749871091 -0.621338731370445 0.377718023925923
0.219643972079945 -0.622175406643012 0.37792347863097
0.215469552677707 -0.622974853937241 0.378057243724437
0.212665569808971 -0.623515404136064 0.378149186204221
0.207085844393344 -0.624573635742342 0.3782275826392
0.201623381056475 -0.625606183960371 0.3783048513725
0.196193379460244 -0.626604144455772 0.378311624778366
0.192162852330799 -0.627345527221902 0.378272388870282
0.186811197478475 -0.628320304620366 0.378142280392744
0.181544905476613 -0.62927634216168 0.377904064936045
0.177619300235227 -0.629947952328079 0.377696090660532
0.173749366516811 -0.630588574767335 0.377510609274884
0.1698581444719 -0.631230129546629 0.377249124147896
0.164809489792779 -0.631991901501229 0.376917823224372
