9.110677701200148304e-02 -6.223946340127471943e-01 4.441370616112625958e-01
8.645040366193662562e-02 -6.187655849695008481e-01 4.440277751865462363e-01
8.224184930914645031e-02 -6.147231565150841348e-01 4.442015020572331330e-01
7.879053275472502893e-02 -6.100715906189495552e-01 4.448593367131724596e-01
7.550618162683016277e-02 -6.054625776483836264e-01 4.459125599431124076e-01
7.250876361664163050e-02 -6.010597624659952398e-01 4.473124642374955440e-01
7.059261682940644322e-02 -5.967094064416788024e-01 4.490953136783598088e-01
6.928730799891580361e-02 -5.923892075805023971e-01 4.510945569420410917e-01
6.832601651120968900e-02 -5.880869162752446755e-01 4.532157739791471962e-01
6.755659419992335324e-02 -5.837962521039924413e-01 4.554052026647615325e-01
6.689084929083183306e-02 -5.795148103561589270e-01 4.576318180901295385e-01
6.627514914377509447e-02 -5.752432604622986778e-01 4.598769909264185940e-01
6.567254270593898824e-02 -5.709855691376320985e-01 4.621282776484378907e-01
6.505044349424955741e-02 -5.667503226204457789e-01 4.643752726929064600e-01
6.436976743434807968e-02 -5.625535887515162869e-01 4.666061399373601093e-01
6.357190483580529849e-02 -5.584242729210374678e-01 4.688036673259902143e-01
6.255918382864447680e-02 -5.544137531986806922e-01 4.709395295177116747e-01
6.116231307334890621e-02 -5.506130063568217547e-01 4.729648461058033049e-01
5.908395131435813935e-02 -5.471829334613360629e-01 4.747938881489995877e-01
5.640764261722557710e-02 -5.441588608177521103e-01 4.763558437307870985e-01
5.335922725331757738e-02 -5.415221783930390664e-01 4.775236890504975795e-01
5.022282769646643080e-02 -5.392396258343692406e-01 4.780413197328826636e-01
4.732748701621226906e-02 -5.372968319495450285e-01 4.774158467209361212e-01
4.508260124096193783e-02 -5.357926784376552121e-01 4.747733463928818232e-01
4.415014359358292867e-02 -5.349415371866638180e-01 4.685471143915459491e-01
4.390886267339233484e-02 -5.345254614911401081e-01 4.602975371770479107e-01
4.399887995508802718e-02 -5.344482393891517580e-01 4.509004701023594519e-01
4.417074964732768672e-02 -5.347266101165983887e-01 4.408492719003828664e-01
4.426827224054792620e-02 -5.354059488797440203e-01 4.304997326434927829e-01
4.420348359749072531e-02 -5.364908807522976719e-01 4.200468404074929607e-01
4.394604871011111025e-02 -5.379112326213465467e-01 4.095316246693193607e-01
4.340141715559189123e-02 -5.397086380394775507e-01 3.989743404051830922e-01
4.253881190960893954e-02 -5.418088862956631502e-01 3.884157264198667692e-01
4.151696275568404759e-02 -5.440425802657316012e-01 3.779018555718184902e-01
4.044151817469301968e-02 -5.462848047301448462e-01 3.674937150985827516e-01
3.940026150515733849e-02 -5.484134879674797958e-01 3.572875356959739346e-01
3.849237205608389834e-02 -5.502687111806161546e-01 3.474468684166803767e-01
3.787431551416353681e-02 -5.518331716943190024e-01 3.382834549832641757e-01
3.781567253597174771e-02 -5.531537450623604801e-01 3.303432818244702029e-01
3.879654200078921922e-02 -5.542937093649809022e-01 3.245660214782374320e-01
4.164352693556490348e-02 -5.552561396606102706e-01 3.226123174200186128e-01
4.782466449901211919e-02 -5.560176750245203747e-01 3.274630540516378363e-01
5.588142694360040408e-02 -5.563761502477284626e-01 3.360484581231072410e-01
6.491494008728304621e-02 -5.560319767328851803e-01 3.465889683489152273e-01
7.425316637418102883e-02 -5.544723605271177913e-01 3.579777883816065431e-01
8.322202790215245394e-02 -5.507493100538014552e-01 3.693580077938908857e-01
9.066536004700981310e-02 -5.445832069258292885e-01 3.808653805792145963e-01
9.573600071356755392e-02 -5.362228445742791560e-01 3.926032624050781461e-01
9.879546514969977933e-02 -5.265067914627847845e-01 4.045037498800099218e-01
1.006062008945958763e-01 -5.161329216626668881e-01 4.162971922702646266e-01
1.019086721798150574e-01 -5.056135809432817929e-01 4.276468247111621657e-01
1.032739217503563511e-01 -4.954126247675680883e-01 4.380679456882396461e-01
1.052939184463249633e-01 -4.861000367797037036e-01 4.467663498657681309e-01
1.076892207693012776e-01 -4.773115910092889935e-01 4.544785797817911810e-01
1.103174457034896555e-01 -4.688266584684270266e-01 4.616455472684011241e-01
1.131138511034983918e-01 -4.605257812457421163e-01 4.685264100145579702e-01
1.160680024071033545e-01 -4.523447250342417791e-01 4.752637780548286117e-01
1.192220470199481658e-01 -4.442591958639920402e-01 4.819524298551496888e-01
1.226311449819667276e-01 -4.363170974953635151e-01 4.885851663759236407e-01
1.263646254353362197e-01 -4.285513083861679506e-01 4.951222674032622617e-01
1.305999450193496003e-01 -4.210534767473635975e-01 5.014921342254662351e-01
1.354871259391708938e-01 -4.140207022846142393e-01 5.075020503084128887e-01
1.411429384162635470e-01 -4.076760848499629275e-01 5.129440540458682918e-01
1.476171428913940764e-01 -4.022610002285271213e-01 5.176515228095857069e-01
1.552322971380102334e-01 -3.983266684764946719e-01 5.212129889800721783e-01
1.641309740712272314e-01 -3.966868720690939765e-01 5.231133202894906464e-01
1.739340941283638031e-01 -3.977875433086975332e-01 5.232091087188898149e-01
1.841374495177666992e-01 -4.009974185516420042e-01 5.219167994866049654e-01
1.945101565330766835e-01 -4.056244692826110887e-01 5.196056566815504540e-01
2.049645946711980971e-01 -4.112255697444522351e-01 5.164674733078030711e-01
2.154633582081845466e-01 -4.174886422326775093e-01 5.125871295586937881e-01
2.259461520562323633e-01 -4.241520373902251673e-01 5.079754464387390422e-01
2.364062572588017663e-01 -4.309479074116121522e-01 5.026950829770715501e-01
2.468251002229359670e-01 -4.376878051795283775e-01 4.967027808211887940e-01
2.570539354522650699e-01 -4.442638188039783609e-01 4.898547576883028887e-01
2.667259850701976798e-01 -4.509511553794154359e-01 4.821546623778141805e-01
2.755310659193488387e-01 -4.585590746585166966e-01 4.740864862153291170e-01
2.834306994707216920e-01 -4.681987772761647681e-01 4.666644272933637150e-01
2.932801188977735007e-01 -4.764482588447831457e-01 4.598862111087083648e-01
3.050908869175927296e-01 -4.825700091862384911e-01 4.538043543755143072e-01
3.185321274057287266e-01 -4.862733031504186676e-01 4.485860593008469954e-01
3.330338681018079616e-01 -4.873737312677756672e-01 4.445360212597649352e-01
3.480841493294629663e-01 -4.855922954879391407e-01 4.417000256189284602e-01
3.634466547950609971e-01 -4.806378614593301846e-01 4.397355098602037105e-01
3.789343405175137347e-01 -4.723619942343331712e-01 4.386451378066538176e-01
3.946096008247346187e-01 -4.618484960920142823e-01 4.379479880539247083e-01
4.105911787490615916e-01 -4.505970953575911264e-01 4.359262849887555746e-01
4.268123423327914168e-01 -4.395030978989206694e-01 4.318013346343237413e-01
4.430261110651728673e-01 -4.288003075471886749e-01 4.251883236800138577e-01
4.590834530771761846e-01 -4.186705779746709433e-01 4.157388371375391745e-01
4.748349125036237517e-01 -4.093613076382058846e-01 4.031893747798402927e-01
4.899675376455425169e-01 -4.010658617078996513e-01 3.875125535599923676e-01
5.041243260910110990e-01 -3.939473798559905426e-01 3.688799644856526894e-01
5.172405673051069241e-01 -3.880116649180191946e-01 3.479815493641556512e-01
5.291929146632466940e-01 -3.828656562109106765e-01 3.253181244858374677e-01
5.398585231814038154e-01 -3.785197213580651088e-01 3.012157208204644387e-01
5.501959394918304325e-01 -3.755299791940819865e-01 2.764504398461674617e-01
5.591692104376572159e-01 -3.733496186549744023e-01 2.513214878487981530e-01
5.659758539527873777e-01 -3.722627320579757759e-01 2.268355576346658964e-01
5.705003462107691714e-01 -3.727056805411251283e-01 2.048047753457882258e-01
5.725014306260717278e-01 -3.757384732570939745e-01 1.878197928665642502e-01
5.722611851982238873e-01 -3.833584504435394447e-01 1.802392619648485184e-01
5.712300563217093119e-01 -3.941250597497306662e-01 1.881982144951877267e-01
5.681680060517760866e-01 -4.054437655592212364e-01 2.054627498809729058e-01
5.627369630503263886e-01 -4.170110963451652553e-01 2.270802068751066050e-01
5.546548073791462974e-01 -4.291098176478352899e-01 2.496901764717616712e-01
5.439971635642378844e-01 -4.422743241687025484e-01 2.707692943725574786e-01
5.318435695177063938e-01 -4.564748657528658882e-01 2.883990077602481827e-01
5.194962515775979339e-01 -4.714552763704643601e-01 3.004668003997478243e-01
5.094604649081773129e-01 -4.868146505009062208e-01 3.046509800022103587e-01
5.047061885635021339e-01 -5.011206277450044322e-01 2.987568591815021879e-01
5.061804816605345314e-01 -5.123233158317637148e-01 2.833575987825490694e-01
5.107998995396577646e-01 -5.205472931510315426e-01 2.623309533399988402e-01
5.158066948243635874e-01 -5.266712936259400069e-01 2.387436755436319058e-01
5.189997269611030806e-01 -5.313638390812747136e-01 2.156857442303217187e-01
5.191157395263189533e-01 -5.352986288650363189e-01 1.972762964523232521e-01
5.151827774874595534e-01 -5.388356210031968185e-01 1.890407728607175208e-01
5.070555701198791176e-01 -5.414830250798282618e-01 1.995587380000003463e-01
4.972727881329384592e-01 -5.433548773434981882e-01 2.209916830364878626e-01
4.861177303869258504e-01 -5.445320092270208301e-01 2.481515684328292615e-01
4.731537360595677311e-01 -5.453432684384007523e-01 2.776519974145638670e-01
4.575429199938420566e-01 -5.465732915979270023e-01 3.071149196093049816e-01
4.384572273230532002e-01 -5.496810299354332185e-01 3.344684801019687792e-01
4.167158556591905039e-01 -5.554352144108120060e-01 3.586075347377504774e-01
3.933370379321883825e-01 -5.623538785515008742e-01 3.794874869875068946e-01
3.688786105489627043e-01 -5.683642167895435193e-01 3.975142462587971104e-01
3.436517859234246020e-01 -5.726490464565446858e-01 4.126642300889086235e-01
3.176237916772411962e-01 -5.753872860322590821e-01 4.244173963093770818e-01
2.912292105346970250e-01 -5.767333754547924185e-01 4.330126362211562663e-01
2.650550725022956522e-01 -5.763568276073536278e-01 4.393691416249512205e-01
2.391065537452378986e-01 -5.747350022505394174e-01 4.434248290701178208e-01
2.135496298442191854e-01 -5.721350033416710001e-01 4.454279207385300476e-01
1.887008254505926630e-01 -5.695474702937606271e-01 4.451799019231916787e-01
1.649143965803583356e-01 -5.673602819333937175e-01 4.429890043266870303e-01
1.425969399780573355e-01 -5.648519454661987682e-01 4.394429440946854837e-01
1.220246323571208547e-01 -5.614855464073164049e-01 4.351562511602385386e-01
1.036115813485237319e-01 -5.567477517134356013e-01 4.303426745092229222e-01
8.762350223715480169e-02 -5.518979619134574133e-01 4.255047392746059143e-01
7.511735442709981114e-02 -5.484094367822639482e-01 4.210494433211408039e-01
6.834229294786772768e-02 -5.485101563868296504e-01 4.174453684917258656e-01
6.471046550922451845e-02 -5.504736577884848936e-01 4.142710348818016697e-01
6.274966060201306317e-02 -5.533533483255804741e-01 4.112715264319997122e-01
6.154467422755217909e-02 -5.565080317149515565e-01 4.082502021363225153e-01
6.043224189807597929e-02 -5.593881759575189960e-01 4.050031490401475587e-01
5.914774255367115374e-02 -5.617629244110535769e-01 4.015317225554658753e-01
5.752930568126701782e-02 -5.635429889125728176e-01 3.979645892326809098e-01
5.547094876601979530e-02 -5.648208437174219165e-01 3.945157408294449053e-01
5.290851226774680865e-02 -5.656886574248981558e-01 3.913605094153834174e-01
4.984271737781290762e-02 -5.662932147136008343e-01 3.885872385972457543e-01
4.648545963529832070e-02 -5.667217989891354391e-01 3.860361935183448390e-01
4.295148029509243681e-02 -5.670030359860457336e-01 3.836217145684027163e-01
3.930302863302230498e-02 -5.671886808718631379e-01 3.813144813250191612e-01
3.556419648429479108e-02 -5.672986247770994694e-01 3.791209219346532988e-01
3.177448866415873152e-02 -5.673659212470711921e-01 3.769917451735437242e-01
2.795645143072771760e-02 -5.674094080153542219e-01 3.748991206943554366e-01
2.412318790434991866e-02 -5.674399862482867318e-01 3.728274022437234048e-01
2.028272577439276664e-02 -5.674642542670768064e-01 3.707679122444607622e-01
1.644069319569916796e-02 -5.674867069882177928e-01 3.687160492698348113e-01
1.260219484019712774e-02 -5.675112342289844181e-01 3.666697542346586958e-01
8.773513454213845500e-03 -5.675424173132088690e-01 3.646288240335688324e-01
4.964204107246937732e-03 -5.675870561792103475e-01 3.625948438392331830e-01
1.190279215134556036e-03 -5.676564360259013231e-01 3.605717154932397972e-01
-2.520453988001093455e-03 -5.677700890457478833e-01 3.585669581199502631e-01
-6.119124371710559993e-03 -5.679623051555992008e-01 3.565942145012936382e-01
-9.519506532403699747e-03 -5.682935619689712947e-01 3.546777986707428387e-01
-1.256927899215221425e-02 -5.688706840005618437e-01 3.528608005911413326e-01
-1.499925037271587595e-02 -5.698824508378130815e-01 3.512194494756536445e-01
-1.633362893612660960e-02 -5.716625236700453305e-01 3.498885235254781123e-01
-1.573142533869203996e-02 -5.748006656849056206e-01 3.491062759969131846e-01
-1.375335673038319273e-02 -5.785912300373303729e-01 3.486870441869259762e-01
-1.079653773865479546e-02 -5.826365600042813231e-01 3.485227078709866033e-01
-7.127488007294652261e-03 -5.867159069027410023e-01 3.485573687039167923e-01
-2.956137741201181335e-03 -5.907204666497913870e-01 3.487584311557287986e-01
1.581929476233367993e-03 -5.946662250867547073e-01 3.490935803802752702e-01
6.473369045401078381e-03 -5.985495676182570612e-01 3.495751971223187149e-01
1.164737109366384415e-02 -6.023837065008856850e-01 3.501877169554403202e-01
1.712731324141833489e-02 -6.061654527749336108e-01 3.509592098169136420e-01
2.285928621246481607e-02 -6.098894898868338910e-01 3.518714752792910794e-01
2.887339100502862507e-02 -6.135312648956463555e-01 3.529532371154292525e-01
3.510033998426940333e-02 -6.170610355485175447e-01 3.541720763629864765e-01
4.154179357757049190e-02 -6.204117248072759105e-01 3.555412665300878294e-01
4.811584673526841938e-02 -6.235626298802880996e-01 3.570154324949851299e-01
5.478479426250230933e-02 -6.264264532473295954e-01 3.585841910685250156e-01
6.153445770298663492e-02 -6.290710971375377270e-01 3.602181335820441310e-01
6.837756390484897584e-02 -6.314914039544428093e-01 3.619095793468739553e-01
7.535798730334372642e-02 -6.336074370771471731e-01 3.636700154247849981e-01
8.245336302644279414e-02 -6.354968280399150293e-01 3.654881752065249900e-01
8.967964364365431373e-02 -6.371616609903546502e-01 3.673720333174458341e-01
9.709641668919292978e-02 -6.385291674052964161e-01 3.693514638259576266e-01
1.046498295624614661e-01 -6.396810872977343188e-01 3.714136815308615724e-01
1.123315762721044664e-01 -6.406272985064971337e-01 3.735734969630936098e-01
1.201761287722236393e-01 -6.413091093092002648e-01 3.758782532293679646e-01
1.281101219132862734e-01 -6.418044556547998214e-01 3.782786154481787566e-01
1.360900040927441879e-01 -6.421291186732160927e-01 3.807571173888643079e-01
1.440875200541840706e-01 -6.422419850519702766e-01 3.833223393947174373e-01
1.521575062245968668e-01 -6.421779193091030624e-01 3.857499751289476531e-01
1.603789557672973543e-01 -6.419128085887895185e-01 3.877698561642265451e-01
1.687082076660568752e-01 -6.415146420659599835e-01 3.896331744123002205e-01
1.771375350233358459e-01 -6.410070569813689501e-01 3.915389341891834518e-01
1.856943120169516903e-01 -6.403803478949011696e-01 3.931870401284514038e-01
