5 56 46
5.1 55.9189500533402 45.9108010254695
5.2 55.8379804267446 45.8217092244782
5.3 55.7570858822409 45.732959428129
5.4 55.6762224727334 45.6447672570005
5.5 55.5953091014894 45.5573272828581
5.6 55.5142294825682 45.4708119125101
5.7 55.4328342423126 45.3853708825786
5.8 55.3509429291888 45.3011312394728
5.9 55.2683457328237 45.2181976773023
6 55.1848047462773 45.1366531138826
6.1 55.100054633306 45.0565593975228
6.2 55.014801108109 44.9773258293024
6.3 54.9290836014284 44.8991860751282
6.4 54.8438046155289 44.8243575843226
6.49999999999999 54.7588764947877 44.7531896672383
6.59999999999999 54.6740730875393 44.6857898948615
6.69999999999999 54.5892187595248 44.6222183292337
6.79999999999999 54.5041813360623 44.562493652622
6.89999999999999 54.4188657482285 44.5065987959162
6.99999999999999 54.333208289916 44.4544861385542
7.09999999999999 54.2471714184664 44.4060823273273
7.19999999999999 54.1603257600375 44.3628254858978
7.29999999999999 54.0727129774858 44.3244906536776
7.39999999999999 53.9843790327452 44.2908775215579
7.49999999999999 53.8954239800975 44.2617930061277
7.59999999999999 53.8061694719016 44.2369909488459
7.69999999999999 53.7167079570862 44.2162975477361
7.79999999999999 53.6271222664489 44.1995520450005
7.89999999999999 53.5374887022929 44.1866044377697
7.99999999999999 53.4478798006301 44.1773134242212
8.09999999999999 53.3583667672735 44.1715445567913
8.19999999999999 53.2679643742246 44.1690061790624
8.29999999999999 53.1767564856575 44.1697191731248
8.39999999999999 53.0848298026242 44.1736760746645
8.49999999999999 52.9922717173724 44.1808387875532
8.59999999999999 52.8991788315883 44.1911354159693
8.69999999999999 52.8057772613618 44.2044448021617
8.79999999999999 52.7121870050513 44.2206391844211
8.89999999999999 52.6185225245835 44.2395711896494
8.99999999999999 52.5248929799441 44.2610772111847
9.09999999999999 52.4314025080877 44.2849809971216
9.19999999999999 52.3371990524865 44.3110765296217
9.29999999999998 52.2422339908228 44.3392640149801
9.39999999999998 52.1464670548303 44.3694309915848
9.49999999999998 52.0498683584662 44.4014516339175
9.59999999999998 51.9524202568157 44.4351864173151
9.69999999999998 51.854147171927 44.4706628487968
9.79999999999998 51.7552138074642 44.5079816715365
9.89999999999998 51.6557838149564 44.5470568015377
9.99999999999998 51.5559970042825 44.5877866021764
10.0999685378272 51.4559970042825 44.6300430246631
10.1995217622349 51.3559970042825 44.6737040571787
10.2985046067533 51.2559970042825 44.7185987030714
10.396786994611 51.1559970042825 44.7645518342277
10.4942654007545 51.0559970042825 44.8113881340605
10.5908631795276 50.9559970042825 44.8589356594791
10.6866810227061 50.8559970042825 44.9071716696986
10.7820652759234 50.7559970042825 44.9562565817172
10.8772236702882 50.6559970042825 45.0062091064768
10.972346387257 50.5559970042825 45.0570454453107
11.0675520990691 50.4559970042825 45.1087598774487
11.1626216352481 50.3559970042825 45.1615460874478
11.2573143053524 50.2559970042825 45.2153965798127
11.3515103797287 50.1559970042825 45.2701670932152
11.4451275259972 50.0559970042825 45.3257157283714
11.5381207642733 49.9559970042825 45.3819062040298
11.6305968869522 49.8559970042825 45.4385973865773
11.7228887066947 49.7559970042825 45.4957195725853
11.8152199054362 49.6559970042825 45.5532415033251
11.9077830552773 49.5559970042825 45.6111228874586
12.0007402848441 49.4559970042825 45.6693144431194
12.0942218638363 49.3559970042825 45.727758168361
12.1879530316717 49.2559970042824 45.7864392020089
12.2817405919457 49.1559970042824 45.8453569565926
12.3753944382481 49.0559970042824 45.9044896047936
12.4687307111963 48.9559970042824 45.9637956040525
12.5615713874056 48.8559970042824 46.0234421004055
12.6539718611227 48.7559970042824 46.0838042942678
12.7460689492993 48.6559970042824 46.144836967778
12.8379783246343 48.5559970042824 46.2064725540914
12.9297791477476 48.4559970042824 46.2686280878292
13.0215147201783 48.3559970042824 46.3312061329312
13.1130773346512 48.2559970042824 46.3940550491467
13.2039144932558 48.1559970042824 46.4568779155176
13.2937985386009 48.0559970042824 46.5194997717325
13.3825444814345 47.9559970042824 46.5817618757012
13.4697984016463 47.8559970042824 46.6433992243604
13.5553874338289 47.7559970042824 46.7043388549009
13.6394885503774 47.6559970042824 46.7647351504597
13.7222601373533 47.5559970042824 46.8247157386176
13.8038441423564 47.4559970042824 46.8843847594688
13.8843678509412 47.3559970042824 46.9438255841233
13.9639453740082 47.2559970042824 47.0031031136381
14.0426705771301 47.1559970042824 47.0622772325727
14.1189225718864 47.0559970042824 47.1218911704581
14.1914748511139 46.9559970042824 47.1821200116539
14.2601188814939 46.8559970042824 47.2427701179545
14.3247407032914 46.7559970042824 47.3036897629331
14.3857542435622 46.6559970042824 47.3648359810537
14.4435176562775 46.5559970042824 47.4261718943124
14.4983410850582 46.4559970042824 47.487665868791
14.550493161149 46.3559970042824 47.5492907975781
14.6002064954977 46.2559970042824 47.6110234869771
14.6476823622137 46.1559970042824 47.672844128494
14.6930947251334 46.0559970042824 47.7347358430889
14.7365937251355 45.9559970042824 47.7966842870556
14.7780407906283 45.8559970042824 47.8586549853888
14.8172240913243 45.7559970042824 47.9206817252029
14.8542808715927 45.6559970042824 47.9828519526439
14.8893347960908 45.5559970042824 48.0452493005954
14.9221144525256 45.4559970042824 48.1077404884075
14.9525491766496 45.3559970042824 48.1702224054991
14.9807098291985 45.2559970042824 48.232669249875
15.006663595032 45.1559970042824 48.2950656754681
15.0304318049127 45.0559970042824 48.3573799391952
15.0519657391534 44.9559970042824 48.4195685614204
15.0712484642893 44.8559970042824 48.4816607030949
15.0882879691381 44.7559970042824 48.5436953377583
15.1032435534876 44.6559970042824 48.605736357193
15.1162661152764 44.5559970042824 48.667848364302
15.1274988523307 44.4559970042824 48.7300959559866
15.1370778976568 44.3559970042824 48.7925430934827
15.1451328841739 44.2559970042824 48.8552525502433
15.1517874372472 44.1559970042824 48.9182854292778
15.1571595953947 44.0559970042824 48.9817007435547
15.1613621612015 43.9559970042824 49.0455550545821
15.1643622982878 43.8559970042824 49.1085461908602
15.1661687646262 43.7559970042824 49.1701763134906
15.1670316684462 43.6559970042824 49.2307445789519
15.1671773747461 43.5559970042824 49.2905264165812
15.1668126262415 43.4559970042824 49.3497759838274
15.16612775717 43.3559970042824 49.408728415558
15.1652991575694 43.2559970042824 49.4676018808928
15.1644911104159 43.1559970042824 49.5265994634134
15.1638570983351 43.0559970042824 49.585910881452
15.1635406582045 42.9559970042824 49.6457140648703
15.1632827814542 42.8559970042824 49.7052009996714
15.1625413502725 42.7559970042824 49.7634564379205
15.1612347813991 42.6559970042824 49.820880918998
15.1592904908129 42.5559970042824 49.8778363495901
15.1566412818041 42.4559970042824 49.9346557087323
15.1532223499797 42.3559970042824 49.9916507920877
15.1489686946507 42.2559970042823 50.0491185590689
15.1435422458046 42.1559970042823 50.1053165645849
15.1370814476868 42.0559970042823 50.1598969106122
15.1297762901661 41.9559970042823 50.2128585632559
15.1222735889665 41.8559970042823 50.2633694112808
15.1152102016014 41.7559970042823 50.3105202328931
15.1085480379818 41.6559970042823 50.3545652392387
15.1022547086949 41.5559970042823 50.3957339085627
15.0963024709616 41.4559970042823 50.4342342784242
15.0906673855043 41.3559970042823 50.4702556651257
15.0853286372969 41.2559970042823 50.503970931168
15.0802679850517 41.1559970042823 50.5355383921546
15.0754693128392 41.0559970042823 50.5651034331928
15.0709182634672 40.9559970042823 50.5927998890717
15.0665791478344 40.8559970042823 50.6189704568604
15.0624193038975 40.7559970042823 50.6439384237911
15.0584391517969 40.6559970042823 50.6677098785774
15.0546383043953 40.5559970042823 50.6902971130193
15.0510156077339 40.4559970042823 50.711717933171
15.0475691902273 40.3559970042823 50.7319949710331
15.0442965185594 40.2559970042823 50.7511550109721
15.0411944583268 40.1559970042823 50.7692283422932
15.0382593376246 40.0559970042823 50.7862481467158
15.0354870119538 39.9559970042823 50.8022499270236
15.032729671254 39.8559970042823 50.8181078167861
15.0297893312167 39.7559970042823 50.8349662692953
15.0266553867334 39.6559970042823 50.8528588654173
15.0233160492049 39.5559970042823 50.8718213525581
15.0197579409603 39.4559970042823 50.8918930745565
15.0159653649406 39.3559970042823 50.9131197172369
15.0119188028032 39.2559970042823 50.9355592020783
15.0075911589151 39.1559970042823 50.9592968331613
15.0029346183035 39.0559970042823 50.9844991857491
15 39.0559970042823 50.9999999999999
