83.9999999999998 9.99999999999975 32.0000000000014
83.5931495880235 9.90921696687477 31.9764629457261
83.1863008932489 9.81847722040207 31.9530219700264
82.7794555942907 9.72782593363787 31.9297691964367
82.3726156206396 9.63731944412475 31.9067701432499
81.9657834437931 9.54701592126895 31.8840835888899
81.5589608584931 9.45697463229271 31.8617644367345
81.1521492828128 9.36725589501102 31.8398624731181
80.745348431999 9.27791962979974 31.8184066583162
80.3385577821788 9.18902595062919 31.7974259844457
79.9317767954318 9.10063442165828 31.7769432341464
79.5250047940706 9.0128048604475 31.7569812435237
79.1182408404297 8.92559792016855 31.7375551036731
78.7114840815532 8.83907520006778 31.7186730209611
78.3047334548849 8.75330098114545 31.7003430668241
77.8979903249998 8.66832759780289 31.6825700626286
77.4912567591509 8.58420848947202 31.6653515438355
77.0845353805901 8.50099703198148 31.6486827538459
76.6778310464008 8.41874422573904 31.6325468564106
76.2711495225012 8.33750155957751 31.6169248562357
75.8644964571017 8.257319388398 31.601792819853
75.4578772840606 8.17824738749527 31.5871231742904
75.0512977113405 8.10033319936552 31.5728807299373
74.6447632605477 8.02362465443758 31.5590303524055
74.2382793234072 7.94816896978156 31.5455355452563
73.8318512433888 7.87401312953048 31.5323583492287
73.4254846431945 7.80120255683209 31.5194577069063
73.0191853538679 7.7297821748329 31.5067895960991
72.6129594395201 7.65979661826325 31.4943084800119
72.2068133203192 7.59129015922917 31.4819683151753
71.8007549403842 7.52430320507301 31.4697173211816
71.3947923136194 7.45887587223684 31.4575024462022
70.9889334997953 7.39504855716623 31.4452706354614
70.5831877634939 7.33285630709625 31.4329670240762
70.1775647068034 7.2723338201474 31.4205362742952
69.7720741354162 7.21351613284412 31.4079229981325
69.3667259835262 7.15643714026174 31.39507275412
68.9615305333641 7.10112858503133 31.3819318350287
68.5564985843145 7.04761988376864 31.3684478627734
68.1516410939704 6.99594076652933 31.3545683570301
67.7469690111557 6.94612042631792 31.3402404886624
67.3424933293155 6.89818849268235 31.3254110601127
66.9382254196705 6.85217194766667 31.310029910886
66.5341769986193 6.80809744991398 31.2940463515923
66.1303602062935 6.76599104945423 31.2774095504855
65.7267872189178 6.72587921467663 31.2600682510546
65.3234703405336 6.68778752690583 31.2419727227829
64.9204222541653 6.65173913115022 31.2230740585133
64.5176560286188 6.61775634596928 31.2033234147797
64.1151849824687 6.58586195837573 31.1826714690024
63.7130225121413 6.5560791819473 31.1610684082902
63.3111823171731 6.52842790686456 31.1384680499504
62.9096785313301 6.50292466354934 31.1148262028259
62.5085255271419 6.47958643885255 31.0900981489241
62.1077377409055 6.45843065702446 31.0642386132658
61.7073297137059 6.43947376343594 31.0372024154852
61.3073162177709 6.42272832047735 31.0089489887099
60.9077123234852 6.40820595218625 30.9794380763826
60.5085333800053 6.39591874824328 30.9486288235988
60.1097948346413 6.38587923657687 30.9164797685802
59.7115121720576 6.37809600863557 30.8829519636078
59.3137010127893 6.37257657046402 30.8480082048868
58.9163772692095 6.3693273518726 30.8116117362084
58.5195571669795 6.36835523640537 30.7737251616239
58.1232568930072 6.36966592005409 30.7343116926913
57.7274927945708 6.37326387533355 30.6933350065677
57.3322813388003 6.37915235534668 30.6507606357219
56.9376392804268 6.38733338789434 30.606554761483
56.5435837345649 6.39780940020396 30.5606829396134
56.150131447137 6.41057856656275 30.5131141855855
55.7572990852725 6.42563768806142 30.4638195598637
55.3651036241722 6.44298390177615 30.4127695581937
54.9735618826725 6.46261291506638 30.3599357271483
54.5826905579311 6.48451907531143 30.305290574995
54.1925063314255 6.50869537519094 30.248807556741
53.8030257793733 6.53513334435845 30.1904623480079
53.4142655593859 6.56382303716836 30.1302318373731
53.0262424942763 6.59475478599885 30.0680924085267
52.6389733129868 6.62791752588409 30.0040214772435
52.2524746960917 6.66329879944414 29.937997613623
51.8667631637338 6.70088460437128 29.870001766027
51.4818552646231 6.74065942226293 29.8000163065711
51.0977673041475 6.78260628830597 29.7280247036838
50.7145153419483 6.8267066976167 29.6540118742507
50.3321150474023 6.87294051676353 29.5779652681975
49.9505824517038 6.92128780146575 29.4998718777255
49.5699335679325 6.97172702567883 29.4197203471449
49.1901837120541 7.02423194153038 29.3375044323777
48.811348476791 7.07877642965635 29.2532174880856
48.4334429776941 7.13533257350866 29.166855611934
48.0564827097687 7.19387255478849 29.0784145173851
47.6804801268726 7.25435891531772 28.9879020922239
47.305448163678 7.31675426035614 28.8953258625945
46.9314000555392 7.38102122435676 28.8006930355757
46.5583466105511 7.44711682630393 28.7040195320274
46.1862982829665 7.51499607404086 28.6053236220348
45.8152655320678 7.58461208627604 28.5046251385967
45.4452590847537 7.65591791726344 28.4019436800397
45.0762888683429 7.72886431586577 28.297301948638
44.7083641563719 7.80339984373598 28.1907258371074
44.3414923355369 7.87946750539961 28.0822478744153
43.9756812530775 7.95701014067373 27.9719004376139
43.6109392642153 8.03597039721332 27.8597157754034
43.2472750433978 8.11629068861458 27.7457260519145
42.8846947221306 8.19790753845387 27.6299706394912
42.5232041435079 8.28075491879267 27.512490587546
42.1628096100739 8.36476647876517 27.3933269385374
41.8035179301128 8.44987551337826 27.2725207553859
41.445336463972 8.53601493205672 27.1501131491019
41.0882710344895 8.62311117452526 27.0261510825319
40.7323281086707 8.7110902293222 26.9006816243556
40.3775146198621 8.79987756886548 26.7737520069239
40.0238380135737 8.88939811502928 26.6454096566168
39.6713036738283 8.97956976792255 26.5157086558526
39.319916339795 9.07031097511734 26.3847024577319
38.9696801504913 9.16154069472752 26.2524439188889
38.6205965838958 9.25317670851317 26.1189869063633
38.2726666056009 9.34513723468416 25.9843847568448
37.9258888042485 9.43733981273147 25.8486921252969
37.5802613413734 9.52970234399134 25.7119632034396
37.2357819933111 9.62214305430165 25.5742517535678
36.8924481928383 9.71458045674255 25.4356111423618
36.5502570705646 9.80693331445857 25.2960943746914
36.2092054960882 9.89912060356006 25.1557541274197
35.8692901189305 9.99106147610279 25.0146427832105
35.5305074092608 10.0826752231436 24.8728124643424
35.1928536984266 10.1738812378709 24.7303150665355
34.8563252192994 10.2645989788073 24.587202292794
34.5209181464509 10.3547479330836 24.4435256872694
34.1866286361726 10.4442475797811 24.2993366691485
33.8534528663506 10.5330173533415 24.1546865665713
33.5213870762106 10.6209766070419 24.0096266505825
33.1904275742042 10.708044538594 23.8642080803936
32.8605707775235 10.7941401537329 23.718481937388
32.5318132515148 10.8791822298547 23.5724992591442
32.2041517490054 10.9630892797015 23.4263110734841
31.8775829169193 11.0457799917719 23.279969157082
31.5521036679972 11.1271727175643 23.1335253452695
31.2277112198292 11.2071854355424 22.9870315664126
30.9044030961608 11.2857356595749 22.8405396316029
30.5821771658549 11.3627404029633 22.6941012690454
30.2610289851798 11.438111609963 22.5477718552113
29.940953881477 11.5117592466425 22.4016080820491
29.6219476420947 11.5835926673847 22.2556666644073
29.3040061240833 11.6535195412044 22.110005514062
28.9871233813756 11.7214464460623 21.9646892614672
28.6712929526291 11.7872792971969 21.8197863177361
28.3565064841252 11.8509190504415 21.6753713052962
28.0427562413885 11.9122654013784 21.5315205151755
27.7300324126375 11.9712166494226 21.3883157341592
27.4183231047407 12.0276634150438 21.2458422352176
27.1076104996257 12.0814897036139 21.1041975567326
26.7978725094647 12.1325742630949 20.963485967764
26.4890863308864 12.1807938178164 20.8238133009982
26.1812290619059 12.2260209507173 20.6852848795286
25.8742762286565 12.2681215831425 20.5480076728962
25.5682020426938 12.3069518733354 20.4120897206976
25.2629791408219 12.3423618647327 20.2776422554108
24.9585797584362 12.3741994852011 20.144778455111
24.6549758199075 12.4023103630452 20.0136124782543
24.3521388113509 12.4265362268657 19.8842592738197
24.050039938866 12.4467149095067 19.7568345513513
23.7486500981612 12.4626809859433 19.6314554530718
23.447940383456 12.4742664570792 19.5082386782446
23.1478819964182 12.4813017563453 19.387301483567
22.848446273872 12.4836156944893 19.268761735467
22.5496049315253 12.4810347775905 19.1527372952597
22.2513291707891 12.4733819347972 19.0393484274316
21.9535918393693 12.4604731838342 18.9287128774986
21.6563659088819 12.4421219955726 18.8209484892519
21.3596244104534 12.4181400126651 18.7161739382041
21.0633405587305 12.388336195222 18.6145083537583
20.7674878216476 12.3525167669464 18.5160713451944
20.4720403971531 12.3104835903446 18.4209824348452
20.1769726543954 12.2620364682475 18.3293621786286
19.8822595725247 12.2069719794904 18.2413316631885
19.5878762559055 12.1450839747278 18.1570125588879
19.2937978819271 12.0761639058218 18.0765275175384
18.9999999999998 12.0000000000005 18.0000000000003
18.7064589366721 11.9163767243956 17.9275535302871
18.4134253233078 11.8257263243174 17.8591271081132
18.1211499313428 11.7284788084625 17.7946610166835
17.8298837877368 11.6250620964357 17.7340968121342
17.5398791126148 11.5159001448435 17.6773770057081
17.2513884292585 11.4014149821613 17.6244454867723
16.9646650370546 11.282026417228 17.5752469202966
16.6799628318295 11.1581527204351 17.5297271202769
16.3975363343061 11.0302107511449 17.487832987485
16.1176408057299 10.8986161051106 17.4495124982018
15.8405329146485 10.7637815498043 17.4147147083175
15.5664700887844 10.6261192026152 17.3833895332686
15.2957110704271 10.4860397649397 17.355487877343
15.0285155792343 10.3439535535831 17.3309617460795
14.765144884696 10.2002698227987 17.3097642911546
14.5058614364711 10.055397222901 17.29184991427
14.2509289074183 9.90974401260002 17.2771743569349
14.0006124204422 9.76371777313724 17.2656953564219
13.7551786510838 9.61772588389347 17.2573716940483
13.5148959427928 9.47217566951636 17.2521631835068
13.280033840037 9.32747486529039 17.2500321192389
13.0508633192863 9.18403173779681 17.2509429875653
12.8276572556284 9.04225483041938 17.2548617966815
12.6106903889269 8.90255311697497 17.2617555114036
12.4002391639265 8.76533630641933 17.2715950560282
12.1965821189403 8.63101483234532 17.2843522904441
12 8.49999999999992 17.2999999999996
11.8107758748719 8.37270413322298 17.3185118853057
11.6287731342224 8.24905055520384 17.339833281725
11.453857415728 8.12896383375421 17.3639104703553
11.2858965837529 8.01236977253067 17.3906906583758
11.1247607088613 7.89919540221222 17.420121959349
10.9703220471792 7.78936897163908 17.4521533734792
10.8224552295042 7.68282005455307 17.4867355339625
10.6810370305694 7.57947942507988 17.5238199212658
10.5459463480714 7.4792790488246 17.5633588434967
10.4170641815813 7.38215207395237 17.60530541673
10.2942736113471 7.28803282225924 17.6496135452895
10.1774596544533 7.19685670372418 17.6962380837882
10.066509243391 7.10856020755224 17.7451348173768
9.96131120450205 7.02308089319948 17.7962604420043
9.86175623630679 6.94035738138463 17.849572544689
9.76773688772077 6.86032934509223 17.9050295837984
9.67914753616706 6.78293750057193 17.9625908693382
9.59588436559 6.70812359833848 18.0222165432488
9.51784534437648 6.63583041417668 18.083867559707
9.44493020319053 6.56600174015577 18.1475056654337
9.37704041272674 6.49858237565726 18.2130933800036
9.31407916138796 6.43351811842034 18.2805939761573
9.25595133289228 6.37075575560878 18.3499714601133
9.20256348381401 6.31024305490309 18.4211905518781
9.15382382106318 6.25192875562174 18.4942166655531
9.10964217930781 6.19576255987486 18.5690158896354
9.06992999834304 6.14169512375399 18.6455549673122
9.03460030041084 6.08967804856133 18.723801276744
9.00356766747407 6.03966387208152 18.8037228113378
8.97674821844823 5.99160605989938 18.8852881600049
8.95405958639422 5.94545899676644 18.9684664874033
8.93542089567524 5.90117797801945 19.0532275141603
8.92075273908062 5.85871920105347 19.1395414970752
8.90997715491951 5.81803975685264 19.2273792092965
8.90301760408669 5.77909762158099 19.316711920474
8.8997989471029 5.74185164823608 19.407511376881
8.90024742113145 5.7062615583679 19.4997497815047
8.90429061697298 5.67228793386547 19.5933997741013
8.91185745604031 5.63989220881344 19.6884344112141
8.9228781251113 5.60903663195706 19.7848273696127
8.93728405325458 5.5796842586963 19.8825529262965
8.95500788872584 5.55179894314711 19.981585938523
8.97598347583654 5.52534533027192 20.0819018238568
9.00014583179588 5.50028884808103 20.1834765402355
9.02743112352616 5.47659569990726 20.2862865660505
9.05777673064331 5.4542327091342 20.3903090094047
9.09112122224827 5.43316731157517 20.4955215882523
9.12740433372099 5.41336754788325 20.6019026105837
9.16656694351653 5.39480205599434 20.7094309546514
9.20855104996361 5.37744006360455 20.8180860492335
9.25329974806564 5.36125138068346 20.9278478539323
9.30075720630428 5.34620639202455 21.0386968395016
9.35086864344498 5.33227604983408 21.1506139682022
9.40358030534398 5.31943186635982 21.2635806741788
9.45883944175599 5.30764590656081 21.3775788438564
9.51659428314152 5.29689078081936 21.4925907963516
9.57679401747325 5.28713963769638 21.6085992638944
9.63938876704012 5.27836615673114 21.7255873722569
9.70432956524835 5.27054454128646 21.8435386211854
9.77156833341805 5.26364951144021 21.9624368648298
9.84105785757431 5.25765629692417 22.0822662921688
9.91275176523119 5.2525406301109 22.2030114074242
9.98660450216709 5.24827873904956 22.3246570104617
10.0625713091894 5.24484734055148 22.4471881771731
10.1406081988862 5.24222363332606 22.5705902398357
10.2206719323638 5.24038529116783 22.6948487674447
10.3027199959679 5.23931045619502 22.8199495460131
10.3867105651563 5.23897864504942 22.9458785512826
10.4726024940061 5.23936982962127 23.0726219364987
10.5603552918692 5.24046443073648 23.2001660125877
10.6499291000015 5.24224331189743 23.328497228283
10.741284923848 5.24468908672635 23.4576018706106
10.8343843540147 5.24778479958354 23.5874663244003
10.9291896350762 5.25151394351696 23.718077272635
11.0256640918572 5.2558611314837 23.8494214468918
11.1237716565105 5.26081141417415 23.9814858365491
11.2234769235497 5.26635080435724 24.1142579765176
11.3247452157758 5.27246556703589 24.2477256505643
11.4275426614538 5.27914325010994 24.3818769448098
11.5318360707674 5.2863716439777 24.5167001539513
11.637592912694 5.29413877684485 24.6521837611107
11.7447812919054 5.30243291004054 24.7883164176596
11.8533702750095 5.31124372107156 24.9250866398879
11.9633295065478 5.32056196768657 25.0624833313137
12.0746289733632 5.33037921009495 25.2004959091542
12.1872391498633 5.34068726625858 25.3391140463142
12.3011309750178 5.35147820809287 25.4783276511991
12.41627612818 5.36274523116649 25.6181266191397
12.532646707312 5.37448177774282 25.7585010405152
12.6502152060236 5.38668153331941 25.8994411804787
12.7689543591396 5.39933904644646 26.0409375071258
12.888837221184 5.41245000730369 26.1829805256572
13.009837173182 5.42601033972113 26.3255608551131
13.1319278995258 5.44001619827948 26.4686692079918
13.2550833647981 5.45446396542843 26.6122963698316
13.3792783662745 5.46935001344658 26.7564329301226
13.5044881518103 5.48467082777926 26.9010695474658
13.6306889110227 5.50042367520991 27.0461963781263
13.757857238143 5.51660593000578 27.1918036060084
13.8859701091264 5.53321507115496 27.337881421758
14.0150048587644 5.5502486795832 27.4844200018084
14.1449393407628 5.56770583273111 27.6314087467238
14.2757517219372 5.58558570479377 27.7788370005203
14.4074206456964 5.60388754669991 27.9266942251055
14.5399252092385 5.62261068368315 28.0749699788697
14.6732449407848 5.64175451282503 28.2236538952557
14.8073603398154 5.66131889424615 28.3727351680504
14.9422522915798 5.68130375503899 28.5222030229876
15.077902044601 5.70170908684708 28.6720466960617
15.214291284038 5.72253546729523 28.8222554966815
15.3514019663594 5.74378375969342 28.9728188376314
15.4892162969037 5.76545511075816 29.1237262133058
15.6277167074323 5.7875509483721 29.2749671779273
15.7668856013538 5.81007355471316 29.4265313800246
15.9067055634872 5.83302548893944 29.5784084843318
16.0471605914582 5.8564114083994 29.7305865126651
16.1882354335124 5.88023739751074 29.8830525413827
16.3299166010393 5.90450963703989 30.0357927845689
16.4721897249871 5.92923542980791 30.188794879012
16.6150409991654 5.95442273429494 30.3420462942471
16.7584558537217 5.98008003882214 30.4955354824893
16.9024200001212 6.00621605347219 30.6492508774691
17.0469179468053 6.03283996560839 30.8031822185265
17.1919344388779 6.05996118368681 30.9573191819486
17.3374551613852 6.08758953106687 31.1116505224088
17.4834659911781 6.11573505171636 31.2661648869354
17.6299537540257 6.14440724692675 31.4208500065607
17.7769038333623 6.17361596434894 31.5756952269008
17.9243024058939 6.20337102096119 31.7306894038402
18.0721359103356 6.23368246783038 31.8858212841516
18.2203910939995 6.26456054791766 32.0410795492081
18.3690529589241 6.29601563918005 32.1964547583073
18.5181077116482 6.32805829192394 32.3519364706658
18.6675417994765 6.36069924688582 32.5075141131297
18.8173428072779 6.39394846172386 32.6631761694691
18.9674985158842 6.42781608316646 32.8189109459594
19.1179968798472 6.46231244615692 32.974706548597
19.2688261426393 6.49744802733914 33.1305509628115
19.4199727520242 6.53323207156028 33.2864343414624
19.5714233997256 6.5696739630907 33.4423466717194
19.7231650778543 6.60678327400895 33.5982778312755
19.8751860953666 6.64456953407674 33.754216649028
20.0274761034633 6.68304129680261 33.9101509834589
20.1800261802364 6.72220809892318 34.0660671262495
20.3328276898677 6.76207979862969 34.2219513377653
20.485873868281 6.80267119118459 34.3777875490237
20.6391547319442 6.84399690588855 34.5335637783415
20.7926629217569 6.88607422214601 34.6892658974838
20.9463906581966 6.9289201781327 34.8448808085836
21.1003315118118 6.97255070128405 35.0003946996033
21.2544816695804 7.01698346117588 35.1557909403147
21.4088370069878 7.06223629013143 35.3110533865161
21.5633939175869 7.10832700516754 35.4661655208151
21.7181488816433 7.15527361624209 35.6211107402292
21.8730984460988 7.20309432631991 35.7758723319109
22.0282274258164 7.25180479212959 35.9304455075957
22.1835233254241 7.30141783155893 36.0848232357171
22.3389762229159 7.35194502870765 36.2389965395501
22.4945773622167 7.40339936524978 36.3929549297309
22.6503180455785 7.45579421273731 36.5466877753716
22.8061896117517 7.50914333053531 36.700184281822
22.9621841732566 7.56346171813051 36.8534323305447
23.1182993504288 7.61876326319366 37.0064140960551
23.2745330801329 7.67506450346434 37.1591112061079
23.4308823676067 7.73238016190369 37.3115073372177
23.587345689659 7.79072650534925 37.4635844174016
23.7439231703006 7.85011966917298 37.6153229133171
23.9006150323342 7.91057619399369 37.766703096618
24.0574233193289 7.97211143131197 37.9177038615932
24.2143501359727 8.03474113330729 38.0683038574306
24.3713971083783 8.09848111684732 38.2184823425153
24.5285660590667 8.16334601504368 38.3682189299477
24.6858614579769 8.22934875417756 38.5174910351338
24.8432859899451 8.29650179112022 38.6662779900467
25.000843778322 8.36481298208982 38.8145592508203
25.1585388275059 8.43429048198843 38.9623141241829
25.316375004916 8.50494273861773 39.109521742723
25.4743560228929 8.57677848684556 39.2561610401632
25.6324869029804 8.64980555068007 39.4022094010228
25.7907716907769 8.72402908651933 39.5476451274912
25.9492147242051 8.79945374299639 39.6924463230868
26.1078201738752 8.87608442020146 39.8365910364435
26.2665902804499 8.9539231648659 39.9800603678048
26.4255253915359 9.03297255335743 40.1228367252418
26.5846258159533 9.11323540760544 40.2649025711213
26.7438918043576 9.19471478630922 40.4062403990469
26.9033235298259 9.27741397607214 40.5468327108966
27.0629223480199 9.36133425641658 40.6866627946414
27.2226899796584 9.44647618409788 40.825714765164
27.382627046662 9.5328410109608 40.9639741328012
27.5427330933929 9.62042739535721 41.101429846763
27.703007653418 9.7092343636135 41.2380708391349
27.8634502297532 9.79926129898799 41.3738860045228
28.0240617998986 9.89050607192679 41.5088637195361
28.1848442659058 9.98296556346722 41.6429919775984
28.3457986002466 10.0766369386769 41.7762596188962
28.5069249060585 10.1715178465814 41.9086560162342
28.6682231296435 10.2676035792941 42.0401719738813
28.8296913862023 10.3648892875739 42.1708003182005
28.9913328163803 10.4633651404424 42.3005322197213
29.1531505532522 10.5630216897605 42.4293588102651
29.3151477035056 10.6638498551654 42.5572711642345
29.477328067652 10.7658380244356 42.6842617657629
29.639695382324 10.868974921996 42.8103230048892
29.8022548298502 10.9732471790699 42.9354471553261
29.9650114917489 11.0786417305737 43.0596263608174
30.1279690115417 11.1851404950674 43.1828583650785
30.2911308948322 11.2927256592321 43.305140748099
30.4545007173439 11.4013797401465 43.426471038716
30.6180821060532 11.511085566558 43.5468466988459
30.7818852510882 11.6218171298439 43.6662650348604
30.9459203581501 11.7335486925953 43.7847232549326
31.1101969678643 11.8462550651229 43.9022190857219
31.2747246025334 11.9599112855345 44.0187501249327
31.4395120669927 12.0744923871255 44.1343149460886
31.6045665067866 12.1899733653875 44.2489142586165
31.7698949967672 12.3063293780557 44.3625485991604
31.9355033632555 12.4235358134894 44.4752196659598
32.1013975365824 12.5415682782801 44.5869290982702
32.2675835326762 12.6604025751508 44.6976784630766
32.4340668503924 12.78001495556 44.8074698972798
32.6008530371426 12.900381822863 44.9163054394252
32.7679476702536 13.0214797101695 45.0241870168959
32.9353548322701 13.1432850942662 45.1311188366042
33.1030779088843 13.2657742867746 45.2371061100194
33.2711191116324 13.3889237751046 45.3421553673157
33.4394806048337 13.5127100870164 45.4462729805282
33.6081644856878 13.6371097680846 45.5494651527027
33.7771723952968 13.7620997331668 45.6517387799322
33.9465060238584 13.8876570250819 45.7531007267945
34.116167090489 14.0137587920112 45.8535578159967
34.2861559527012 14.1403821317584 45.9531192525511
34.4564729560424 14.2675042021375 46.0517941799532
34.6271158002643 14.3951023146268 46.1495955291981
34.7980821308417 14.5231537951785 46.2465361524749
34.9693694189509 14.6516364501244 46.3426296249772
35.1409752598554 14.7805283162179 46.4378895111024
35.3128973511527 14.9098076379224 46.5323293569793
35.4851324364731 15.0394527587687 46.6259650008695
35.6576770537744 15.1694421427583 46.7188130371975
35.830526931627 15.2997546437518 46.8108914051485
36.0036774886167 15.4303694848422 46.9022190797497
36.1771242681266 15.5612660806649 46.9928149552626
36.3508621555488 15.6924238759527 47.0826997286082
36.5248861155751 15.8238224618847 47.1718940062086
36.6991705253767 15.955437283384 47.2604628950442
36.8736897890803 16.0872438853838 47.3484714168437
37.0484164589931 16.2192182539146 47.4359869804805
37.2233215687018 16.3513365232508 47.523079452953
37.3983760885668 16.4835748562779 47.6098186478223
37.5735504003105 16.6159093060281 47.6962752186054
37.7488147609371 16.7483159065915 47.7825197886422
37.9241392720364 16.8807706493434 47.8686229635502
38.0994938488211 17.0132494591034 47.9546553430543
