0.961856175309877 0.191950841706756 0.185027343594129 0.0612572812718824
0.965182294315498 0.215972863769772 0.128072599215215 0.0733230535726241
0.965592224097394 0.236091007334583 0.0703871818419368 0.0832966845122882
0.963291241548308 0.252461654590158 0.0152989311541775 0.0899946644166131
0.959426977756842 0.266712853735454 -0.0271518468566576 0.0873321545419209
0.958129007055354 0.281187010025008 -0.0171905786291566 0.0512557824904861
0.955499598706753 0.294782231846173 0.00737692724846595 0.00833868115433919
0.951046340634864 0.304923418797242 0.0358914852791242 -0.0352755994774471
0.944745005919587 0.312472387530717 0.0624168966165603 -0.0769546089432651
0.938591222879485 0.317542054076419 0.0750970569314995 -0.11213381410952
0.939977199960318 0.316951614400088 0.0280003144917085 -0.123290389213044
0.940447903462061 0.313097721307194 -0.0336504646223068 -0.128043758210852
0.936974593790694 0.308136612269688 -0.0976055327351515 -0.132678554217368
0.935061598798652 0.295418097746606 -0.151063520463757 -0.1247708570179
0.94025871375187 0.281317599783221 -0.167155340608918 -0.093984314498763
0.946977623301755 0.26892107111163 -0.166962302270539 -0.0551219384497185
0.952090398776143 0.258768349589304 -0.162204932668603 -0.0158862716547015
0.954352407723357 0.254624187780193 -0.155276666943093 0.0163450779426586
0.951106750449009 0.272143184158421 -0.144988197940829 0.0176765105242004
0.945893514995379 0.295186297905076 -0.134249847975839 0.0112909759209187
0.939727535751289 0.319083040251504 -0.122803267250256 0.00418682783599842
0.933161724272836 0.342179729476329 -0.110100431391829 0.000352271184229438
0.926048601602785 0.364544365252111 -0.0976299115986123 -0.00312947179402683
0.918911373024688 0.384626200895436 -0.0864083094345677 -0.0140775768968045
0.912573434375279 0.400723153593864 -0.0765848107594891 -0.0276667274398224
0.911208149013509 0.403069857488376 -0.0721182930270558 -0.0450926930504228
0.910895711207112 0.401686917211296 -0.0698624527736962 -0.0635284309440941
0.910413342724786 0.399666501634978 -0.0682574488849139 -0.082189741034159
0.909409330297019 0.397937016242204 -0.0668227075447093 -0.100774633858795
0.907588545603981 0.397420526421015 -0.0650972535087478 -0.118753124814939
0.905272875018606 0.398375715859207 -0.0624031743809235 -0.133729782009823
0.90327279099806 0.402898594760388 -0.0559626282467098 -0.136525351573984
0.901353158640308 0.408305367444275 -0.0485267055739561 -0.135994004174723
0.899391854090418 0.413918352177042 -0.0408822815700774 -0.134515908280275
0.897357156919431 0.419564712290084 -0.0332226008742923 -0.132709622550747
0.895257926021369 0.425185403494476 -0.0256417660554867 -0.130664143454557
0.893117518732829 0.430762250115628 -0.0182600924239852 -0.128263598236224
0.890918564293512 0.436300288691073 -0.011006550392548 -0.125638472347166
0.888638908192746 0.44181416287977 -0.00381567783431226 -0.122908815499609
0.886246126943322 0.447341467536378 0.00333627479988966 -0.120176050737322
0.883682416651131 0.452931306910824 0.0105007063151577 -0.117679024845353
0.881092470470901 0.458503181668158 0.0174459428125531 -0.114658318315952
0.878464812601122 0.464023543417504 0.0242192438633099 -0.111333518774128
0.87589595571083 0.469399248232753 0.0305361032750416 -0.107415859744793
0.873513120224356 0.474535699541939 0.0357524737100647 -0.102530284695615
0.87190570674788 0.479017041463602 0.0370068576357145 -0.0946234908247789
0.870985723481238 0.482298131996738 0.0366847511405739 -0.0861777836688502
0.872562659231495 0.480987092343642 0.0337747116699489 -0.0783906344232739
0.876703294419381 0.474281563982565 0.0331732222073748 -0.0731291251748319
0.881394080922699 0.466202153845321 0.0332544668042096 -0.0685139861778798
0.886149074347731 0.457691614323754 0.0337483697249037 -0.0641813972369491
0.890823056020678 0.449023857765149 0.0344829330856264 -0.0601895783794485
0.895365937334488 0.440252781757366 0.0354493354879292 -0.0569268919711897
0.899668272392001 0.431437646213715 0.0366709214118749 -0.0558014390815012
0.903267225858654 0.422966675093929 0.0381625814362002 -0.0612464515520899
0.90656560855307 0.414592607868743 0.0396271476153426 -0.0684211667634182
0.909656278505122 0.406270129482682 0.0410185689013416 -0.0760757114434221
0.912506443815036 0.398078290398204 0.0424886064930518 -0.0840260854018483
0.914853748671941 0.390446823874872 0.0446571266123865 -0.0927342294390064
0.91697077580249 0.382924406364285 0.0468977403008568 -0.10165676214307
0.918924413706558 0.375408766827878 0.049035339319917 -0.110642284776708
0.920731001239811 0.367876596794296 0.0510205038831817 -0.119658435016042
0.92240457991812 0.360306167441785 0.0528103464420851 -0.128686922249918
0.923952864483764 0.352681319436358 0.0543755686292254 -0.137732671030244
0.925381333304878 0.344992617232355 0.0556545878301088 -0.146806160904496
0.926669603804053 0.337280152790264 0.0567439598483302 -0.155902748340583
