0.899175165764145 0.135002959979346 0.289786076940431 0.29880135823204
0.899152141676783 0.134750368278011 0.289684928559275 0.299082608208172
0.89913003588912 0.13449593265457 0.289581988740693 0.299363148130147
0.899109822729621 0.13423861406274 0.289475811062586 0.299641912914871
0.899094267675759 0.133974387570307 0.289362836131336 0.299915838817795
0.899083116581282 0.133704372662643 0.289242394274798 0.300185821723079
0.899073816743169 0.133430740112066 0.289122133216819 0.300451163625926
0.899068436460185 0.133149138969664 0.289003338644113 0.30070637440073
0.899069553055703 0.132855453204112 0.288884923175972 0.30094662065516
0.899073213223722 0.132554119081577 0.288771405370007 0.3011774198354
0.899077924891622 0.132250073250123 0.288659379779278 0.301404322403239
0.899084951221742 0.131945897586652 0.288543022238937 0.301628007509037
0.899093516183358 0.131641914896273 0.288423439145245 0.301849590278201
0.899106771023334 0.131337032640596 0.288293294404607 0.302067168951702
0.899130830310507 0.131027212106329 0.288141174585308 0.302275177911419
0.899160867158082 0.130714134218572 0.287976861006646 0.302477896071388
0.899194805531108 0.130398094729418 0.287804616344609 0.302677289216654
0.899230532285315 0.130073857097838 0.287636936878041 0.302869995293323
0.899270258580133 0.129724853143009 0.287488380091239 0.303042729367923
0.899307575524767 0.12937137803158 0.287350031278157 0.303214265288456
0.899334016663301 0.129030171399679 0.287220492299592 0.303403905947175
0.899316401871582 0.128748133283956 0.287116160879165 0.303674558800463
0.899119121336253 0.128709834268124 0.287111448723965 0.304278819870563
0.898185758652914 0.129668976097217 0.287510195420865 0.306245305466132
0.897070663644795 0.130859779677514 0.287988935703904 0.308548724519763
0.895925235750737 0.132053641336054 0.288410490171898 0.310964944830893
0.894778751035747 0.133246268852693 0.28874297312167 0.313438852098144
0.893648852589411 0.134416743835928 0.289031939719242 0.315886696561138
0.892605621191501 0.135506059367914 0.289222444187899 0.318188137223705
0.891941339972753 0.136257047635421 0.28903852614061 0.319892784263341
0.892843789598846 0.135628729250238 0.287348665443162 0.319163844513708
0.894124400760616 0.134668496342957 0.285286245491875 0.317832833719782
0.895491893431052 0.133630391050772 0.283128542751602 0.316346986181694
0.896879316382763 0.132563632524681 0.280941892375305 0.314811099367907
0.898272643315592 0.131465029603903 0.278762207223293 0.313232878360593
0.899687631888817 0.130238871677533 0.276659384333162 0.311543875547011
0.901116129356148 0.128928139886952 0.27455034350983 0.309821505125321
0.90245306443764 0.127823315707869 0.272540527964301 0.308157957978534
0.903412055469053 0.127474670002198 0.27126461003528 0.306614379772736
0.902995728064791 0.129579593027939 0.272627602203319 0.305748319184784
0.902178194052335 0.132428144603639 0.274519091670771 0.305248359539508
0.901027661325512 0.135772117130552 0.276508386657239 0.305382052263026
0.899674714685013 0.139387429352837 0.278340042610823 0.306077397032602
0.898241068910187 0.143026025211716 0.280081119824616 0.307019713622777
0.896732457318169 0.146499931112602 0.281612938281812 0.308387456243611
0.895248367057532 0.149139367896454 0.282541298278931 0.310577244805739
0.894503662203127 0.148804826749169 0.282665849326675 0.312762432951551
0.894380196204042 0.147346417005658 0.281824413536748 0.314560165895624
0.894498872506885 0.145103981049826 0.281347986727031 0.315689581918774
0.894677315098237 0.142799316211795 0.280637818719061 0.316864753234974
0.894859635447253 0.140541954782589 0.279770808820381 0.318123382235712
0.895125767707483 0.137968798862033 0.279259895711294 0.3189488692157
0.895333847792443 0.135380702448322 0.279145300055474 0.319573571902804
0.895428457192307 0.133149879820366 0.279511625744628 0.319925364151738
0.895125148349278 0.132482701988159 0.281518318643707 0.31929099382009
0.894705775334505 0.132251729506638 0.28393228627569 0.318423479718198
0.894235706150572 0.13216621726305 0.286449122572848 0.317524003875312
0.893719410485833 0.132192823801366 0.288997094887718 0.31665652022773
0.893186074826331 0.132246670228042 0.291552290534635 0.315795370190785
0.892641136503747 0.132308895446352 0.294108078568897 0.314939034937838
0.892081903964251 0.132374999294464 0.296668357758305 0.314093332763206
0.891505822370885 0.13242519416226 0.299243673980501 0.313263723103318
0.890922067209256 0.132451011461383 0.301824279371554 0.312436720159916
0.890337436001215 0.132441964716576 0.304401715990884 0.311605473858532
0.889762180478596 0.132339476558646 0.306976117629486 0.310765487690133
0.889188136718427 0.132203048649054 0.309547298625401 0.309914958272144
