0.860110069870556 0.502607743885198 0.0439724797895594 -0.0752498804986123
0.863355486538464 0.497620768578691 0.0383709339586887 -0.0742869165480907
0.866558899265326 0.492607430699323 0.0328391797174132 -0.0730423274503662
0.869611546942712 0.48784619900881 0.0270615519367711 -0.0710599461253165
0.872524709801626 0.483227416112106 0.0212253410785504 -0.0688576793052611
0.874948397742402 0.479371767925131 0.0153464575127362 -0.0665769903656438
0.874914341117188 0.479867280590861 0.00937987029085506 -0.0645314400826077
0.874420833399587 0.481110844610607 0.00333103519060422 -0.062525718863508
0.873833782356339 0.482419193895594 -0.00271916427028362 -0.060653510365111
0.873168969985671 0.483739501126895 -0.0087778333871478 -0.0591184788766785
0.872259974077974 0.485385593858473 -0.0147154285001734 -0.0578516988532398
0.871305050688413 0.487016102829565 -0.0206602476585085 -0.0567095970383658
0.870341022236996 0.488566796189519 -0.0266535023654337 -0.0556649035230038
0.869382558778492 0.490007758993649 -0.0327296063795153 -0.0547278309822755
0.868484597582826 0.49122327485351 -0.0389713105831338 -0.0539947678485783
0.867546578072155 0.492408533688551 -0.0451546985053239 -0.0534586197809035
0.866247292138382 0.494129618256973 -0.0508557646222871 -0.0535279406368438
0.86290708702732 0.499299168410745 -0.0538737124285348 -0.0564740886737557
0.859146300955975 0.505057118928141 -0.0563855004107146 -0.0600467777412283
0.855260162920644 0.51087894018412 -0.058806258875112 -0.0638324847896117
0.851294852674849 0.516678535428504 -0.0612178853517889 -0.0677697229581126
0.847254122570414 0.52244006267759 -0.0636315760473611 -0.071887796089473
0.843162905242444 0.528098796061831 -0.0660063246012375 -0.076361914157527
0.839004090282798 0.533710606836173 -0.0682811025943107 -0.0810112070506533
0.834852646213571 0.539173008450094 -0.0704888281117516 -0.0857021072115802
0.830778691293443 0.544360953336103 -0.0726984647649107 -0.0905143734253743
0.826719054132512 0.549394230418514 -0.0749097185918594 -0.0953421164941405
0.822705485156348 0.554214104243546 -0.0773351422781096 -0.100108376872302
0.818722271642143 0.558835416808031 -0.0797561442537333 -0.105051303142327
0.814705239977731 0.563372925269121 -0.0819453094159006 -0.110232868470673
0.810548763595254 0.568021990629323 -0.0838918390338256 -0.115429109583452
0.806327466716289 0.572609596133405 -0.0857191107782842 -0.120857357584102
0.802129947079669 0.577048562632057 -0.0871496950627337 -0.126520492461565
0.797889688886559 0.581443632285787 -0.0884135270487573 -0.132205881403282
0.793581122431804 0.585833940888442 -0.0895097419465123 -0.13789707001842
0.78902587148262 0.590579134228899 -0.089867059725181 -0.143451636173613
0.784545057175557 0.595148625143309 -0.0911103933607466 -0.148276982276687
0.781105353323242 0.598376950000604 -0.0972986060640063 -0.149507304088292
0.77787403304385 0.601220922062796 -0.104454728296534 -0.150115293446583
0.774747575584791 0.603769086478788 -0.111912746849988 -0.150680527708623
0.771744369988612 0.60601182375054 -0.119417170579663 -0.151326918412335
0.769317677186538 0.607293716411932 -0.127007057108966 -0.152360956348443
0.769362115591916 0.604896705216482 -0.134678674223604 -0.155059878174685
0.769734712783481 0.601830215103726 -0.142335833501124 -0.158269942269131
0.770121479844319 0.598583844719381 -0.150038749980573 -0.161550798907425
0.770441725464548 0.595274531493193 -0.157796920107678 -0.164826914741799
0.770562706745399 0.592101412347628 -0.165518749139931 -0.168085026555909
0.770279999079575 0.589347650122788 -0.173478771278941 -0.17100639236083
0.769886473756627 0.586617622630509 -0.18148963361141 -0.173827774643503
0.769450568459825 0.58381506855092 -0.189562212291475 -0.176555815822925
0.769066236099392 0.580831096447254 -0.197851314163436 -0.178961502495918
0.768641938288399 0.577788503966882 -0.206166278298442 -0.18123322289397
0.768072631201686 0.574861631782713 -0.214453593985939 -0.183325376120027
0.766871920763974 0.57268904620665 -0.222513293254822 -0.185533144811335
0.762455717140861 0.57482150899246 -0.229387154347315 -0.188740683529778
0.757388611249558 0.577685141298585 -0.235992327480957 -0.192223803006862
0.752107482176263 0.580698364349006 -0.242450776361752 -0.195809514422705
0.74681249596661 0.583684721167793 -0.248695967154877 -0.199332782211806
0.741934784299808 0.58675067720288 -0.253931280108535 -0.20192900641166
0.739253115814193 0.590955249666269 -0.254224058776994 -0.199115171671663
0.736943732390899 0.5953639008831 -0.253636620443852 -0.195254258813606
0.734659898914961 0.59980223683414 -0.252922030586352 -0.191161073597891
0.732341681300381 0.604234918547931 -0.252217199236977 -0.186982109963924
0.730028489012092 0.608597749859709 -0.25153524719375 -0.1827490178239
0.727820764302255 0.613042009328484 -0.250010920194618 -0.178748341621448
0.726272313174191 0.618014802751441 -0.243819850147712 -0.176459942680072
0.724832677008602 0.623013906570232 -0.2367218631488 -0.17445349543074
0.723472318752389 0.627898905299121 -0.229298725930997 -0.172490182357226
0.722222231205306 0.632624868108494 -0.22170002473322 -0.170381701003452
0.721687137609842 0.636639172657092 -0.213439178366318 -0.168231853063907
0.72119924249127 0.640425205403918 -0.204830005670574 -0.166648965464421
0.720582267582182 0.644134000148926 -0.196367003375459 -0.165204677547603
0.719917104419544 0.647860588110857 -0.18813840258363 -0.163094949676908
0.720465552571885 0.650695523374324 -0.179621711427373 -0.158936352675544
0.727725990089943 0.648842859607318 -0.169100745357984 -0.144300952192232
0.735914048116409 0.645902845258907 -0.157828368532564 -0.127789805374754
0.744094400036306 0.64233992632106 -0.146206979372872 -0.111114634819749
0.752161183702339 0.63811349789309 -0.133989177768837 -0.0954547944263244
0.759892088333774 0.633567314961001 -0.121258664332316 -0.0803293708750799
0.767004272827361 0.62906913102687 -0.107985452297549 -0.0656933478045043
0.773716190047046 0.624349692909879 -0.0944075450510972 -0.051360818333127
0.780058959099925 0.619377207246408 -0.0806498136622929 -0.0370877746409628
0.785851330747401 0.614373513339634 -0.0666616856407621 -0.0232183491399505
0.790470626616218 0.610120064182518 -0.0530313346381594 -0.00986779029868347
0.790593653470752 0.610900470867134 -0.0419428407964686 0.00175723988288429
0.789814969087895 0.61238257844229 -0.0316569967366464 0.0133314208798165
0.789252132927079 0.613138804530618 -0.0222406101583752 0.0254407607709397
0.790687451522375 0.61090956387698 -0.0130881614267156 0.0378359458604965
0.803085016442978 0.594218792762465 0.00245664078172851 0.0441865093526308
0.818635532972332 0.572212713569013 0.0145921320244576 0.0468566352619731
0.834393419533999 0.548454181249578 0.0257446575390983 0.048195903523116
0.849646367776165 0.523803071444605 0.0367450559289283 0.0487974685280698
0.86421739060756 0.498461510149515 0.0477632738023789 0.0488169473298351
0.877796313396128 0.472916540571999 0.0588722501007505 0.0485554941242994
0.889896105016014 0.448064786002403 0.0702010974615339 0.0489354241541304
0.898057095801119 0.428608095634093 0.0823829646276472 0.0547868613568546
0.895202854380842 0.432395328544694 0.0894684258624133 0.0603450920524686
0.890138059150018 0.44062991968405 0.0955777629338797 0.0660636114999895
0.884436361243755 0.449755912533469 0.101518252820212 0.0720137930914952
0.878417748196209 0.459024529696674 0.107436365077569 0.0783336980460394
0.872120145439943 0.468314707670253 0.113364986076677 0.085065659518824
0.86553154160185 0.477611859549152 0.119313721281499 0.0922295940806794
0.858662083218921 0.486869186248127 0.125285934983784 0.0998060961037389
0.851710707815193 0.495763608272721 0.131284840665596 0.10757139729856
0.844703648518753 0.504258404836384 0.137329416904143 0.115498218963503
0.837634335731489 0.512367134643311 0.143434823722781 0.123592436195287
0.830501914926314 0.520104359156017 0.149587900963376 0.131838859127363
0.82338172986773 0.527449713540485 0.155629923393746 0.140066603980179
0.816281253350963 0.534419206398944 0.161557350693083 0.148257376533973
0.809198545086011 0.541023451927101 0.167403422825601 0.156420692754636
0.802157639519117 0.547215196379303 0.173258094399433 0.164560879123066
0.795343405933493 0.552640953346695 0.17949580424367 0.172621260512965
0.788560446399505 0.557714600359312 0.185716939402607 0.18065454696518
0.781759324078203 0.562526940114041 0.191867055107749 0.188687132648216
0.774919520528818 0.567102261738258 0.197961154915952 0.19673876735174
0.768038394767264 0.571427204001773 0.204055305970301 0.204815543344267
0.761188743574071 0.575352895721727 0.210367945202308 0.212852224963963
0.754322854950034 0.578986033718717 0.216748971208117 0.220889308792711
0.747544131746707 0.582155971280373 0.223334294624905 0.228897332964069
0.740729199909933 0.585077836685754 0.229923735263238 0.236937235111978
0.733876967653498 0.587831432849466 0.236397825944869 0.244938504099276
0.727003610765867 0.590443272507707 0.242707384270452 0.252854933715712
0.720262795703569 0.592951190263665 0.248623260853855 0.260416714618279
0.714563374199739 0.595525338932326 0.252869904186488 0.266093153798701
0.71470556206557 0.599064574462067 0.248792643688341 0.261571817334526
0.715844443982467 0.602809955471401 0.243190669129763 0.255039581344188
0.717076401295529 0.606598828601531 0.23732527253542 0.24802421426202
0.718297006103752 0.610310322558521 0.231469215786815 0.240816783767114
0.719546051715404 0.613885939218291 0.225607105543423 0.233450138186228
0.720839978442941 0.617325196025724 0.219687176198512 0.225913418025814
0.72202556443922 0.620716411035352 0.213902739850407 0.218256361309598
0.723032812785784 0.624056152821365 0.208585943595825 0.21040288471196
0.723732537329914 0.6271372915987 0.205040878483997 0.202159021680367
0.723102346638608 0.630040093955655 0.205364642515625 0.19493034627404
0.722010003428095 0.632188964996116 0.208442122669961 0.188654575835687
0.720911668349087 0.633774817578836 0.212714301996122 0.182670393789884
0.719800589076485 0.635063550187414 0.217497409682853 0.176850999346208
0.71873593316838 0.635851065531099 0.222996352970408 0.171419682059679
0.717494969887717 0.636468777300885 0.228853269267455 0.166537217619783
0.715965585051209 0.636957295084959 0.235084844713475 0.162523232328103
0.714383748861078 0.637337906631682 0.241412824561106 0.158669783736431
0.712874551632436 0.637591862942111 0.247770449042777 0.154584263513471
0.711470303757421 0.637684582186549 0.254174467061822 0.150212252518657
0.710124878156572 0.637692660601167 0.26054096791709 0.145564872394903
0.708781669334369 0.637624907448863 0.266839670662639 0.140924138376179
0.707499572861215 0.637509180222081 0.272929022733035 0.136147523237692
0.706288211801788 0.637351853236557 0.278782746847693 0.131224072127843
0.7051504601893 0.637219370502435 0.284211137504593 0.126247105589176
0.704065493808943 0.637588876997346 0.288005677975689 0.12175768481125
0.70334289168913 0.640897969386478 0.283194656076614 0.119830531653292
0.702672231030741 0.644716778072446 0.27673721650877 0.118357614073381
0.701982857997114 0.648590516704891 0.269951524712738 0.116946923961058
0.701259726719622 0.652444324931611 0.263070496320122 0.115521047915693
0.700500294426339 0.656267003066802 0.256129847538873 0.114063400764856
0.699715620854172 0.66002909324242 0.249169221741867 0.112580393243232
0.699016463557637 0.663613995320132 0.242193574325893 0.111061791115906
0.698855375143316 0.666585132750695 0.235095564105095 0.109523975307425
0.699105915571913 0.66906960912255 0.227960152901744 0.107846862031162
0.700176091318045 0.670635576198722 0.220858620510337 0.105937881937786
0.701421079985953 0.67196605183001 0.213693998019429 0.10394695257582
0.702777055780724 0.673140406321778 0.206458901275408 0.101789613071669
0.704682785863185 0.673587165080798 0.199315928336855 0.0998782411625872
0.707072798656235 0.673271929828741 0.192580006946325 0.0983153438160837
0.709810554479027 0.67241911361043 0.186193967605142 0.0967125577626513
0.712647659078461 0.671352145767662 0.179906048259511 0.0951494833553624
0.715550698014554 0.670085449048233 0.173749269408233 0.0937223608581055
0.718261592443829 0.668871651256347 0.167687974079183 0.0926916518079204
0.719760489055763 0.668553149852338 0.16203384988836 0.0934160355992653
0.715229878777976 0.672938222190181 0.158815896323396 0.101871883725377
0.709345155021866 0.678287490389455 0.155932624746665 0.111537204410885
0.703089466388922 0.683796204210953 0.152874565916027 0.121314963856977
0.69665047180349 0.689318676758291 0.149543699852847 0.130975432209616
0.690110093504395 0.694764689488463 0.146028452619399 0.140448482045691
0.683490571261838 0.700243593355804 0.142536033154137 0.148939679780107
0.678322768682695 0.705130757155856 0.138737610717706 0.153038270284902
0.680933700862889 0.70685580077125 0.13509989960694 0.135765198307221
0.68463362420357 0.707569407266256 0.1325503014517 0.114248641549154
0.688036358512428 0.707992639494083 0.12987553668316 0.0921126308299784
0.691527938424262 0.70779589321698 0.125397034653232 0.0713419065069359
0.698389415606706 0.704629001526895 0.110340886009526 0.0597919998859986
0.705695978322344 0.700586996136569 0.0928778018289836 0.050445623709343
0.712217645663427 0.696779518576252 0.0741506953905767 0.0417851896176741
0.715905597326129 0.695315950134551 0.0539248452062761 0.0332718540974747
0.715284450983857 0.697653016433258 0.0327032229439573 0.0240607990593802
0.713976382306114 0.699946403009032 0.0128297391444471 0.012171943857758
0.712809337082628 0.701324054509373 -0.00688385929208601 0.000178929050319724
0.711294392759936 0.702308120322963 -0.025637143892084 -0.0128968139382391
0.709707610852027 0.702619972259775 -0.0441498466430295 -0.0262882620531956
0.707307538826466 0.702997722302085 -0.0625261631359 -0.0400090849786606
0.70504331538976 0.70243856703516 -0.0811402425754193 -0.0539466773824794
0.702328512144217 0.701543980339808 -0.0996661343268748 -0.0680982110382291
0.698205191559592 0.701269308551475 -0.117607949748175 -0.0830616489061013
0.6934480741975 0.700834572752071 -0.135161742071753 -0.0984478212421642
0.688252603670752 0.700049985912069 -0.15217091315083 -0.114378249487328
0.682305932982752 0.699161315657425 -0.168567528267894 -0.131213783263681
0.67704597312383 0.696716208515935 -0.185664899322926 -0.147390027571046
0.675245944794961 0.690035450881416 -0.204226742703145 -0.161819121644213
0.673893991351702 0.682106038609405 -0.222762854813342 -0.175997019940867
0.672308497980409 0.673571420890494 -0.241269180114942 -0.18997896522918
0.670486998236667 0.664450280427776 -0.259839297782768 -0.203559694838619
0.668493864526881 0.654645394976467 -0.27933324807443 -0.215704187363646
0.665490736509345 0.645063493158498 -0.298209631380424 -0.228223980261402
0.662132109258069 0.635748752022766 -0.316141772016626 -0.239706016147164
0.659234009116906 0.629228090256533 -0.330507683575461 -0.245453056109209
0.6598312307458 0.638476474661318 -0.327256559715392 -0.22332416429886
0.659719724988505 0.651195071960983 -0.320266469929826 -0.195305532316699
0.659127311674273 0.666302095338556 -0.307052846025607 -0.16526117057576
0.660842313035624 0.677744392051742 -0.292731023763628 -0.135124106178133
0.683335597463238 0.667388508297555 -0.274890830659322 -0.109909378359408
0.709339127324078 0.651390894453869 -0.254833246634678 -0.0871086762574962
