0.860110069873882 0.502607743880094 0.0439724797881391 -0.0752498804955165
0.867972040860286 0.490135284304433 0.039932815363993 -0.0692626134487232
0.875513186226536 0.477883929773173 0.0362609544533451 -0.0615528520065615
0.882572725514254 0.465958086027905 0.0327409762714541 -0.053632776511611
0.888264712951465 0.45605393245625 0.028791379063598 -0.0466011470680498
0.88786691316239 0.457389457981299 0.0214004960018271 -0.0450471642829857
0.886173619940443 0.460970722321522 0.0133261188572306 -0.0449969225639837
0.884099577657781 0.465067527407372 0.00523833560739226 -0.0453066394316678
0.881913381548917 0.469173569888195 -0.00285476928574583 -0.0457908184644711
0.879660965242362 0.473208990937317 -0.0109423984571578 -0.0463691820174543
0.877351937995402 0.477157781132173 -0.0190081268807175 -0.0470395568986373
0.874988993173954 0.481014571528895 -0.026976317706051 -0.0478698452506894
0.872449086275812 0.485018076685701 -0.0343052705171031 -0.0491243886410142
0.86916584649903 0.490259947261883 -0.038222031140456 -0.0522971483534224
0.865652962540082 0.495804402965399 -0.0413402182391034 -0.0558025877683708
0.862059336862716 0.501357234195588 -0.0442939305327676 -0.0594362781937331
0.858465338414911 0.506745715646526 -0.0473005037383339 -0.063314332975729
0.854822922400277 0.512077970543426 -0.0502750989166025 -0.0672780636768218
0.851131265078069 0.51735583034372 -0.0531902110027315 -0.0713394411910394
0.847432078617742 0.522485454934967 -0.0559788944237101 -0.0757244008897574
0.843679867173755 0.527567136164099 -0.0587009728332307 -0.0801959746727904
0.8398669335319 0.532617528250161 -0.0613682307861133 -0.0847115270231498
0.835995020594548 0.537632036837812 -0.0639860322045336 -0.0892743310782364
0.832080391923432 0.542571829218765 -0.0665729392679608 -0.0939471940612146
0.828110209001588 0.547468036134824 -0.0691291525621945 -0.0986579516514355
0.824100597551935 0.552292171401333 -0.0717394414021855 -0.103368346560475
0.820058109383724 0.557028053890211 -0.0742686392830701 -0.108206347467781
0.815988294908034 0.561668552738807 -0.076510722730862 -0.113303348337873
0.811824854956809 0.566348141250068 -0.0785357635184478 -0.118415884177438
0.807608505445426 0.57097593953087 -0.0804187060277063 -0.123643884320559
0.803364095267938 0.575501776354417 -0.0820304889698564 -0.129131075758716
0.799063029435831 0.579988993909234 -0.0835442854662563 -0.134652865914245
0.794715884084844 0.584451068079319 -0.0850020538842571 -0.140065211382577
0.790323968006423 0.589086489222155 -0.086296561060891 -0.144630693006576
0.787329741252787 0.592116486959375 -0.0906376945088599 -0.145927217282543
0.784616436923586 0.594734639940255 -0.0956076590773998 -0.146720586456748
0.781964638927739 0.597204375393451 -0.100706507449772 -0.147432821429955
0.779313440380462 0.599598966364531 -0.105824271534013 -0.148164991584549
0.77665730223433 0.601922273351162 -0.110948397279162 -0.14894114566179
0.774024917878461 0.60412187558143 -0.116121901968962 -0.149792823026768
0.771463670564654 0.606115477328159 -0.121368574714282 -0.150789595841333
0.7693176771878 0.607293716409808 -0.12700705711015 -0.15236095634955
0.769319857077251 0.604958510916903 -0.134532760983933 -0.155155063719755
0.769635014619736 0.601952716896447 -0.142379339423441 -0.158249785458336
0.769957149235537 0.59878329763816 -0.150293923879216 -0.161357637735696
0.770185249016614 0.595602522945608 -0.15823947346386 -0.164415893075833
0.770067698990682 0.592739235679261 -0.16626828158681 -0.167364261405267
0.76982563905708 0.589912140767162 -0.17431563376547 -0.17025337427142
0.769536820210292 0.58702490497053 -0.182363842692407 -0.173084580952299
0.76929414640126 0.583976069888029 -0.190401355307319 -0.175800426643464
0.768967232807695 0.580931885276158 -0.198501084525209 -0.178339168383956
0.768573615168941 0.577864599655163 -0.206602200943355 -0.180783387225939
0.768027683030787 0.574899444254903 -0.214679460420367 -0.183130653816841
0.766871920762053 0.572689046209663 -0.222513293253845 -0.185533144811149
0.762640104293979 0.574776418921241 -0.229058431306641 -0.188532158057676
0.757808252214598 0.577585593737277 -0.235301840847777 -0.191714836348836
0.752837298254163 0.580487591051514 -0.241374041561143 -0.194958280288431
0.747884480820573 0.583354830647965 -0.24721535111541 -0.198117427502759
0.74326276752282 0.586344487509442 -0.252164084158211 -0.200434216246275
0.740509325396517 0.590476613194252 -0.252666694839554 -0.197845519510289
0.738050255045753 0.594827855553078 -0.252391351336488 -0.194319965663768
0.735594307807501 0.599215515172147 -0.252016207469214 -0.190603283998506
0.733109783726844 0.603593048766879 -0.251646851141826 -0.186813647238868
0.730647167695882 0.607890956958521 -0.251279353187661 -0.182980839017722
0.728314296617939 0.612265703754664 -0.249999786527741 -0.179413210449529
0.72692541051793 0.61713813291204 -0.243442140403709 -0.177358103070712
0.725674373577355 0.622045347334253 -0.235875815921169 -0.175553094123812
0.724432419808711 0.626883336462918 -0.228096296029318 -0.173744154816563
0.723238061612832 0.631569805694098 -0.220260700946556 -0.171847346178418
0.722451293251111 0.635732002496586 -0.212201750244525 -0.16993930409013
0.721683959473532 0.639753996276096 -0.204111104678843 -0.16800518990243
0.720798026324791 0.643809570442776 -0.196159413186744 -0.165773721894656
0.720013618060065 0.647715140145798 -0.188089135940759 -0.163303288316622
0.720465552576716 0.650695523370702 -0.17962171142656 -0.158936352669391
0.727620710842854 0.648929486464861 -0.168991586076547 -0.144569936654637
0.735710085989467 0.646042069605739 -0.157674573348018 -0.128448599028656
0.743814005491482 0.642526645793313 -0.146034291280577 -0.112134831566702
0.751845001272911 0.638355742182378 -0.133850099604632 -0.0965152387944577
0.759561929211477 0.633851496415711 -0.121163251853634 -0.0813475419687344
0.766760803861086 0.629289764294431 -0.107933572506436 -0.0665026777096829
0.773559997557909 0.624496605801514 -0.0943901518367326 -0.0519559309110641
0.779947778088965 0.619488845991545 -0.0806479830168897 -0.0375624277897286
0.785788289638733 0.61444131548302 -0.0667016943246506 -0.0234417931982851
0.790470626613719 0.610120064185581 -0.0530313346400569 -0.00986779029928925
0.790563848623902 0.610924072516697 -0.0421643079685929 0.00165831303052166
0.789749177924799 0.612448058335071 -0.0321301088310316 0.0130869368154294
0.78917281342814 0.613231993803624 -0.0228486610689165 0.0251143586202092
0.790687451528988 0.610909563868528 -0.013088161423044 0.0378359458600314
0.803557412003408 0.5932099349342 0.005914389588186 0.0486053361838671
0.820042021974791 0.569186066454074 0.020458061951155 0.0560336653382385
0.836620767967172 0.543207401607153 0.0339448700441767 0.0619609170599275
0.852396315829139 0.516408977973564 0.0475177650409033 0.0669652912688897
0.867119529117609 0.48916278059312 0.0613333227954085 0.0711457645973261
0.880401107724478 0.462247262458509 0.0752426147371268 0.0745647825360337
0.89051781635769 0.43948015216131 0.0883986100841009 0.0775944607623677
0.888504736815605 0.440993788175305 0.0963416099142402 0.0824748788793171
0.884183552544224 0.447043030453826 0.103214695449577 0.087856137953969
0.879319628433666 0.45388469324809 0.109807990860718 0.0934231311266074
0.874246562552995 0.460815635521725 0.116272131826317 0.0991094812999454
0.869028721082244 0.467702562120605 0.122634800159655 0.104900434268802
0.863679323244246 0.47451873011922 0.128900017259212 0.110791637396414
0.858201881249687 0.481257320333607 0.135067271412365 0.116780798241977
0.852598090889691 0.487915251124869 0.141135203759116 0.122866013978167
0.846869333972992 0.494490155191884 0.147102318988748 0.129045439061518
0.841016964417175 0.500979814690876 0.152967123483151 0.135317219776742
0.835042364107344 0.50738205205728 0.158728157100974 0.14167948171662
0.828946962233786 0.513694687487871 0.164384025722327 0.148130327541116
0.822732286860915 0.519915410359911 0.169933547948991 0.154667836049912
0.816400232882122 0.526041108487445 0.175376534433138 0.161290058904881
0.809954499347721 0.532064288279172 0.180717955621621 0.16799500778387
0.803408298623205 0.537953976119278 0.185990221908476 0.174780612870141
0.796825627312442 0.543553879884599 0.191372234441547 0.18164461788168
0.790148521374739 0.549011490726028 0.196689514264902 0.188586670256237
0.783374755143396 0.554333898451464 0.201929719862021 0.195607541439669
0.776544449417582 0.559419345981203 0.207204416207569 0.20271912422065
0.769645115243464 0.564312674911702 0.212465254171449 0.209895491342088
0.762791950426843 0.56876238835559 0.218015790103749 0.217087312437867
0.755908537167403 0.572956629626793 0.223617221319802 0.224317458824215
0.748942124352769 0.577008898557638 0.22913717414384 0.231608680279128
0.74188546260451 0.580939180001284 0.234548391146068 0.238961674178769
0.734745027579659 0.584749724391355 0.239837475808929 0.246364545884349
0.727557590916194 0.588438930338718 0.244962273712291 0.253757879916575
0.720515526132089 0.592003865426362 0.249710476316473 0.260832279330311
0.714563374203556 0.595525338932508 0.25286990418186 0.266093153792438
0.714732380000263 0.599393430073071 0.248091877087536 0.261410714179012
0.715947494082215 0.603332478435663 0.241865303675799 0.254774961603157
0.717282444044172 0.607252000684694 0.235364474733088 0.247698339041815
0.718597874875568 0.611106638226538 0.22879199360396 0.240457885299073
0.720173390522089 0.614626290661529 0.22193316836733 0.233088994141737
0.721684949519656 0.618072210580184 0.215064839526885 0.225620679337271
0.723037410388165 0.621517441428264 0.208335271828438 0.218012356741106
0.724028702878182 0.625109207175219 0.202282484943031 0.210006458944906
0.724756529491449 0.628663619455857 0.19695660470671 0.201787319707104
0.725013948978055 0.631981929857165 0.193446903319966 0.193731540326233
0.724015360764202 0.633843112049363 0.197107679197578 0.18759858604586
0.722847787951691 0.635167928145628 0.20241394413246 0.181882857161635
0.721611331720661 0.636317313954833 0.208087106139924 0.176287033419797
0.720349583020651 0.637281256078834 0.214004613161375 0.170795504736538
0.719123677234702 0.637781340654523 0.220599243427563 0.165626302719544
0.717804463672842 0.638131485913398 0.227412991006395 0.160711823270188
0.716251886329157 0.638295214571771 0.234679675162727 0.156486115838491
0.714631271132323 0.638337929734678 0.242042222492565 0.152454571307998
0.713047654373928 0.638279939338519 0.249338517333733 0.148297219811
0.711538903438153 0.638103757123157 0.256556359402773 0.143926434296612
0.710067006955035 0.637848422505143 0.263669242428627 0.139401456731027
0.708615986184602 0.637523843715025 0.270674413783243 0.134766815431481
0.707149976214446 0.637148278707883 0.277567091034148 0.13014412032179
0.705694243286298 0.63688339688235 0.283935282647773 0.125522623601914
0.704065493808832 0.637588877000126 0.288005677968338 0.121757684814728
0.701362328483819 0.643800657264036 0.280107465503274 0.123091046219792
0.698832043029593 0.650629300404115 0.26967165792128 0.124869876290185
0.696299894267777 0.657413341013709 0.258694981030192 0.126692790203955
0.693737621156108 0.664002429552723 0.247571686885692 0.128596836638071
0.691337330042841 0.670076949700205 0.236390001530558 0.131031846304963
0.688727875735851 0.675901479160694 0.2252460702389 0.134444455053756
0.686381736805135 0.681076899955537 0.214131369148738 0.138427325603759
0.684031361792626 0.686001966532885 0.202961353617667 0.142509953809636
0.681545620674058 0.690816993108161 0.191745313906491 0.146632818863695
0.678543181134264 0.695828629411388 0.180596206051862 0.150952575954621
0.675595890121918 0.700590570179973 0.169538799086157 0.154918177854305
0.673646287338444 0.704418277283017 0.1591814232899 0.15702498101945
0.677523697977143 0.70375349556602 0.152768948077031 0.14951356012557
0.68213628179736 0.702323162554459 0.149792406662234 0.137820547457597
0.686537929147154 0.700714846768892 0.148427339287615 0.125034796404779
0.690230096402861 0.699349217332325 0.148204523337078 0.111930806745913
0.692088166060195 0.699567888198626 0.147795460619316 0.0988698236120388
0.693499138238074 0.700175139740905 0.146419515944664 0.0858780781246533
0.695180113617408 0.700603663195876 0.143134284749918 0.0734281504365733
0.700080865386762 0.698150893444016 0.135999789719597 0.0630568719400972
0.706876843669824 0.693807791820108 0.125458684139518 0.0567097387321908
0.713394656626183 0.689585472053874 0.113623903834434 0.0512791293497669
0.718040233798457 0.68727660717071 0.0995463447802825 0.0464716378392131
0.720292843854804 0.687344173462579 0.08386429256451 0.0412672597982504
0.721538879157535 0.688107372713535 0.0675992413199902 0.0363349976513751
0.720474204139529 0.690913580432272 0.0511166354920331 0.0306991061717388
0.718830478715557 0.693888828028622 0.0349917955564145 0.0240127351704527
0.71760949371427 0.695993631386849 0.0197568716714073 0.0154643338639559
0.716763288561775 0.697271438158521 0.0045536066563732 0.00649571896530436
0.715265426582122 0.6987646733392 -0.0107628982262174 -0.0027314558805846
0.713835520707867 0.699726553769929 -0.0255868910154047 -0.0129193782030228
0.712552359842658 0.700074583803656 -0.0402396903113625 -0.0233554901135316
0.710637835852423 0.700614966935123 -0.054596884392828 -0.0339369205449845
0.708767279796175 0.700669091008743 -0.0688271667925351 -0.0444363489344684
0.706823969281921 0.700348082241981 -0.0830034769029741 -0.0549805690271232
0.704586339712092 0.69986846327225 -0.097109198549199 -0.0656660305271125
0.701530236508614 0.699757896436129 -0.110821537300737 -0.0768947365542954
0.698079798307221 0.699578041051687 -0.124595059250478 -0.088041074982095
0.694371372012873 0.699184821080341 -0.138132483565997 -0.0995409497829978
0.690436992521751 0.698543791738111 -0.151333993318335 -0.111495976824226
0.685939889561854 0.698016124797706 -0.164053406665551 -0.123880737775057
0.681414209450004 0.697044024300445 -0.176371877722836 -0.136737939487136
0.677640732957037 0.694826159770255 -0.189215432109685 -0.149054235055281
0.676870272907164 0.689122302162378 -0.203576235821971 -0.159730405764092
0.67669197615821 0.682343928068235 -0.218085909166913 -0.170097823191096
0.676200034258299 0.67534617903497 -0.232548931356601 -0.180504976820153
0.675437408738811 0.668120206397671 -0.24694604393791 -0.190833299145484
0.674325185805014 0.660836636401998 -0.261330578242502 -0.200715750885093
0.672677239528966 0.653641977415292 -0.275696421600881 -0.21035441496861
0.670872043758644 0.646187409262823 -0.289635178117153 -0.220190818633171
0.668850817469881 0.638545307181445 -0.303392692985503 -0.229894211517885
0.666708562848027 0.630899617174426 -0.316825713795241 -0.238928508873298
0.664580123308526 0.625206640059888 -0.328234039847764 -0.24436106893993
0.662849496240935 0.631529467197331 -0.328991551274438 -0.231442512483407
0.663013525992311 0.640047929147949 -0.32557085791805 -0.211554553766094
0.662837190787905 0.64926947424893 -0.32090603918536 -0.190040317646754
0.66308600409563 0.659664841507594 -0.311785475147601 -0.167179740214644
0.664149146698805 0.668887385312729 -0.301117647523524 -0.144304327927644
0.673489460073802 0.670738963341012 -0.284702740383021 -0.124360523656512
0.690796645615296 0.662431116268054 -0.270002665246067 -0.105278541814256
0.709339127318813 0.651390894455247 -0.254833246642616 -0.0871086762668417
