-0.207314634697132 -0.237914634699318 0.42000000000082
-0.209213199822255 -0.242312800848382 0.419511363612194
-0.211111565458587 -0.246709384845905 0.419021926539666
-0.213009532107 -0.251102804456022 0.41853088805083
-0.214906900247706 -0.255491477274232 0.418037447316206
-0.216803470329913 -0.259873820643077 0.417540803360633
-0.218699042761467 -0.264248251567883 0.417040155014541
-0.220593417898486 -0.268613186632657 0.416534700865078
-0.22248639603494 -0.272967041916378 0.416023639207047
-0.224377777392159 -0.277308232910181 0.415506167993494
-0.226267362108196 -0.281635174436434 0.414981484785615
-0.228154831556561 -0.285946347567574 0.414448886955996
-0.23003986700062 -0.290240232542617 0.413907671415528
-0.231921947850708 -0.29451542622792 0.413357373273352
-0.233800553363203 -0.298770524502376 0.412797527132716
-0.235675154723863 -0.303004126905231 0.412227676095106
-0.237545220635625 -0.307214833101079 0.411647364979881
-0.239410219564226 -0.311401241551244 0.411056138131939
-0.24126961307194 -0.31556195397176 0.410453549072979
-0.243122765899808 -0.319695624879282 0.409839234758835
-0.24496904246173 -0.323800907369789 0.409212831527936
-0.246807691256748 -0.327876543682311 0.408574202177322
-0.248637958876945 -0.331921275472613 0.407923211181318
-0.25045907775979 -0.335933852153841 0.407259742449616
-0.252270276239596 -0.339913025190055 0.406583691164152
-0.254070782130628 -0.343857544291802 0.40589495186227
-0.255859817851807 -0.347766160686936 0.405193425951
-0.257636600839133 -0.351637627539394 0.404479024486274
-0.259400347270439 -0.35547069672876 0.403751660313952
-0.261150271731259 -0.359264118748294 0.403011246966752
-0.262885586994 -0.363016642896354 0.402257699422086
-0.264605498409003 -0.366727023413123 0.401490952839319
-0.266309209830066 -0.370394012895897 0.400710942909479
-0.267995924261113 -0.374016361670979 0.39991760459968
-0.269664839670965 -0.377592821127293 0.399110878287921
-0.27131515213883 -0.381122142745078 0.398290713833612
-0.272946056229574 -0.384603075996766 0.397457061544974
-0.2745567454902 -0.388034367819734 0.396609871034791
-0.276146406893111 -0.391414768238877 0.395749104034035
-0.277714226419947 -0.394743025291683 0.394874724609747
-0.279259388531961 -0.398017884677692 0.393986697135237
-0.280781076321913 -0.401238089744415 0.393084986837112
-0.282278471337325 -0.404402381455683 0.392169559488878
-0.283750752894775 -0.407509499455691 0.391240384624993
-0.285197099131122 -0.410558182209436 0.390297438259508
-0.286616687579636 -0.413547165198427 0.389340697217434
-0.288008694124266 -0.416475181205934 0.388370138612752
-0.289372293202559 -0.41934095982611 0.3873857389333
-0.290706657460909 -0.422143231613804 0.38638748607007
-0.292010959084476 -0.424880723722957 0.385375368682156
-0.293284368681786 -0.427552159911984 0.384349374673733
-0.294526051918727 -0.4301562625251 0.38330949224633
-0.29573517300921 -0.432691750476075 0.382255709540696
-0.296910898125054 -0.43515734004249 0.381188021066428
-0.298052388145133 -0.437551744063078 0.380106417373405
-0.299158802060944 -0.439873671942853 0.379010888681231
-0.30022929702442 -0.442121829290634 0.377901424506709
-0.301263028631427 -0.444294917851569 0.376778014069806
-0.302259154753368 -0.446391636109347 0.375640651586129
-0.303216831105666 -0.448410678358238 0.374489330025761
-0.30413521138695 -0.450350734825641 0.37332404165223
-0.305013447169826 -0.452210491774524 0.372144778281825
-0.305850690579434 -0.453988631997157 0.370951534404423
-0.306646097876653 -0.455683830565745 0.369744302794932
-0.307398823961696 -0.457294757635604 0.368523075156429
-0.308108021990306 -0.458820078730733 0.367287842476383
-0.30877284436443 -0.460258455440829 0.366038596855268
-0.309392441158813 -0.461608544806926 0.364775329766301
-0.309965963914614 -0.462869000130848 0.363498034906629
-0.310492561756743 -0.464038470019668 0.362206705288702
-0.310971383717998 -0.465115598469342 0.360901334452717
-0.311401585658086 -0.466099023134344 0.359581917570574
-0.311782320886656 -0.466987376753908 0.358248449031266
-0.312112742741295 -0.467779286814843 0.356900923145024
-0.312392001921463 -0.4684733757477 0.355539333495567
-0.312619246443716 -0.469068260854785 0.354163672931996
-0.312793621596913 -0.469562554237609 0.352773933563338
-0.312914269897357 -0.46995486272392 0.351370106754255
-0.312980331043815 -0.470243787794397 0.349952183121275
-0.312990941872414 -0.470427925509031 0.34852015252926
-0.312945236311391 -0.470505866433209 0.347074004088005
-0.312842345335698 -0.470476195563511 0.345613726148889
-0.312681396921456 -0.470337492253204 0.344139306301544
-0.31246151600025 -0.470088330137453 0.342650731370537
-0.312181824413263 -0.469727277058221 0.341147987412026
-0.311841440865261 -0.469252894988866 0.339631059710394
-0.311439480878394 -0.468663739958426 0.338099932774849
-0.310975056745846 -0.467958361975591 0.336554590335952
-0.310447277485305 -0.467135304952359 0.334995015342067
-0.309855248792271 -0.466193106627369 0.333421189955672
-0.309198072993173 -0.46513029848894 0.331833095549467
-0.308474848998322 -0.463945405697821 0.330230712702166
-0.307684672254673 -0.462636947009731 0.328614021193803
-0.306826634698391 -0.461203434697795 0.32698300000025
-0.305899824707231 -0.459643374475126 0.32533762728644
-0.304908185054871 -0.457967769186414 0.323677546372813
-0.303855654856836 -0.456187615657062 0.322002399865853
-0.302746170242662 -0.454313905234006 0.320311829347157
-0.301583664374073 -0.452357623599097 0.318605476374306
-0.300372067632705 -0.450329752096857 0.316882981655359
-0.299115307826073 -0.448241268314152 0.315143985012695
-0.297817310393389 -0.446103146659732 0.313388125348889
-0.296481998611182 -0.443926358946244 0.311615040606052
-0.295113291990757 -0.441721876565703 0.309824367197664
-0.293715108443715 -0.439500669763465 0.308015739971903
-0.292291365184287 -0.437273706159144 0.306188794317447
-0.290845978086846 -0.435051953059203 0.304343164669164
-0.289382861890971 -0.43284637803803 0.302478484480874
-0.287905930406514 -0.430667949516328 0.300594386212353
-0.286419096212663 -0.428527636970797 0.298690502214475
-0.284926271369576 -0.426436411877035 0.296766463750671
-0.283431368214606 -0.424405246839195 0.294821901984393
-0.281938298335626 -0.422445117281192 0.292856447875455
-0.280450972839125 -0.420567002054027 0.290869731991833
-0.278973303132659 -0.418781884309873 0.288861383787619
-0.277509201130071 -0.417100752076783 0.28683103158216
-0.276062579456703 -0.415534598832775 0.284778302547365
-0.274637350141134 -0.414094421134857 0.282702826098714
-0.273237425781203 -0.412791221967382 0.280604231007854
-0.271866720282963 -0.41163601150644 0.278482144790579
-0.270529150516397 -0.410639807177972 0.276336192951923
-0.269228634698717 -0.409813634697815 0.274165999999952
-0.267969092924111 -0.409168527799083 0.271971189753124
-0.266752021128614 -0.408695802284955 0.269754328052557
-0.265578918484106 -0.408386783334824 0.267517978831761
-0.264451285587786 -0.408232803006091 0.265264705652604
-0.263370626728782 -0.408225202224859 0.262997070394957
-0.262338448840864 -0.408355329939587 0.26071763407799
-0.26135626073223 -0.408614541474614 0.258428957448605
-0.260425573832479 -0.408994198921844 0.256133600790333
-0.259547902686666 -0.409485670953359 0.253834123896004
-0.258724763439926 -0.410080330970477 0.251533086734668
-0.257957673323946 -0.410769557092408 0.249233049645499
-0.257248151980073 -0.41154473180576 0.246936573049407
-0.256597718276947 -0.4123972396265 0.24464621805611
-0.256007894888066 -0.413318469174599 0.242364545849733
-0.25548020764407 -0.41429981513338 0.240094118861966
-0.255016183781103 -0.415332675314042 0.237837500473906
-0.25461735099764 -0.41640845271018 0.235597256345485
-0.254285239150724 -0.41751855229037 0.233375953134434
-0.254021380731192 -0.418654383589418 0.231176160099678
-0.253827312131578 -0.41980735839841 0.229000447966079
-0.2537045734043 -0.420968889406111 0.22685138870922
-0.253654708341953 -0.422130389744604 0.224731555685925
-0.253679263403817 -0.423283272236365 0.222643523667027
-0.253779789167828 -0.424418949533281 0.220589869297014
-0.253957839848443 -0.425528834473716 0.218573171628961
-0.254214973725536 -0.4266043385495 0.216596011672653
-0.254552753225776 -0.427636871448806 0.214660972505319
-0.254972743801454 -0.428617840245793 0.212770639059272
-0.255476515430066 -0.429538649095645 0.210927598564645
-0.25606564050876 -0.430390698070957 0.209134439668592
-0.256741694100474 -0.431165384128538 0.207393753322196
-0.257506255826681 -0.431854100171348 0.205708133240764
-0.258360908282911 -0.432448233648186 0.204080174790875
-0.259307238788913 -0.432939167047245 0.202512476354548
-0.260346838685097 -0.433318277670693 0.201007639140915
-0.261481304202764 -0.433576936961488 0.199568267663276
-0.262712233091261 -0.43370650969392 0.198196967268518
-0.264041227936561 -0.433698353818665 0.19689634670715
-0.265469896467163 -0.433543820062243 0.195669018435534
-0.266999851259092 -0.433234251033362 0.194517598355819
-0.268632709755284 -0.432760981307193 0.193444705687582
-0.270370094794724 -0.43211533687681 0.192452963727361
-0.272213634697622 -0.431288634697307 0.191544999999055
-0.274164963207538 -0.43027218213025 0.190723446160513
-0.276218226048439 -0.429085495771188 0.189981096536484
-0.278367574166629 -0.427748083130835 0.189310749502309
-0.280607163317428 -0.426279443830331 0.18870520653421
-0.28293115398812 -0.424699070606528 0.188157272500639
-0.285333710000036 -0.423026448873278 0.18765975477703
-0.287808999294358 -0.42128105920587 0.18720546339595
-0.290351193229811 -0.419482378646845 0.186787206949446
-0.292954466478464 -0.417649881829219 0.186397794128253
-0.295612996911202 -0.415803042523569 0.186030031483062
-0.298320965338856 -0.413961333848429 0.185676726408344
-0.301072555704749 -0.412144230466342 0.185330684456053
-0.303861954239669 -0.410371208328452 0.184984711580681
-0.306683349157076 -0.408661745698413 0.184631613750712
-0.309530931798962 -0.407035326933409 0.184264193553653
-0.312398894880585 -0.40551144074357 0.183875252841018
-0.315281432119426 -0.404109581075724 0.18345759233585
-0.318172738294131 -0.402849249339525 0.183004009294094
-0.321067008618555 -0.401749954338472 0.182507298884184
-0.323958438461947 -0.40083121331854 0.181960254015244
-0.326841223044561 -0.400112552992265 0.181355664961658
-0.329709557133265 -0.399613510562347 0.180686318989308
-0.332557634698172 -0.399353634700206 0.179944999999001
-0.33537964864717 -0.399352486617557 0.179124488121753
-0.338168765531571 -0.399583001146006 0.178244609875919
-0.340918150177636 -0.400018125268201 0.177325188657978
-0.343620965081634 -0.400630818194023 0.176386045493211
-0.346270370297852 -0.401394048443977 0.175447000362544
-0.348859523052624 -0.402280792465582 0.174527873170685
-0.351381577412853 -0.403264033177777 0.173648484861343
-0.353829683927011 -0.404316758556127 0.172828658458305
-0.356196989223205 -0.40541196024064 0.172088219997789
-0.358476634697595 -0.40652263469914 0.171447000000672
-0.360661757243556 -0.407621778982995 0.17092483405341
-0.36275335948615 -0.408709525483662 0.170519554349471
-0.364752438802768 -0.409786006676099 0.170228999232606
-0.366659987866831 -0.410851354266869 0.170051013216929
-0.368476994552283 -0.41190569937883 0.169983446720509
-0.370204441985327 -0.412949172559695 0.170024155953002
-0.371843308595921 -0.413981903790641 0.170171002806966
-0.373394567520543 -0.415004023447788 0.170421855775633
-0.374859187095879 -0.416015661490843 0.170774589500782
-0.376238131115621 -0.417016947326783 0.17122708395461
-0.377532358880934 -0.418008009819022 0.171777224328489
-0.378742825058142 -0.418988977503511 0.172422901015829
-0.379870479921316 -0.419959978388465 0.173162009408912
-0.380916269138918 -0.420921140215215 0.17399244985566
-0.381881134086563 -0.421872590210603 0.174912127485944
-0.382766011896402 -0.422814455093088 0.17591895210312
-0.38357183550627 -0.423746861079283 0.177010838074675
-0.384299533708619 -0.424669933890711 0.178185704222018
-0.384950031199232 -0.425583798760733 0.179441473708902
-0.385524248701913 -0.426488580357686 0.180776073961993
-0.386023103052865 -0.427384403084434 0.182187436354097
-0.386447507020996 -0.428271390437067 0.183673496653181
-0.386798370418374 -0.429149664412613 0.185232194907871
-0.387076598973437 -0.430019346597343 0.186861474996968
-0.387283094608236 -0.430880558182832 0.188559284444116
-0.387418755491335 -0.4317334199694 0.190323574333351
-0.387484475876818 -0.432578052381097 0.192152299208894
-0.3874811463512 -0.433414575412774 0.194043416983187
-0.387409654500988 -0.434243108651524 0.19599488883639
-0.387270884338517 -0.435063771264751 0.198004679112775
-0.387065716348172 -0.435876682002606 0.200070755224696
-0.386795027841689 -0.436681958622302 0.202191087831658
-0.386459692694976 -0.437479718480007 0.204363650443053
-0.386060581704144 -0.438270078633335 0.206586419330613
-0.385598563048711 -0.439053155713165 0.208857373543311
-0.385074501928881 -0.439829064928792 0.211174494979067
-0.384489260291062 -0.440597921110581 0.213535767948661
-0.383843696873248 -0.441359838715085 0.215939179080693
-0.383138667696835 -0.442114931353488 0.218382717527209
-0.382375026286724 -0.442863312437665 0.220864374665093
-0.381553623958017 -0.443605094918231 0.223382144133984
-0.380675309295849 -0.444340391525911 0.22593402153772
-0.37974092790057 -0.44506931464902 0.228518004258329
-0.378751322745191 -0.445791975716343 0.231132091635321
-0.377707334634578 -0.44650848534989 0.233774284967813
-0.376609804664722 -0.447218953536437 0.236442588240624
-0.375459571712691 -0.447923489686502 0.23913500714747
-0.37425747209887 -0.4486222025522 0.241849548785243
-0.373004341676753 -0.449315201134359 0.244584222327912
-0.371701013623665 -0.450002594134033 0.247337038006888
-0.370348318933306 -0.450684489499018 0.250106007312182
-0.368947089113467 -0.451360993695795 0.252889144291744
-0.367498153126492 -0.452032212905522 0.255684463728634
-0.366002337432683 -0.452698253039022 0.258489981018688
-0.364460466895686 -0.45335922118312 0.26130371219214
-0.362873363964049 -0.454015224157216 0.264123673729411
-0.36124185085841 -0.454666367158614 0.266947884114493
-0.359566747297104 -0.455312754858688 0.269774362040837
-0.357848870740596 -0.455954492256386 0.272601126124241
-0.356089036405813 -0.456591684104431 0.275426194966757
-0.354288056668941 -0.457224433982789 0.278247586835463
-0.352446743747784 -0.457852842658247 0.281063321765116
-0.350565907808351 -0.458477011622158 0.283871419297273
-0.348646357196367 -0.459097040933649 0.28666989888725
-0.34668889838524 -0.459713029951296 0.289456779747692
-0.344694335860362 -0.460325077810586 0.292230080507295
-0.342663473543144 -0.460933282045984 0.294987820384069
-0.340597115318826 -0.461537741799104 0.297728018840386
-0.338496062151326 -0.462138555177559 0.300448693541101
-0.336361114648142 -0.462735819782539 0.303147862392761
-0.334193073436741 -0.463329632729749 0.30582354395132
-0.331992737265446 -0.463920090661151 0.308473755578446
-0.329760903188484 -0.464507290042765 0.311096513276649
-0.327498365447411 -0.46509132875812 0.313689830215368
-0.325205916553027 -0.46567230427737 0.316251717942382
-0.322884347447159 -0.466250313902658 0.31878018634894
-0.32053444754414 -0.466825454775435 0.321273243564906
-0.318157004772194 -0.467397823883719 0.323728895848999
-0.3157528056147 -0.467967518070301 0.326145147472815
-0.313322634697499 -0.468534634699088 0.328519999998948
-0.310867275135629 -0.469099271079112 0.330851452625621
-0.308387178079033 -0.469661390813676 0.333139840551192
-0.305882793380088 -0.470220957368775 0.335385496731711
-0.303354569617103 -0.470777934074837 0.337588751876615
-0.300802954117782 -0.471332284129086 0.33974993444417
-0.298228392498327 -0.471883971263506 0.341869369942181
-0.295631328992702 -0.472432959106623 0.343947381532861
-0.293012206654615 -0.472979211136104 0.345984290227835
-0.29037146725283 -0.473522690206641 0.347980414825233
-0.287709551422297 -0.474063359018341 0.349936072005075
-0.285026898687216 -0.474601180120897 0.351851576328638
-0.282323947484057 -0.475136115917958 0.353727240236023
-0.279601133859325 -0.475668129553289 0.355563371835532
-0.276858892718516 -0.476197184000263 0.357360277103812
-0.274097657799367 -0.476723241522441 0.359118260026604
-0.271317861261201 -0.477246263974268 0.360837621657514
-0.268519934289674 -0.477766213047568 0.362518660999028
-0.265704307119419 -0.478283050277431 0.364161675007889
-0.262871408548953 -0.478796737644328 0.365766957600291
-0.26002166626489 -0.479307236881708 0.367334800432214
-0.257155507057189 -0.479814509498653 0.368865493276678
-0.25427335672194 -0.480318516200652 0.370359324067196
-0.251375639645449 -0.480819217236845 0.371816577770644
-0.248462779397485 -0.481316572681087 0.373237537388399
-0.245535198753546 -0.481810542437495 0.374622483966359
-0.242593319260615 -0.482301086820799 0.375971695496217
-0.239637561412927 -0.482788165856264 0.377285447840934
-0.236668344977139 -0.48327173938243 0.37856401508226
-0.233686088914924 -0.483751766431233 0.379807669620269
-0.230691211504137 -0.484228205840452 0.381016682013524
-0.227684129901838 -0.48470101598315 0.382191319803654
-0.224665260624989 -0.485170155046397 0.383331848648256
-0.221635019177634 -0.48563558158311 0.384438531150887
-0.218593820568389 -0.486097253859223 0.385511628475193
-0.215542079136529 -0.48655512998118 0.386551399766915
-0.212480208668672 -0.487009167851719 0.387558102468096
-0.209408622400204 -0.487459324619828 0.388531992395993
-0.206327732645903 -0.487905556995343 0.389473322372866
-0.20323795123277 -0.4883478214862 0.390382343467311
-0.200139689053258 -0.488786075192907 0.391259303176558
-0.197033356555351 -0.489220275012606 0.392104447333638
-0.193919363675274 -0.489650377667288 0.392918019870732
-0.190798119867677 -0.490076339230703 0.393700263188224
-0.187670034207138 -0.490498115553994 0.394451418026308
-0.184535515042339 -0.490915662053424 0.395171722095506
-0.181394970384795 -0.491328933926444 0.39586141143435
-0.178248807623012 -0.491737886847701 0.396520718409592
-0.175097433851223 -0.492142476271552 0.397149873798591
-0.171941255890743 -0.492542657427032 0.397749106815142
-0.16878068029575 -0.492938385380949 0.398318644861765
-0.165616113381854 -0.493329614644501 0.398858713825325
-0.162447961255723 -0.493716299490453 0.399369538072371
-0.159276629517887 -0.494098393574884 0.399851338453734
-0.156102523410526 -0.494475850620987 0.400304332526139
-0.152926048030677 -0.494848624114941 0.400728736275303
-0.149747608351554 -0.495216667301595 0.401124764205709
-0.146567609225839 -0.495579933263482 0.401492629077986
-0.143386455427402 -0.495938374623524 0.401832542270712
-0.140204551686803 -0.496291943885214 0.402144714120505
-0.137022301953622 -0.496640593255772 0.40242934684465
-0.133840110159656 -0.496984274687351 0.402686641086125
-0.130658380240167 -0.497322939874982 0.402916796014474
-0.127477516155133 -0.497656540254555 0.403120009403348
-0.124297921869353 -0.497985027074912 0.403296477277972
-0.12112000142546 -0.498308351212813 0.403446394354491
-0.117944158996377 -0.498626463449049 0.403569954233702
-0.114770798763709 -0.498939314341611 0.403667347082148
-0.111600324973861 -0.499246853964142 0.403738760036721
-0.108433142025119 -0.499549032113683 0.403784378799775
-0.105269654488869 -0.499845798310349 0.403804387739598
-0.102110267130863 -0.500137101797217 0.403798970005363
-0.0989553850672182 -0.50042289220646 0.403768306288699
-0.0958054136509021 -0.50070311888748 0.403712576030439
-0.0926607584929822 -0.500977730900668 0.403631957247217
-0.0895218255585176 -0.501246676408561 0.403526619560004
-0.0863890211132219 -0.501509903279042 0.403396731153955
-0.0832627517447391 -0.501767359085531 0.403242458922867
-0.0801434243839612 -0.502018991107114 0.403063968607841
-0.0770314463696441 -0.502264746684166 0.402861424895537
-0.0739272254908885 -0.502504572845212 0.402634990788205
-0.0708311699442167 -0.502738416312176 0.402384827981678
-0.0677436884956386 -0.502966223289972 0.402111094713477
-0.0646651904800666 -0.503187939470705 0.401813946487156
-0.0615960857040887 -0.503403510232105 0.401493537554038
-0.0585367844673831 -0.503612880638329 0.401150021049111
-0.0554876976295642 -0.50381599565456 0.400783548915808
-0.0524492366328333 -0.504012799858233 0.400394271425568
-0.0494218134771925 -0.504203237502066 0.399982337651554
-0.0464058407421513 -0.504387252508642 0.399547895359337
-0.0434017324290109 -0.504564787554987 0.399091084519772
-0.0404099031618851 -0.504735784983082 0.398612043845909
-0.0374307682092852 -0.504900186800911 0.39811091096774
-0.0344647435020399 -0.505057934732436 0.397587822278958
-0.0315122456589176 -0.505208970162655 0.397042913164781
-0.028573692090318 -0.50535323403172 0.396476317354867
-0.025649500938467 -0.505490666931025 0.395888167428794
-0.0227400910994672 -0.505621209098158 0.395278594733348
-0.0198458834702282 -0.505744799416327 0.394647723392636
-0.0169672997454511 -0.505861376410777 0.39399567640251
-0.0141047623120463 -0.50597087827997 0.393322576300545
-0.0112586945566169 -0.506073242784482 0.392628544037458
-0.00842952072991282 -0.506168407320156 0.391913699541083
-0.00561766605293468 -0.50625630888687 0.391178161236295
-0.00282355665547618 -0.506336884111375 0.39042204646632
-4.7619836397228e-05 -0.506410069083969 0.389645470590351
0.00270971567031519 -0.506475799143397 0.388848545909972
0.00544802015466128 -0.506534009243856 0.388031383671589
0.00816686304897307 -0.506584633990699 0.387194094829183
0.0108658125862641 -0.506627607478962 0.386336788768021
0.0135444359558291 -0.506662863410637 0.385459573864486
0.0162022992805123 -0.506690335092014 0.38456255747591
0.0188389668854378 -0.506709955289347 0.383645844006825
0.0214540019836601 -0.506721656365299 0.382709536844103
0.0240469666532618 -0.506725370273043 0.381753738363782
0.0266174211017918 -0.506721027773369 0.380778547981784
0.0291649243557756 -0.506708559210339 0.379784064110236
0.0316890340855056 -0.50668789444496 0.378770383695374
0.0341893067338986 -0.506658962916303 0.377737602683975
0.0366652973087586 -0.506621693591399 0.376685815638956
0.0391165594588843 -0.50657601504184 0.37561511589861
0.0415426455359477 -0.506521855406925 0.374525595908732
0.0439431069400021 -0.506459142399295 0.373417348232972
0.0463174937268874 -0.506387803289181 0.372290464522973
0.0486653545842826 -0.506307764897488 0.371145035405658
0.0509862360559594 -0.506218953147434 0.369981148823765
0.0532796827557703 -0.506121293480104 0.368798890788438
0.0555452378584848 -0.506014710880567 0.367598346420888
0.0577824436646333 -0.505899129862632 0.366379601161075
0.059990840932035 -0.505774474501774 0.365142739456472
0.0621699689073056 -0.505640668403284 0.363887844855032
0.0643193653016966 -0.505497634697996 0.362615000000154
0.0664385662668157 -0.505345296038632 0.361324286625915
0.0685257726255616 -0.505184849437389 0.360016344150012
0.0705791834712944 -0.505017491524986 0.358691810971574
0.0725969960227885 -0.504844417610459 0.35735132468016
0.0745774056318169 -0.504666822702461 0.355995522032849
0.0765186057711137 -0.504485901593733 0.35462503904896
0.0784187878573747 -0.504302848904263 0.353240510980952
0.0802761411565733 -0.504118859142684 0.351842572352669
0.0820888528366515 -0.503935126843372 0.350431857217598
0.0838551087556061 -0.503752846424901 0.3490090004831
0.0855730923360294 -0.503573212376806 0.347574636441007
0.0872409845206414 -0.503397419352787 0.346129398773996
0.0888569636259655 -0.503226662202095 0.344673920527768
0.0904192052468751 -0.503062136031729 0.343208834134096
0.0919258833437853 -0.502905036372904 0.341734772665418
0.0933751702600045 -0.502756558959544 0.340252370203464
0.0947652353307551 -0.502617899965594 0.338762260405487
0.0960942447870641 -0.502490256067763 0.337265076500932
0.0973603616594908 -0.502374824508104 0.335761451296344
0.0985617459331757 -0.502272803125187 0.334252017396526
0.0996965558200806 -0.50218539035203 0.332737408459603
0.100762948130825 -0.502113784955039 0.331218259364634
0.101759076089552 -0.502059186513464 0.329695204663723
0.102683089237375 -0.502022795481565 0.328168878637503
0.103533133335593 -0.502005813251092 0.326639915351093
0.104307352125303 -0.502009442087085 0.325108949844146
0.105003888169694 -0.502034884081548 0.323576618336625
0.105620880779554 -0.50208334229781 0.322043557280459
0.106156465096457 -0.502156020982422 0.320510403016329
0.106608778680261 -0.502254123784001 0.31897779433246
0.106975954725803 -0.502378855662571 0.31744636996476
0.107256133443598 -0.50253141856805 0.315916771448334
0.107447452737352 -0.502713015452498 0.314389640762186
0.10754805322746 -0.502924847895302 0.312865620597594
0.107556272661458 -0.503168018182007 0.31134535618124
0.107470967292116 -0.503443428658507 0.309829481121572
0.107292444538328 -0.503751377225244 0.308318502564509
0.107023171915605 -0.504091112590233 0.306812554774598
0.106666387663369 -0.504461527865388 0.305311582058888
0.10622557582978 -0.504861407007797 0.303815449281072
0.105704395809391 -0.505289469854868 0.302323955884095
0.105106522554535 -0.505744428846538 0.300836892833565
0.10443563140166 -0.506224996462601 0.299354049338788
0.103695397873005 -0.506729885405381 0.297875212679013
0.102889493856912 -0.507257809632144 0.296400170302007
0.102021587799339 -0.507807484290414 0.294928709881233
0.101095344542611 -0.508377624903219 0.293460619319107
0.100114425870704 -0.508966948051949 0.291995686745525
0.099082490701584 -0.509574171309441 0.290533700480313
0.0980031952791725 -0.510198013173503 0.289074449006983
0.0968801933650409 -0.510837193000702 0.287617720953132
0.0957171357610738 -0.511490430236662 0.286163305283559
0.0945176711697439 -0.512156445053523 0.284710991076246
0.0932854463854068 -0.512833958283766 0.283260567509778
0.0920241064854262 -0.513521691353913 0.281811823854204
0.0907372950211439 -0.514218366217921 0.280364549466142
0.0894286532662464 -0.514922704619031 0.278918534317033
0.088101821350199 -0.515633428695867 0.277473568444615
0.0867604384491028 -0.516349260916991 0.276029441937199
0.0854081429764442 -0.517068924015103 0.274585944921397
0.0840485727737912 -0.517791140921087 0.273142867551587
0.0826853653014573 -0.518514634697968 0.271700000000287
