-0.157314635394995 -0.337914634774309 0.520000000398874
-0.160101488656476 -0.340718910837744 0.519058375317446
-0.162887557453501 -0.343522176999809 0.51811629676293
-0.165672057312689 -0.346323423248325 0.517173311229487
-0.168454203678538 -0.349121639465139 0.516228965163853
-0.171233211872182 -0.351915815373206 0.515282804941455
-0.174008297050115 -0.354704940483527 0.514334376842529
-0.176778653220125 -0.357488012697224 0.513383182499077
-0.17954347420169 -0.360264029513602 0.512428723424259
-0.182301953523995 -0.363031988061856 0.511470500959863
-0.185053284383722 -0.365790885048487 0.51050801625018
-0.187796659329527 -0.368539723362786 0.509540795783062
-0.190531271294118 -0.371277505231147 0.508568367820077
-0.193256312415447 -0.374003232394176 0.50759025984044
-0.19597097432983 -0.376715905960524 0.506605999025926
-0.198674448504515 -0.379414526232494 0.505615112922492
-0.201365925820277 -0.38209809277581 0.504617128729159
-0.204044597314925 -0.384765603626037 0.50361157333876
-0.206709652989548 -0.387416056082754 0.502597972577938
-0.209360282120561 -0.390048446246752 0.501575851105625
-0.211995673800181 -0.392661769113738 0.500544734208612
-0.214615016321734 -0.3952550186795 0.499504146702231
-0.217217497573748 -0.397827187476333 0.498453613011516
-0.219802303751488 -0.40037726574979 0.497392651214393
-0.22236862012338 -0.402904242586927 0.496320778842083
-0.224915631712017 -0.405407105626088 0.495237513878175
-0.227442522527974 -0.407884841240826 0.49414237370932
-0.229948475939638 -0.410336434036459 0.493034875039624
-0.232432674217366 -0.4127608672473 0.491914533925197
-0.234894297798148 -0.415157120320806 0.490780858986699
-0.237332525935093 -0.417524171226806 0.489633358145794
-0.239746537384126 -0.419860996110537 0.48847153949027
-0.242135509955473 -0.422166569046742 0.487294910074274
-0.244498620146327 -0.424439862471191 0.4861029761756
-0.246835043216502 -0.426679846526051 0.484895242271951
-0.249143953132234 -0.428885489294222 0.48367121156675
-0.251424522122962 -0.431055756750508 0.482430385373558
-0.253675922818028 -0.433189611380736 0.481172264587978
-0.25589732631712 -0.435286013761237 0.479896349199116
-0.258087902146923 -0.437343922504212 0.478602138263398
-0.260246818217513 -0.439362294203066 0.477289129878213
-0.262373241472569 -0.44134008081349 0.475956818169282
-0.264466337151706 -0.443276232162931 0.4746046962504
-0.266525268297544 -0.445169693955734 0.473232252546288
-0.268549196854039 -0.447019409331269 0.47183897510105
-0.270537282929489 -0.44882431913475 0.470424350866658
-0.272488684752509 -0.450583361861533 0.468987865676014
-0.274402559149772 -0.452295472712646 0.467529003767916
-0.276278060979817 -0.453959584427848 0.466047248207957
-0.27811434308094 -0.455574626383309 0.464542079901405
-0.27991055700101 -0.457139525130417 0.4630129791383
-0.28166585210792 -0.458653203941998 0.461459424166444
-0.283379375623519 -0.460114583404876 0.459880891951535
-0.285050272120162 -0.461522580908451 0.458276857206975
-0.286677684700915 -0.462876109862318 0.456646793106239
-0.288260754188265 -0.464174080819381 0.454990171458007
-0.289798619079123 -0.465415401418784 0.45330646267852
-0.291290416323288 -0.466598976126006 0.451595136332717
-0.292735280454343 -0.467723706378562 0.449855660537447
-0.294132343544185 -0.468788490528435 0.44808750193352
-0.295480735157415 -0.469792223784082 0.446290125657628
-0.296779582305835 -0.470733798152426 0.444462995314313
-0.298028009244461 -0.471612101301016 0.442605572253396
-0.29922513848073 -0.472426016280689 0.440717316222913
-0.300370090771425 -0.473174422634591 0.438797685868846
-0.301461984137157 -0.473856196471019 0.43684613819213
-0.302499933427099 -0.474470209565578 0.434862127987998
-0.303483050661318 -0.475015330140371 0.432845108349393
-0.304410444984245 -0.475490422804334 0.430794530638263
-0.305281222618092 -0.475894348493502 0.428709844456813
-0.306094487970901 -0.476225964381883 0.426590498076294
-0.306849342434725 -0.476484123850838 0.424435937950409
-0.307544884338475 -0.476667676429103 0.422245608686268
-0.308180208900583 -0.476775467732621 0.420018953015222
-0.308754408181518 -0.476806339404124 0.41775541176362
-0.309266572545737 -0.476759129114553 0.415454424233116
-0.309715789104311 -0.476632670439992 0.41311542776164
-0.310101141667017 -0.47642579280055 0.41073785769391
-0.310421716166895 -0.476137318910464 0.408321148447717
-0.310676595140033 -0.475766067205107 0.405864732388378
-0.310864857677541 -0.475310851779181 0.403368039798959
-0.310985581733225 -0.474770482173076 0.400830499031252
-0.311037841719603 -0.474143763462218 0.398251536294901
-0.311020707653898 -0.473429495391336 0.395630575785062
-0.310933248683808 -0.472626472739174 0.392967039639215
-0.310774530269607 -0.471733485629912 0.390260347762094
-0.310543615622295 -0.470749315563946 0.387509918918459
-0.310239568593775 -0.469672737313707 0.384715169880667
-0.309861449201191 -0.468502520806508 0.381875515096777
-0.309408313577271 -0.467237431060269 0.37899036665984
-0.308879213984858 -0.465876227439558 0.376059134532949
-0.308273198702829 -0.464417664269772 0.373081226262365
-0.307589322041356 -0.462860486722195 0.370056047084434
-0.306826634567562 -0.461203434447109 0.366982999900855
-0.305984182735427 -0.459445240641446 0.363861485809621
-0.305066399518042 -0.45759579210927 0.360695046308224
-0.304077716242581 -0.455664970618292 0.35748722008282
-0.303022560518702 -0.453662653668557 0.354241543649135
-0.301905358572168 -0.451598713115967 0.350961552067259
-0.300730536224591 -0.449483018374126 0.34765077703617
-0.29950251627694 -0.447325436186108 0.344312748617495
-0.298225712417005 -0.445135831019805 0.340950997473279
-0.296904535225548 -0.442924066139886 0.337569052969331
-0.295543394266378 -0.44070000391544 0.334170442825522
-0.29414669710728 -0.43847350606666 0.330758693874481
-0.292718850333544 -0.436254435433125 0.327337331510014
-0.291264258260349 -0.434052654883449 0.323909881080752
-0.289787323800386 -0.431878028193185 0.320479867616001
-0.288292449914064 -0.429740419597826 0.317050816106608
-0.286784038102929 -0.427649694932283 0.313626252041527
-0.285266489158767 -0.425615722490253 0.310209701144984
-0.283744202706862 -0.423648373182641 0.306804690029064
-0.282221578472537 -0.42175752080606 0.30341474607484
-0.280703015079225 -0.419953042763753 0.300043398080412
-0.279192911363391 -0.418244820988502 0.29669417581902
-0.277695666605005 -0.416642742460657 0.2933706102242
-0.276215680092276 -0.415156699417122 0.29007623398234
-0.274757351118283 -0.413796588391447 0.286814582529226
-0.273325080121089 -0.412572312580271 0.283589192966656
-0.271923268905157 -0.411493782304174 0.280403604297904
-0.270556319495341 -0.410570915184598 0.277261358282838
-0.269228634761608 -0.409813635137193 0.274166000082209
-0.267944619632726 -0.409231874760755 0.27112107731557
-0.266705665493716 -0.408817122372551 0.268126769363177
-0.265513164943141 -0.408560873117657 0.265183259017623
-0.264368515369692 -0.408454632105852 0.262290730571273
-0.263273119112268 -0.408489914345486 0.259449369892959
-0.262228380397864 -0.408658241428451 0.256659365844416
-0.261235706481053 -0.40895114218193 0.253920909823783
-0.260296505994106 -0.409360150871084 0.251234196251654
-0.259412190352963 -0.409876808044298 0.248599422292986
-0.258584172925161 -0.410492659376496 0.246016788078559
-0.257813866136255 -0.411199253758188 0.243486497279333
-0.257102683968646 -0.411988144758556 0.24100875685552
-0.256452046167785 -0.412850892059139 0.238583776230474
-0.255863375654222 -0.413779059214126 0.236211767594277
-0.255338089037458 -0.414764215783809 0.233892949505861
-0.254877604907879 -0.41579793422801 0.231627543546641
-0.254483344634335 -0.416871792204948 0.229415775578103
-0.25415673242959 -0.417977370019456 0.227257874624803
-0.25389919605385 -0.41910624963947 0.225154072536039
-0.253712166889419 -0.420250014254387 0.223104603997994
-0.253597078558551 -0.42140024754715 0.221109706479604
-0.253555368545152 -0.422548534319539 0.219169620737888
-0.253588478181234 -0.423686459271648 0.217284590404177
-0.253697852173931 -0.424805606950805 0.215454862245003
-0.253884939229779 -0.425897560919923 0.213680685926864
-0.254151190218458 -0.426953902434107 0.211962313322463
-0.254498060161222 -0.427966210880852 0.210299999230707
-0.254927008475267 -0.428926063305454 0.208694001407006
-0.255439495994888 -0.429825033289157 0.207144579472181
-0.256036987389893 -0.430654691501166 0.20565199599114
-0.256720951787707 -0.431406604975956 0.204216516509237
-0.25749286125349 -0.432072335791023 0.202838408518495
-0.258354192464264 -0.432643441504245 0.201517942519324
-0.259306426019194 -0.433111474937755 0.200255391735775
-0.260351046780077 -0.433467983116254 0.199051031841354
-0.261489543674776 -0.43370450733055 0.197905140977402
-0.262723410359865 -0.433812582526805 0.196818000172457
-0.26405414517502 -0.433783736480919 0.195789893141589
-0.265483251539674 -0.433609489788743 0.194821106695673
-0.267012237620334 -0.43328135551016 0.193911930154633
-0.268642616821046 -0.432790838635159 0.193062655964361
-0.270375907862642 -0.432129435638157 0.192273579712007
-0.272213634862261 -0.431288634031749 0.191545000141409
-0.274157327269197 -0.430259911822414 0.190877218929546
-0.27620144582622 -0.429062696142879 0.190264490208111
-0.278340455933869 -0.427716404948623 0.189701069548564
-0.280568827968478 -0.42624044837784 0.189181215107866
-0.282881036992406 -0.424654229769616 0.188699187327644
-0.285271561374949 -0.422977145260665 0.188249248015707
-0.287734883592262 -0.421228586223404 0.187825660662683
-0.290265489561113 -0.419427940583447 0.187422686341691
-0.292857868539803 -0.417594593921004 0.18703458538579
-0.295506513040873 -0.415747931021948 0.186655615133075
-0.298205918571653 -0.413907336076447 0.186280033074372
-0.300950583861686 -0.412092194873285 0.185902094106756
-0.303735010013666 -0.410321894535912 0.185516053003534
-0.306553700215095 -0.408615824539046 0.185116164112969
-0.309401160443352 -0.406993379661805 0.184696679315638
-0.312271898112461 -0.405473959053094 0.184251849305001
-0.315160421792622 -0.404076967129887 0.183775923401658
-0.318061241045509 -0.402821815046928 0.183263148690562
-0.320968866085608 -0.401727921839274 0.182707769197746
-0.323877807484305 -0.400814714998705 0.18210402671501
-0.326782575881978 -0.400101631492554 0.181446160497982
-0.329677681700098 -0.3996081187832 0.180728406964013
-0.332557634815567 -0.39935363580288 0.179944999399243
-0.335416944310547 -0.399357654019149 0.179090167646858
-0.338245038588648 -0.399592857056323 0.178183698661698
-0.341031344416578 -0.400031940662106 0.177245376690754
-0.34376528611544 -0.400647612742495 0.176294984032415
-0.346436285260716 -0.40141259046303 0.175352302352233
-0.34903376009703 -0.402299598857346 0.174437113650504
-0.351547125014029 -0.403281369357517 0.173569201369497
-0.353965789991383 -0.404330638364503 0.172768351430932
-0.356279159996826 -0.405420145836156 0.172054353169101
-0.358476634410507 -0.406522634050905 0.171447000528984
-0.360547606628323 -0.407610845738072 0.170966092927614
-0.362493452555873 -0.408685026292293 0.170609144698264
-0.364315541195654 -0.409745421039447 0.170373676705569
-0.366015235061362 -0.410792274582934 0.170257216184914
-0.367593890359824 -0.411825830610961 0.17025729676758
-0.369052856951613 -0.412846332114381 0.170371458196541
-0.370393478421816 -0.41385402139927 0.170597246197427
-0.371617092150416 -0.414849140099737 0.170932212349803
-0.372725029382354 -0.415831929190779 0.171373913958746
-0.373718615320145 -0.416802628850525 0.171919914205391
-0.37459916888027 -0.417761478599713 0.172567782330838
-0.375368003052509 -0.418708717337843 0.173315092918285
-0.376026424968742 -0.419644583355624 0.174159425765824
-0.376575735971439 -0.420569314347328 0.175098365759515
-0.377017231681809 -0.421483147423116 0.17612950274674
-0.377352202067629 -0.422386319121324 0.177250431409809
-0.377581931297479 -0.42327906551925 0.178458751117901
-0.377707698021229 -0.424161622147268 0.179752065823037
-0.377730775435781 -0.42503422419038 0.181127983834895
-0.377652433159144 -0.425897106922161 0.182584117354194
-0.377473935490824 -0.42675050510662 0.184118082788049
-0.377196541736117 -0.427594652546473 0.185727500898067
-0.376821506619755 -0.428429781902575 0.187409996884674
-0.376350080224049 -0.429256125695098 0.189163199752139
-0.375783508455585 -0.430073916098709 0.190984742333456
-0.375123031295937 -0.430883385400342 0.192872260492084
-0.374369883802261 -0.431684765450356 0.194823393551062
-0.37352529677715 -0.432478287198403 0.196835784562715
-0.37259049725183 -0.43326418127324 0.198907080173338
-0.371566708157649 -0.43404267808851 0.201034930283889
-0.370455147508133 -0.434814007938073 0.203216987774771
-0.369257028713255 -0.435578400739821 0.205450908368624
-0.367973569331995 -0.436336086136406 0.207734355326466
-0.366605982447326 -0.437087293418711 0.210064994506074
-0.365155476729729 -0.437832251537974 0.21244049423954
-0.363623257174939 -0.438571189376443 0.214858525563274
-0.362010533769641 -0.43930433338442 0.217316768345427
-0.360318513202491 -0.440031909882801 0.21981290514538
-0.358548398003124 -0.440754144900751 0.222344620509259
-0.356701387610127 -0.44147126408753 0.22490960151744
-0.354778681140632 -0.442183492738956 0.2275055395844
-0.352781474504864 -0.442891056340455 0.230130128151282
-0.350710963530665 -0.443594179594878 0.232781065146874
-0.348568341169003 -0.444293087299882 0.235456050489617
-0.346354796986545 -0.44498800381421 0.238152785760005
-0.34407151682994 -0.445679153287199 0.240868973678594
-0.341719685773223 -0.446366761734709 0.243602319819845
-0.339300489395884 -0.447051054372812 0.24635053418439
-0.336815109743842 -0.447732256242678 0.249111327552052
-0.334264727277482 -0.44841059350736 0.251882412881894
-0.331650520330038 -0.44908629193688 0.254661504915129
-0.328973664511203 -0.449759577611216 0.257446319355282
-0.326235337343128 -0.450430673761576 0.260234578055202
-0.323436714720041 -0.451099804240102 0.263024004465723
-0.320578971477905 -0.451767189102988 0.265812325052563
-0.317663282971713 -0.452433047783794 0.268597270011531
-0.314690821517378 -0.453097599636224 0.271376569361226
-0.311662758940546 -0.453761064725239 0.274147955116617
-0.30858026508374 -0.454423664674671 0.276909159512327
-0.305444506934365 -0.455085621062266 0.279657914248745
-0.302256649208199 -0.455747155349209 0.28239195099832
-0.299017854392536 -0.456408489327095 0.285109001229702
-0.295729283909311 -0.457069846379857 0.287806796973582
-0.292392096658569 -0.457731449886939 0.290483069369362
-0.289007448990676 -0.458393523241007 0.293135548427687
-0.285576494766998 -0.459056289859376 0.295761962911453
-0.282100386893409 -0.459719975531335 0.298360041663715
-0.278580275907918 -0.460384806094196 0.300927512041692
-0.275017310166178 -0.4610510074586 0.303462099899242
-0.271412635776681 -0.461718805607036 0.305961529366062
-0.267767396855205 -0.462388427491551 0.308423522862855
-0.264082735390674 -0.463060100159978 0.310845800847557
-0.260359791370551 -0.463734050802964 0.313226081818515
-0.256599702775194 -0.464410506730618 0.315562082072171
-0.252803605637462 -0.465089695383991 0.317851515583246
-0.248972634320523 -0.465771845200689 0.320092093887658
-0.245107921350771 -0.466457184795718 0.322281526046075
-0.241210597485361 -0.467145942950715 0.324417518437189
-0.237281791771569 -0.467838348625647 0.326497774637535
-0.233322634706433 -0.468534634700872 0.328519999935939
-0.22933425560907 -0.469235033919668 0.330481897588048
-0.225317637077798 -0.469939154136345 0.332384247995951
-0.221273760231136 -0.470646603401724 0.334227828439967
-0.217203605972502 -0.471356992053209 0.33601341517437
-0.213108154235942 -0.472069930863711 0.337741782079785
-0.208988384372779 -0.472785030123153 0.339413702086781
-0.204845274459441 -0.473501900233706 0.341029945166112
-0.200679801399946 -0.474220152512882 0.342591278218913
-0.196492942690641 -0.474939399356742 0.34409846922187
-0.192285675042148 -0.475659252973325 0.345552284423397
-0.188058974065178 -0.476379325665415 0.34695348714308
-0.183813814356385 -0.477099230523903 0.34830283769611
-0.179551170079138 -0.477818580812053 0.349601095061254
-0.175272014782499 -0.478536990082806 0.350849016279772
-0.1709773216283 -0.479254071716901 0.352047357434637
-0.166668062963975 -0.479969439025614 0.353196872009042
-0.162345211365343 -0.480682707034668 0.354298312998027
-0.158009738695764 -0.481393490659777 0.355352430875813
-0.153662617181218 -0.482101405310431 0.356359977139194
-0.149304818158539 -0.48280606757049 0.35732169906909
-0.144937312766812 -0.483507094150093 0.358238342955381
-0.140561071636343 -0.484204101568884 0.35911065272399
-0.136177065113407 -0.484896706490533 0.359939370634768
-0.131786263095238 -0.485584527146694 0.360725236036694
-0.12738963538957 -0.486267181905135 0.361468987323463
-0.122988151498834 -0.486944288862822 0.362171360680351
-0.118582780671023 -0.487615465825899 0.362833090122934
-0.114174492473138 -0.488280331234944 0.363454910435779
-0.109764256487798 -0.488938505533564 0.364037553564212
-0.105353042195525 -0.489589608814477 0.364581749398749
-0.100941819025597 -0.490233260799659 0.365088225813518
-0.0965315564069439 -0.490869080820459 0.365557708704696
-0.092123224387448 -0.491496689776712 0.365990923132274
-0.0877177934506084 -0.492115708990352 0.366388593059633
-0.0833162342321372 -0.492725759332894 0.366751440586019
-0.0789195175708521 -0.493326461205524 0.367080185984356
-0.0745286144741165 -0.493917434551733 0.367375546624447
-0.0701444972414009 -0.49449830202497 0.367638244238932
-0.0657681385281186 -0.495068685748735 0.367868998847479
-0.0614005113966417 -0.495628207296833 0.368068528794565
-0.0570425893673192 -0.496176487673519 0.368237550787094
-0.0526953465016854 -0.49671314830014 0.368376778385541
-0.0483597575075773 -0.497237810383157 0.368486924730367
-0.044036797704078 -0.49775009449991 0.36856870143708
-0.0397274430726394 -0.498249620578677 0.368622818633311
-0.0354326701644351 -0.498736007978669 0.368649982953481
-0.0311534562953807 -0.499208875370254 0.36865089961848
-0.0268907798887168 -0.49966784126905 0.368626274819235
-0.022645620234988 -0.500112523461733 0.368576813407173
-0.0184189575433824 -0.500542538985812 0.368503218930888
-0.0142117730481875 -0.500957503793131 0.368406191123516
-0.0100250490051875 -0.501357033046374 0.368286428489221
-0.00585976889903583 -0.501740741715889 0.368144630978917
-0.00171691733900314 -0.502108243942557 0.367981497388076
0.00240251988937767 -0.502459153017303 0.367797725393007
0.00649755568386445 -0.50279308071475 0.367594008694488
0.0105672016625051 -0.503109637918998 0.36737103994716
0.0146104682134699 -0.503408435304541 0.367129513738845
0.0186263643414731 -0.503689082614556 0.366870123684095
0.0226138976157894 -0.503951188640341 0.366593562460375
0.026572074029609 -0.504194360825833 0.366300520466847
0.0304998979903404 -0.504418205659188 0.365991686821377
0.0343963724284313 -0.504622328705913 0.365667750932956
0.0382604986337476 -0.504806334583186 0.3653294014482
0.0420912761997007 -0.504969826853455 0.364977326257726
0.0458877028694069 -0.505112407583277 0.364612211148045
0.0496487745872614 -0.505233677783004 0.364234741092016
0.053373485407761 -0.505333237353039 0.363845600385562
0.0570608275956106 -0.505410685097413 0.363445473882263
0.0607097914522078 -0.505465618704392 0.36303504584719
0.0643193652662294 -0.505497634681384 0.362615000004787
0.0678885350671193 -0.505506327855491 0.362186018150194
0.0714177195446469 -0.505491943551334 0.361748206583526
0.0749073352916548 -0.505454725883361 0.361301671141761
0.0783577969805496 -0.505394917773712 0.360846518446101
0.0817695172575227 -0.505312760962987 0.360382854643335
0.0851429065375763 -0.505208495429067 0.359910783916985
0.088478373225478 -0.505082359990554 0.359430410009261
0.0917763237234809 -0.504934592373721 0.358941836287028
0.0950371624065885 -0.504765429171228 0.358445165511654
0.0982612919228648 -0.504575105819666 0.357940501330692
0.101449112995316 -0.504363856645839 0.357427946972441
0.10460102443832 -0.504131914786422 0.356907605188851
0.107717422863323 -0.503879511607168 0.356379576797006
0.110798703012652 -0.503606877492992 0.355843962290814
0.113845257760026 -0.503314241704541 0.355300861529479
0.116857478158245 -0.503001832453813 0.354750373979779
0.119835753687105 -0.502669876813449 0.354192600025982
0.122780472046426 -0.502318600831074 0.353627639670399
0.125692019149848 -0.501948229309421 0.353055592439098
0.128570778389764 -0.501558984677287 0.352476554549784
0.131417131439123 -0.501151088373555 0.351890621853258
0.134231458271542 -0.500724760858918 0.351297889838693
0.137014137053271 -0.500280221477924 0.350698453295558
0.1397655445384 -0.499817688506779 0.350092407875138
0.142486055841323 -0.499337379278294 0.349479848882345
0.145176044427253 -0.498839510094134 0.348860871102982
0.147835881217963 -0.498324294212349 0.348235566210111
0.150465935554062 -0.497791943981098 0.347604025544815
0.15306657521442 -0.497242670849727 0.34696634012113
0.155638166242265 -0.496676685085792 0.346322600107912
0.15818107344459 -0.496094196112189 0.345672896425785
0.160695660124413 -0.495495412486465 0.345017319682826
0.163182288099851 -0.49488054191182 0.344355960179318
0.16564131758551 -0.494249791077271 0.343688907627196
0.168073107348892 -0.493603365839021 0.343016251439887
0.170478013430938 -0.492941468968931 0.342338078264367
0.172856390463043 -0.492264302427527 0.341654474458517
0.175208591920006 -0.491572067467654 0.340965526876972
0.177534969595288 -0.490864964147494 0.340271321503353
0.179835873928378 -0.490143191745441 0.339571944045784
0.182111653848446 -0.489406948510077 0.338867479531415
0.184362656967359 -0.488656431930935 0.338158012720779
0.186589229597922 -0.487891838748902 0.337443628112263
0.188791716929731 -0.487113365027243 0.336724410352724
0.190970462309299 -0.486321205440364 0.336000442819804
0.19312580768012 -0.485515553555271 0.335271808672377
0.1952580937588 -0.484696602231126 0.334538590824807
0.197367659747098 -0.483864543206219 0.333800871450167
0.199454843655674 -0.483019567531484 0.333058732485799
0.201519982027827 -0.482161865297883 0.332312255114506
0.203563410291166 -0.481291625931903 0.331561520360124
0.205585462735186 -0.480409038202614 0.330806609023597
0.207586472528825 -0.479514290231615 0.330047601687251
0.209566771110327 -0.478607568842939 0.329284577772502
0.211526688607233 -0.477689059859967 0.328517616325745
0.213466554078583 -0.4767589484878 0.327746796187194
0.215386695532211 -0.475817419323074 0.326972195995067
0.21728743949626 -0.474864656036477 0.326193893453031
0.219169110628746 -0.473900840843931 0.325411964987301
0.221032032587802 -0.472926155381633 0.324626486834298
0.222876528048654 -0.471940780715578 0.323837535044669
0.224702918720548 -0.470944897351087 0.323045185487279
0.226511524771419 -0.469938684777553 0.32224951304539
0.228302665073102 -0.468922321652846 0.321450591981218
0.230076657581775 -0.46789598610267 0.320648496386901
0.23183381868717 -0.466859855334156 0.319843299213549
0.233574463601326 -0.465814105946188 0.319035072701376
0.235298906670395 -0.464758914033289 0.318223888932051
0.237007461077611 -0.463694454834716 0.317409819601525
0.238700439173166 -0.462620903103696 0.31659293625469
0.240378151913047 -0.461538432862559 0.315773309393744
0.24204090873297 -0.460447217493408 0.31495100809504
0.243689017904847 -0.45934742988863 0.314126100599962
0.245322786932607 -0.458239242491149 0.313298655013434
0.246942522568368 -0.457122827303625 0.312468739307494
0.248548530008416 -0.455998355490403 0.311636420261605
0.25014111211536 -0.45486599799124 0.310801760945048
0.251720570385376 -0.45372592540091 0.309964822978382
0.253287205283509 -0.452578307684184 0.30912566747227
0.254841316602607 -0.45142331441019 0.308284355421381
0.256383203479251 -0.45026111476136 0.307440947707747
0.257913163314339 -0.449091878711172 0.306595501472852
0.259431492968021 -0.447915776140263 0.305748073511851
0.260938487813565 -0.446732976151211 0.304898719564538
0.262434441601519 -0.445543648051285 0.304047492718737
0.263919647142872 -0.444347961074026 0.303194444957135
0.265394405113419 -0.443146094185862 0.302339630092611
0.266859015640974 -0.441938226028803 0.30148310184542
0.26831377784741 -0.440724534834153 0.300624913207135
0.269758990338265 -0.439505198527099 0.299765117082648
0.271194951218678 -0.438280394736353 0.298903766293127
0.27262195599268 -0.437050300671847 0.29804091003642
0.274040299204378 -0.435815093365834 0.297176596481666
0.275450274943933 -0.434574949583446 0.296310873721757
0.276852176862664 -0.433330045832503 0.295443789775477
0.278246293345332 -0.432080545299247 0.294575401995199
0.279632912014068 -0.430826611001543 0.293705766943538
0.281012316930356 -0.429568405461098 0.292834936493808
0.282384791481768 -0.428306091033884 0.291962961909755
0.283750618306482 -0.427039830576715 0.291089892712207
0.285110079583825 -0.425769786811515 0.290215778129116
0.286463457159267 -0.424496122261523 0.289340667333758
0.287811032559112 -0.423218999260227 0.288464609447137
0.289153086671372 -0.421938580818631 0.287587651808209
0.290489898272884 -0.420655028171407 0.286709841240243
0.291821745865208 -0.419368502389787 0.285831224521466
0.293148907602931 -0.418079163993161 0.284951848789279
0.294471661394423 -0.41678717335434 0.284071761140856
0.295790287707905 -0.415492693982633 0.283191007809403
0.297105065490298 -0.414195889664552 0.282309632606672
0.298416273486329 -0.412896924064019 0.281427679311842
0.299724190080599 -0.411595963312235 0.280545187654653
0.301029093485245 -0.410293173435079 0.279662197337058
0.302331262005016 -0.408988721999751 0.2787787461407
0.303630973677677 -0.407682777095241 0.27789487072331
0.30492850642351 -0.406375506358954 0.277010608250869
0.306224171331352 -0.405067098842417 0.276126014207347
0.307518279521107 -0.403757743689441 0.275241143977361
0.308811142017392 -0.402447630229819 0.274356052601707
0.310103069651733 -0.401136947911777 0.273470794725091
0.31139437354187 -0.399825886209211 0.272585425343977
0.312685365296752 -0.398514634702213 0.271699999989473
