-0.157314635468376 -0.33791463478388 0.520000000442188
-0.160187905716864 -0.340719302343739 0.51906084934451
-0.163060329751694 -0.343522960391561 0.518121234660426
-0.165931061345781 -0.346324599304605 0.517180692771989
-0.168799254183406 -0.349123209354236 0.516238760012914
-0.171664061815746 -0.351917780652972 0.51529497264415
-0.174524637410533 -0.354707303308063 0.514348866646055
-0.177380116956277 -0.357490773760511 0.51339994009849
-0.180229636221808 -0.360267188049775 0.512447690960092
-0.183072330663316 -0.363035541845141 0.511491617014774
-0.185907335087741 -0.365794830507165 0.510531215148923
-0.18873378512066 -0.368544055453701 0.509566011784664
-0.191550815963227 -0.371282218015341 0.508595533854564
-0.194357562322896 -0.374008318942528 0.507619308014816
-0.19715315824452 -0.376721358302952 0.506636859934019
-0.199936737514035 -0.379420335532664 0.505647715958466
-0.202707433287454 -0.382104249330461 0.504651402083867
-0.205464378709946 -0.384772096863929 0.503647443993759
-0.208206705807775 -0.387422874563747 0.502635366300343
-0.210933545795824 -0.390055577661255 0.501614692442841
-0.213644029613756 -0.392669200282089 0.500584946485814
-0.216337287343713 -0.395262735551289 0.499545652018255
-0.219012448562348 -0.397835175130018 0.498496332234968
-0.221668640716419 -0.40038550839229 0.497436503971082
-0.224304990258046 -0.402912723552866 0.496365683510828
-0.226920623278139 -0.405415807377132 0.495283387587744
-0.229514664781458 -0.407893745364886 0.494189132333919
-0.232086239005107 -0.410345521247039 0.493082433193339
-0.234634469118982 -0.412770116874127 0.491962804009123
-0.237158476199027 -0.415166512228583 0.490829755269541
-0.239657380050789 -0.41753368581422 0.489682796759198
-0.242130299839505 -0.419870614308644 0.48852143842542
-0.244576353637021 -0.422176272317522 0.48734518917718
-0.246994658106411 -0.424449632806791 0.486153557142993
-0.249384328516898 -0.426689666448149 0.484946048645914
-0.251744478136703 -0.428895341033099 0.483722166151708
-0.254074218685809 -0.431065622551689 0.482481411267797
-0.256372661929353 -0.433199473502623 0.481223285180045
-0.258638917991219 -0.435295854474394 0.479947288163874
-0.260872095307292 -0.437353724090688 0.478652919557882
-0.263071300621059 -0.439372038298064 0.477339676697618
-0.265235639116428 -0.441349750393058 0.476007055437752
-0.267364213816078 -0.443285811179825 0.474654549457047
-0.269456127256146 -0.445179167596457 0.47328165128808
-0.271510480050113 -0.447028764342023 0.471887852394604
-0.273526370841673 -0.448833543821098 0.470472643144861
-0.275502896257324 -0.450592446088203 0.4690355127846
-0.277439151308506 -0.4523044079038 0.467575948960205
-0.279334228859939 -0.453968362761304 0.466093437144389
-0.281187219616797 -0.455583241637062 0.464587461606908
-0.282997213248103 -0.457147971206277 0.463057504962195
-0.284763297167886 -0.458661475514491 0.461503048567522
-0.286484555996157 -0.460122675502653 0.459923571513649
-0.28816007273553 -0.461530488224381 0.458318551337562
-0.289788927989449 -0.462883827933591 0.456687464236827
-0.291370199914139 -0.464181606027712 0.455029785042315
-0.292902964170191 -0.465422730990868 0.453344987190688
-0.29438629462361 -0.466606108134591 0.451632543266216
-0.295819262547501 -0.467730639742775 0.449891924403564
-0.297200936573426 -0.468795225014174 0.448122600260048
-0.298530382476001 -0.469798758974528 0.446324038206031
-0.299806663290704 -0.470740133448577 0.444495704078789
-0.301028840120224 -0.471618235724477 0.442637062096634
-0.302195971229963 -0.472431949772992 0.440747574888815
-0.303307112925489 -0.473180154319169 0.438826703247253
-0.304361318576138 -0.473861724653211 0.436873906318262
-0.305357638565307 -0.474475532571327 0.434888641574106
-0.306295120240702 -0.475020446316284 0.432870364784498
-0.307172807864409 -0.47549533051783 0.430818529988032
-0.307989742562778 -0.475899046132955 0.428732589463501
-0.308744963363355 -0.476230450355727 0.426611994157808
-0.309437506057402 -0.476488396587952 0.424456193200523
-0.310066403149474 -0.476671734379391 0.422264633875024
-0.31063068380678 -0.476779309367522 0.420036761589496
-0.31112937527179 -0.476809963280828 0.4177720202033
-0.311561501347594 -0.476762533814041 0.41546985164237
-0.311926082346682 -0.476635854567425 0.413129695869981
-0.312222135782558 -0.476428753723739 0.410750991049248
-0.312448677462725 -0.476140055260538 0.408333173621096
-0.312604719549119 -0.475768578876266 0.405875677975444
-0.3126892705064 -0.475313139928597 0.403377936421542
-0.312701337357268 -0.474772549218047 0.400839379338967
-0.312639923323225 -0.474145613079582 0.398259434966953
-0.312504030501936 -0.473431132928065 0.395637529456826
-0.312292657086002 -0.472627905587374 0.39297308675939
-0.312004797477562 -0.471734719709869 0.390265529543164
-0.311639444680528 -0.470750358812719 0.387514278046983
-0.3111955862423 -0.469673598552568 0.384718751465424
-0.310672205594856 -0.468503209741094 0.381878366671111
-0.310068282000972 -0.467237958280477 0.378992538184103
-0.309382790549527 -0.465876604418663 0.376060678396938
-0.308614704539521 -0.464417902969045 0.373082196938976
-0.307762996346774 -0.462860599529925 0.370056502183432
-0.306826634548884 -0.461203434423129 0.366982999887175
-0.305804583754404 -0.459445142348947 0.363861093330673
-0.304703266317804 -0.457595608264901 0.360694320861503
-0.303529100437763 -0.455664712342723 0.357486218474386
-0.302288501359691 -0.453662329849478 0.354240320043043
-0.300987881030417 -0.451598331945633 0.350960157600388
-0.299633651174963 -0.449482587344872 0.347649259817967
-0.298232220730873 -0.447324962089164 0.344311153732376
-0.296789990258464 -0.445135319936954 0.340949366988439
-0.295313358541288 -0.442923522816945 0.337567425919113
-0.293808722166531 -0.440699432674143 0.334168855214841
-0.292282478827497 -0.438472912728333 0.33075717612116
-0.290741024711483 -0.436253825735309 0.32733590962865
-0.289190754615869 -0.43405203448014 0.32390857668528
-0.287638063437107 -0.431877402086629 0.320478697987976
-0.28608934605576 -0.429739793136098 0.317049793998742
-0.284550997094452 -0.427649073810516 0.313625385678294
-0.283029411719612 -0.425615112750902 0.310208994222892
-0.281530985343235 -0.42364778121576 0.306804141716697
-0.280062114994836 -0.421756953349032 0.303414351012287
-0.278629198383275 -0.419952506898044 0.300043146377024
-0.277238635102549 -0.418244324139499 0.29669405305291
-0.275896826967237 -0.416642292397874 0.293370597441462
-0.274610177728943 -0.415156304255793 0.290076307695859
-0.273385093304468 -0.413796256598061 0.286814714716524
-0.272227982886841 -0.412572052972926 0.283589351067775
-0.271145259233321 -0.41149360405262 0.280403751213668
-0.270143337056186 -0.410570824026469 0.277261453838153
-0.269228634930066 -0.409813635210497 0.274166000072169
-0.26840757600276 -0.409231968603683 0.271120933503059
-0.267678154170292 -0.408817314678165 0.268126436826087
-0.267038367108954 -0.408561170841444 0.265182695901827
-0.266486217194861 -0.408455042813382 0.262289899252292
-0.266019709739727 -0.408490443428016 0.259448238609343
-0.265636854681036 -0.408658893276262 0.256657908352816
-0.265335665855656 -0.408951918616319 0.253919105522039
-0.265114154000848 -0.409361049814386 0.25123203054893
-0.264970329293644 -0.409877824323789 0.248596887040905
-0.264902205235342 -0.410493784256002 0.246013881200258
-0.264907797735012 -0.411200476712527 0.243483222003364
-0.264985121729012 -0.411989454345171 0.241005121397595
-0.265132190572843 -0.412852277004115 0.238579794924194
-0.265347021279829 -0.413780508411585 0.236207460891966
-0.265627630209438 -0.414765719461552 0.233888341517546
-0.2659720402493 -0.415799485014976 0.231622662590114
-0.266378276184867 -0.416873382333803 0.229410652440514
-0.266844366043989 -0.417978990784771 0.227252542214128
-0.267368340428698 -0.419107892105242 0.225148566040204
-0.267948232107265 -0.420251669753782 0.223098960941069
-0.268582074662411 -0.421401907464902 0.221103965868064
-0.269267904606207 -0.42255018939423 0.219163822704055
-0.270003761200261 -0.423688099804433 0.217278776358196
-0.270787684851525 -0.42480722217685 0.215449073959781
-0.271617716791981 -0.42589913900669 0.213674964818016
-0.272491898354961 -0.426955432146904 0.211956700654598
-0.273408272117493 -0.427967681350585 0.210294535474745
-0.274364882374243 -0.428927464053206 0.208688726002426
-0.275359772624529 -0.429826355449257 0.207139530476436
-0.27639098768463 -0.43065592761205 0.205647209670796
-0.277456571871779 -0.431407748369406 0.204212025365166
-0.278554570117447 -0.43207338164515 0.202834241622516
-0.27968302905298 -0.432644386843378 0.201514125515755
-0.280839996770054 -0.433112317992165 0.200251946854423
-0.282023522855288 -0.433468723714634 0.199047978486172
-0.283231653826406 -0.433705146078131 0.197902491947229
-0.284462437491372 -0.433813120858331 0.196815761840602
-0.285713922427443 -0.433784176475812 0.195788065293943
-0.286984158297446 -0.433609834171251 0.19481968253074
-0.288271195747408 -0.433281607560798 0.193910896884927
-0.289573086304119 -0.432791002191137 0.193061994815515
-0.290887881752167 -0.432129515006541 0.192273265220613
-0.292213634552381 -0.431288633990391 0.191545000153533
-0.293548397740025 -0.430259837718758 0.190877494838745
-0.294895804862517 -0.429062553016044 0.190265007348741
-0.296259490130247 -0.427716197871352 0.189701798641451
-0.297643086972964 -0.426240182492878 0.189182127764239
-0.299050229569293 -0.424653910208229 0.188700255589589
-0.300484553382222 -0.422976778812144 0.188250444330067
-0.301949691725055 -0.42122817930508 0.187826954437957
-0.303449281160385 -0.419427501203444 0.187424043866285
-0.304986959948979 -0.417594131313735 0.187035971240102
-0.306566369216794 -0.415747455564438 0.186656995373574
-0.308191152277247 -0.413906859185599 0.186281375557495
-0.309864954822439 -0.412091727725557 0.185903371258328
-0.311591425074063 -0.410321448167007 0.185517241237259
-0.313374213863877 -0.408615409748575 0.185117243650791
-0.315216975052584 -0.406993005281274 0.184697635292153
-0.317123365466994 -0.405473631901254 0.18425267104769
-0.319097045270522 -0.404076692147711 0.183776604474019
-0.321141678086495 -0.40282159492485 0.183263687275366
-0.323260931258825 -0.401727756575061 0.182708169223451
-0.325458476044305 -0.400814601897127 0.182104297855952
-0.327737987805119 -0.400101565164991 0.181446318174848
-0.330103146195803 -0.39960809108443 0.18072847233815
-0.332557635361991 -0.399353635875113 0.179944999364489
-0.335105144133635 -0.399357668290544 0.179090134831064
-0.337722989948643 -0.399592875016598 0.178183658733384
-0.340388493863377 -0.400031955216809 0.177245348229398
-0.343078979505819 -0.400647618876983 0.176294979038856
-0.345771771576036 -0.401412585833525 0.175352325902173
-0.348444194881547 -0.402299583792905 0.17443716389499
-0.351073573162492 -0.403281346860324 0.17356926953494
-0.353637227902661 -0.404330614110052 0.172768421818801
-0.356112477105067 -0.405420128174181 0.172054403155338
-0.358476634078957 -0.406522634005848 0.171447000563252
-0.360707006405607 -0.407610877009912 0.170966006531826
-0.362805097167235 -0.408685101862602 0.170608937451206
-0.364772402163948 -0.409745553170802 0.170373316241182
-0.366610410338771 -0.410792474819372 0.17025667219073
-0.368320603955284 -0.411826109778047 0.170256540983178
-0.369904458575705 -0.412846700319816 0.170370464412172
-0.371363443138204 -0.413854488033558 0.170595990252718
-0.372699020033842 -0.414849713836795 0.170930672132559
-0.373912644890543 -0.415832618238953 0.171372070040058
-0.375005767005849 -0.416803440908495 0.171917749852442
-0.37597982935907 -0.417762420880411 0.17256528291572
-0.37683626868695 -0.418709796568615 0.173312245917314
-0.377576515558951 -0.419645805778444 0.174156220758945
-0.378201994452211 -0.420570685719081 0.175094794429809
-0.378714123600179 -0.421484673158395 0.176125558905152
-0.37911431529269 -0.422388004292863 0.177246110994846
-0.379403975949835 -0.423280914759913 0.178454052217341
-0.379584505920518 -0.424163639819187 0.179746988624684
-0.379657300023803 -0.425036414142771 0.181122530754598
-0.379623749054301 -0.425899472490486 0.18257829303578
-0.379485238229717 -0.426753049112785 0.184111894103522
-0.37924314747438 -0.427597377299525 0.185720956948512
-0.378898851694823 -0.42843268919888 0.187403109002337
-0.378453720721441 -0.429259216816041 0.189155981501743
-0.377909119927337 -0.430077191809752 0.190977209513181
-0.377266408329564 -0.430886845949499 0.192864431133255
-0.376526939800186 -0.431688410568207 0.194815287919009
-0.37569206368871 -0.432482116100127 0.196827425157688
-0.374763125311263 -0.433268192660617 0.198898491731429
-0.37374146562826 -0.434046870151474 0.20102613977785
-0.372628420737119 -0.434818378086522 0.203208024401226
-0.371425323433256 -0.435582944972717 0.205441804422971
-0.370133502518906 -0.436340798616773 0.207725141930801
-0.368754286272483 -0.43709216713439 0.210055703518796
-0.3672889983887 -0.437837278301183 0.212431158256972
-0.365738958047853 -0.43857635956469 0.214849177568978
-0.364105483352124 -0.439309637946974 0.217307437204096
-0.362389892005834 -0.440037339260576 0.219803617690314
-0.360593498319552 -0.440759689180313 0.222335402067748
-0.35871761332098 -0.441476912999621 0.224900475912093
-0.356763547383278 -0.442189235656585 0.227496529134485
-0.354732607493541 -0.442896882278135 0.230121253673388
-0.352626100241478 -0.443600077209814 0.232772345956824
-0.350445329174507 -0.44429904489152 0.235447504403386
-0.348191593944753 -0.444994009541467 0.238144428693098
-0.345866190781472 -0.445685194933663 0.2408608199835
-0.343470414861374 -0.44637282671156 0.243594382284803
-0.341005561596234 -0.447057129726645 0.246342824033922
-0.338472922774215 -0.447738328655241 0.249103854447323
-0.335873787138105 -0.448416648752788 0.251875183744578
-0.333209443243079 -0.44909231440978 0.254654525866238
-0.330481176223447 -0.449765549877781 0.257439595172136
-0.327690274822684 -0.450436580079183 0.260228112977485
-0.324838025246334 -0.451105627328788 0.263017801986358
-0.321925714606437 -0.451772912212884 0.265806389624799
-0.318954627991825 -0.452438655116991 0.268591604396046
-0.315926048095877 -0.453103076169515 0.271371175320616
-0.312841256961132 -0.453766396209454 0.274142833417641
-0.309701533996902 -0.45442883684953 0.276904309401382
-0.306508155896254 -0.455090619616392 0.279653333590986
-0.303262397032268 -0.455751965921575 0.282387636277158
-0.299965529030608 -0.456413097153619 0.285104946978347
-0.29661882476645 -0.45707423811543 0.287802998006536
-0.293223554566627 -0.457735613605987 0.290479520781691
-0.289780986211001 -0.458397448436985 0.293132245594807
-0.286292384998955 -0.459059967444375 0.295758901488895
-0.282759015214154 -0.45972339783686 0.29835721758698
-0.279182138792625 -0.46038796687106 0.300924921526075
-0.275563015498084 -0.461053901877354 0.30345973943951
-0.271902902879033 -0.461721430258001 0.305959395736381
-0.268203056334795 -0.462390779498899 0.308421612982359
-0.264464729450657 -0.463062178050593 0.310844111854799
-0.260689173849079 -0.463735854507051 0.313224611071501
-0.256877639200767 -0.46441203758208 0.315560827148462
-0.25303137329014 -0.465090956120809 0.317850474280046
-0.249151622291846 -0.465772839964677 0.320091264220862
-0.24523963062484 -0.466457919110049 0.32228090616367
-0.241296641096802 -0.467146423727235 0.324417106650662
-0.23732389489023 -0.467838584165482 0.326497569421847
-0.233322634708579 -0.468534634693678 0.328519999930119
-0.229294102173063 -0.469234809444743 0.330482101596536
-0.225239245433887 -0.469938715768302 0.332384655001426
-0.22115901126206 -0.47064596121075 0.33422843760368
-0.217054346319623 -0.471356155600077 0.336014225836819
-0.212926196399019 -0.472068909199491 0.337742793760872
-0.208775506819421 -0.472783831790405 0.339414914484343
-0.204603221718566 -0.473500533267373 0.341031358156063
-0.200410285177377 -0.474218625651035 0.342592894289525
-0.196197640506924 -0.474937721359154 0.34410029024254
-0.191966230327421 -0.475657432621224 0.34555431164565
-0.187716996252678 -0.476377371760942 0.346955721200044
-0.183450878974855 -0.477097151889013 0.348305278601935
-0.179168818844358 -0.47781638628854 0.349603742212674
-0.174871755687189 -0.47853468853344 0.350851868456256
-0.170560629058073 -0.479251672030944 0.352050412796691
-0.166236377729272 -0.479966950818065 0.353200127711293
-0.161899940242756 -0.48068013906343 0.354301764568443
-0.157552254501868 -0.481390850826154 0.355356072215404
-0.153194258887716 -0.482098700662975 0.3563638005239
-0.148826891005485 -0.48280330430765 0.357325695143658
-0.14445108834245 -0.48350427762064 0.358242500734193
-0.140067787943793 -0.484201236271918 0.359114959590352
-0.135677926647398 -0.484893796075155 0.359943812341502
-0.131282441011684 -0.48558157441038 0.360729796706761
-0.126882267579198 -0.486264188793383 0.361473649450955
-0.122478342646832 -0.486941256469082 0.362176105129318
-0.118071602314935 -0.48761239439149 0.362837896126046
-0.11366298298987 -0.48827722158021 0.363459754417271
-0.109253421222735 -0.488935357672457 0.364042411165103
-0.104843853515308 -0.489586421954363 0.36458659547568
-0.10043521636918 -0.490230033341106 0.365093034437641
-0.0960284463348688 -0.49086581035693 0.365562453160311
-0.0916244813954789 -0.491493375368917 0.365995579975391
-0.0872242596584605 -0.492112350349291 0.366393140797031
-0.0828287194276124 -0.492722356819599 0.366755859673861
-0.0784387992522877 -0.493323015830846 0.367084458826978
-0.0740554379026798 -0.493913947976464 0.367379657570705
-0.0696795756645994 -0.49449477656329 0.367642179581829
-0.0653121532172088 -0.495065124368257 0.367872746823432
-0.0609541116823509 -0.495624613618632 0.368072079582751
-0.0566063926738766 -0.496172865972158 0.368240896508839
-0.0522699384751808 -0.496709503504646 0.368379913101418
-0.0479456920885563 -0.497234148077326 0.368489844442064
-0.0436345971565839 -0.497746420922406 0.368571404087049
-0.0393375980116113 -0.498245942623209 0.368625304104574
-0.0350556396204966 -0.498732333195109 0.368652253068654
-0.0307896677036109 -0.499205212027166 0.368652958260947
-0.0265406289335381 -0.49966419806899 0.368628126916614
-0.0223094708709337 -0.500108909541608 0.368578464931587
-0.0180971420141997 -0.500538963917342 0.368504676899253
-0.0139045919366309 -0.500953977584378 0.36840746359389
-0.0097327712487752 -0.501353566142113 0.36828752456111
-0.00558263187012442 -0.50173734499472 0.368145560795388
-0.00145512685723947 -0.502104928717203 0.367982272136044
0.00264878954624193 -0.50245593103506 0.367798357303565
0.00672816174546476 -0.50278996415987 0.367594511038837
0.0107820328940984 -0.503106639412401 0.367371426847931
0.0148094449677655 -0.503405567691209 0.367129799566716
0.0188094385544157 -0.503686358964215 0.366870323058585
0.0227810528039954 -0.503948622248148 0.366593690250554
0.0267233252620778 -0.504191964856492 0.366300590160209
0.0306352919646049 -0.504415993128811 0.365991710853923
0.0345159874694013 -0.504620312483071 0.365667740692823
0.038364444694493 -0.504804527389655 0.365329367277368
0.0421796948671699 -0.504968241264756 0.364977277452486
0.0459607673692151 -0.505111056029592 0.364612155957565
0.0497066897906202 -0.505232572549424 0.364234686718511
0.0534164878403985 -0.505332390579634 0.363845552984516
0.0570891854488526 -0.505410108779299 0.363445438564379
0.0607238045959675 -0.505465324692091 0.363035026678429
0.0643193652646845 -0.505497634681495 0.362615000006486
0.0678748851955562 -0.505506633431989 0.362186039296846
0.0713907790959127 -0.505492565382549 0.361748250172029
0.074867459594923 -0.505455673762484 0.361301737791387
0.0783053374206593 -0.505396200609292 0.360846608100461
0.0817048212943341 -0.505314386779536 0.360382966570411
0.0850663177252448 -0.505210471368213 0.35991091670681
0.0883902312304318 -0.505084692311449 0.359430561573736
0.0916769643440292 -0.50493728645308 0.358942003859828
0.0949269175925485 -0.50476848950321 0.358445345647962
0.0981404897955065 -0.504578536015818 0.357940689909167
0.101318077864518 -0.504367659435316 0.357428139194863
0.104460076822495 -0.50413609201642 0.356907795579806
0.107566879509126 -0.503884064243876 0.35637975920125
0.110638876915017 -0.503611805621626 0.355844129873066
0.113676458182205 -0.503319544529264 0.355301006774003
0.116680010647992 -0.503007508297668 0.354750488689935
0.119649920097027 -0.502675923118305 0.354192675326631
0.122586570549812 -0.502325014157624 0.353627666007435
0.125490344260921 -0.501955005337601 0.353055559579642
0.128361620997614 -0.501566118207886 0.352476451579415
0.131200778823003 -0.501158573328212 0.351890437175444
0.134008194115942 -0.500732590279944 0.351297611174144
0.136784241467663 -0.500288387526736 0.350698067680954
0.139529294077245 -0.499826182461804 0.350091901663979
0.142243723518571 -0.499346191534501 0.349479207744184
0.144927899736104 -0.498848630160938 0.34886008002194
0.147582191019061 -0.498333712455201 0.348234612170181
0.150206963632984 -0.497801650950185 0.347602896242244
0.152802582295556 -0.497252657279711 0.34696502396379
0.155369410008527 -0.496686941894723 0.346321086213838
0.157907808557697 -0.496104714400452 0.345671174624717
0.160418138238323 -0.495506183536545 0.345015380515816
0.162900757874055 -0.494891557188085 0.344353794898413
0.165356024704989 -0.494261042225804 0.34368650819553
0.167784294537087 -0.49361484468749 0.343013610531362
0.170185920489931 -0.492953167528313 0.342335189262674
0.172561254286193 -0.492276212891892 0.341651331456839
0.174910646511883 -0.491584182213338 0.340962124679605
0.177234446091055 -0.490877275732704 0.340267655625369
0.179533000606024 -0.490155692910149 0.33956801071294
0.181806656315531 -0.489419632436201 0.338863276089908
0.184055757950119 -0.488669291998903 0.338153537243937
0.186280648953024 -0.487904868537462 0.337438879400491
0.188481671663565 -0.487126558312344 0.336719387934531
0.190659166596559 -0.4863345561948 0.335995146950875
0.192813472882643 -0.485529055948151 0.335266240336277
0.19494492843675 -0.484710250627826 0.334532751733155
0.197053869975849 -0.483878332591495 0.333794764544027
0.199140632686874 -0.483033493105243 0.333052361452255
0.201205550307504 -0.482175922473774 0.332305624386752
0.20324895547828 -0.481305810336067 0.331554635118743
0.205271179712135 -0.480423345673643 0.330799475197052
0.207272553411834 -0.47952871682057 0.330040225952441
0.20925340588729 -0.47862211147336 0.329276968501862
0.211214063604297 -0.477703714683938 0.328509781568552
0.213154851970113 -0.47677371088611 0.327738743670221
0.215076095350489 -0.475832283905098 0.326963933123168
0.216978116649054 -0.474879616640703 0.32618542730986
0.218861237433539 -0.473915891028364 0.325403303098543
0.220725778153277 -0.47294128838926 0.324617636968007
0.222572058283669 -0.471955989474064 0.323828505211888
0.224400396342958 -0.470960174472502 0.323035983942697
0.226211109323949 -0.46995402255755 0.322240148287781
0.228004512939062 -0.468937712069307 0.321441072754277
0.229780921993321 -0.4679114208152 0.320638831679855
0.231540649740226 -0.466875325682572 0.319833498261278
0.233284008270616 -0.46582960294884 0.319025144985272
0.235011308817187 -0.464774428386539 0.318213844180653
0.236722861464353 -0.463709976911974 0.317399667792071
0.238418975470905 -0.462636422954941 0.316582687613748
0.240099958715647 -0.461553940213629 0.315762974398046
0.241766117571104 -0.460462701745249 0.314940597471919
0.243417757260189 -0.45936288011633 0.31411562532891
0.245055182244642 -0.458254647443354 0.313288126326797
0.246678696241038 -0.457138175401788 0.312458168691247
0.248288601423227 -0.456013634827387 0.311625819456994
0.24988519879284 -0.454881195964561 0.310791144816287
0.251468786595447 -0.453741029362858 0.309954206083802
0.253039662058252 -0.452593304940946 0.309115064067056
0.254598121742149 -0.451438192221282 0.308273779458425
0.256144461557467 -0.450275860338828 0.30743041283864
0.25767897570878 -0.449106479214755 0.306585021052619
0.259201957871506 -0.44793021867609 0.305737660601391
0.260713700244574 -0.446747247771735 0.304888386931386
0.262214493431128 -0.445557735755378 0.304037252837296
0.263704627104747 -0.444361851806588 0.303184310008262
0.265184399063006 -0.443159774829058 0.302329611975543
0.266654106560074 -0.441951683401675 0.301473212178367
0.268114045852753 -0.440737755691242 0.300615163327517
0.269564512685699 -0.439518169557637 0.299755518047955
0.271005802307174 -0.43829310256335 0.298894328881816
0.272438208742824 -0.43706273158782 0.298031647557092
0.273862023895201 -0.435827234136176 0.297167521788863
0.275277539216704 -0.434586787445132 0.296301999216933
0.276685045724423 -0.433341568493108 0.295435127407453
0.278084829324713 -0.432091740916716 0.294566963274801
0.279477175168407 -0.430837468183079 0.293697562942991
0.28086236488344 -0.429578913264381 0.292826977844943
0.282240679430529 -0.428316238966993 0.291955258804973
0.283612399038995 -0.427049608598853 0.291082454909049
0.284977803485622 -0.425779185332633 0.290208614952334
0.286337172215847 -0.424505132141617 0.289333787675903
0.287690784358349 -0.423227611808517 0.28845802176909
0.289038918408993 -0.421946787791552 0.287581364137948
0.290381850766212 -0.420662821772506 0.286703861174783
0.29171985755518 -0.419375875269173 0.285825559226997
0.293053214558605 -0.418086109247221 0.284946505002138
0.294382197314605 -0.416793684525051 0.284066745167495
0.295707083981613 -0.415498765050572 0.283186325534133
0.297028151205889 -0.41420151504856 0.282305289491281
0.298345675432954 -0.412902098620823 0.28142368039602
0.299659932757278 -0.411600682334538 0.280541537557052
0.300971199102116 -0.410297432651208 0.279658900255869
0.302279750490824 -0.408992517573966 0.278775805856993
0.303585862681938 -0.407686105627543 0.277892290600679
0.304889811318291 -0.406378364885492 0.277008391236599
0.306191905290062 -0.405069484824067 0.276124162829712
0.307492453519694 -0.403759655011233 0.275239660344754
0.308791764835282 -0.402449065200371 0.274354938401343
0.310090147872441 -0.401137905262932 0.273470051221781
0.31138791155378 -0.399826365095825 0.272585053380281
0.312685365293795 -0.398514634701878 0.27169999998636
