-0.157314634719238 -0.337914634699928 0.520000000011641
-0.160100891484026 -0.340718918979936 0.5190584789729
-0.162886364200335 -0.343522193348501 0.518116504443619
-0.165670268807021 -0.346323447783693 0.517173622898168
-0.168451821160455 -0.349121672157662 0.516229380763171
-0.17123023699344 -0.351915856183664 0.515283324393162
-0.174004731874152 -0.354704989363088 0.514335000046103
-0.17677450017917 -0.35748806960599 0.513383909281657
-0.179538736094961 -0.360264094422865 0.512429553538052
-0.182296633517654 -0.36303206095423 0.511471434082931
-0.185047386010793 -0.365790965918043 0.51050905198832
-0.187790186517408 -0.368539812201721 0.509541933667191
-0.190524228368251 -0.371277602031983 0.508569607313057
-0.193248704101865 -0.374003337148496 0.507591600339447
-0.195962805755164 -0.376716018658792 0.506607439861943
-0.198665725198912 -0.379414646856364 0.505616653356475
-0.20135665371742 -0.382098221297769 0.504618767951855
-0.204034782752853 -0.384765740004839 0.503613310466215
-0.206699302713323 -0.387416200260103 0.502599806652162
-0.209349403282967 -0.39004859814727 0.501577781095495
-0.211984273959403 -0.392661928644309 0.500546759004877
-0.214603103441474 -0.395255185729318 0.499506265117964
-0.217205080022121 -0.397827361918647 0.49845582377937
-0.219789390308726 -0.400377447440262 0.497394952986
-0.222355219982277 -0.402904431363736 0.496323170188105
-0.224901754473984 -0.40540730131118 0.495239993283059
-0.227428178202948 -0.407885043640202 0.494144939572197
-0.229933674943866 -0.410336642943069 0.493037525672182
-0.232417427374191 -0.412761082441154 0.491917267551221
-0.23487861634691 -0.415157341570579 0.490783673743883
-0.237316421531919 -0.417524398289737 0.489636252085529
-0.23973002209927 -0.419861228732523 0.488474510573069
-0.24211859627266 -0.422166806964124 0.487297956169387
-0.244481320963359 -0.424440105410906 0.486106095061112
-0.246817371847925 -0.426680094208144 0.484898431637275
-0.249125923312645 -0.428885741431854 0.483674469013619
-0.251406148011839 -0.431056013049497 0.482433708419465
-0.253657218999775 -0.433189871539414 0.481175650661699
-0.255878307801747 -0.435286277470503 0.479899795641774
-0.258068584370728 -0.437344189447703 0.478605642328835
-0.260227217043943 -0.439362564057375 0.47729268873273
-0.262353373195448 -0.441340353254435 0.47596042889219
-0.26444621849656 -0.44327650686556 0.474608355833173
-0.266504916430488 -0.445169970592328 0.473235957894373
-0.268528629380988 -0.447019687569656 0.471842723029345
-0.270516517897197 -0.448824598638448 0.470428138100124
-0.272467740649545 -0.450583642290049 0.468991688850134
-0.274381454906203 -0.452295753725324 0.467532859428575
-0.276256815968364 -0.45395986568407 0.466051132811624
-0.278092977119753 -0.455574907544585 0.464545989816705
-0.279889090353405 -0.457139805857267 0.463016910642328
-0.281644305486506 -0.458653483893627 0.461463373445517
-0.283357770191931 -0.460114862239259 0.459884855100601
-0.285028629499294 -0.461522858282619 0.458280830230763
-0.286656026969235 -0.462876385438262 0.456650771918342
-0.288239103883251 -0.464174354264465 0.454994151880966
-0.289776999198561 -0.465415672406112 0.453310440444312
-0.291268850324975 -0.466599244329725 0.451599107080558
-0.292713792257655 -0.46772397147371 0.449859619814377
-0.29411095753185 -0.468788752190729 0.448091445194662
-0.295459476177501 -0.469792481689928 0.446294048266158
-0.296758475673699 -0.470734051978985 0.444466892541076
-0.298007080747196 -0.471612350726725 0.442609439277632
-0.299204414375994 -0.472426260987213 0.440721148130686
-0.300349597785983 -0.4731746623009 0.438801477649804
-0.301441749468572 -0.473856430773026 0.436849884739058
-0.302479984750114 -0.474470438179233 0.434865824096938
-0.303463416130055 -0.475015552741848 0.432848748719074
-0.304391153234221 -0.475490639070542 0.430798109869777
-0.305262302767956 -0.475894558102797 0.428713357053485
-0.306075969622606 -0.47622616701969 0.426593938441989
-0.306831255675119 -0.476484319210455 0.424439300389543
-0.307527259740963 -0.47666786421235 0.422248887403757
-0.308163077526885 -0.476775647650329 0.420022142116405
-0.308737801583497 -0.476806511176511 0.417758505254139
-0.309250522768047 -0.476759292474367 0.415457416017791
-0.309700328686454 -0.476632825132822 0.413118311644216
-0.310086303645514 -0.47642593858507 0.410740627376697
-0.31040753408586 -0.476137455578444 0.408323797528284
-0.310663103052939 -0.475766194581428 0.405867254359047
-0.310852090148756 -0.475310969721714 0.403370428046272
-0.310973573835424 -0.474770590568757 0.400832746834877
-0.311026629035301 -0.474143862226616 0.398253636827074
-0.31101032628668 -0.473429584468209 0.395632522109603
-0.310923735253205 -0.472626552097242 0.392968824710653
-0.310765921912806 -0.471733555263198 0.390261964425263
-0.310535950008841 -0.470749375488353 0.387511359904876
-0.31023288392763 -0.469672787542763 0.384716427807677
-0.309855784222263 -0.468502561350689 0.381876582466938
-0.309403707563452 -0.467237461926085 0.378991235860415
-0.30887570676095 -0.46587624862333 0.376059797834909
-0.308270830642947 -0.46441767575666 0.373081675820071
-0.30758812570354 -0.462860490547994 0.370056275443945
-0.306826634697354 -0.461203434696516 0.366982999999321
-0.30598539627323 -0.459445243452609 0.363861250972582
-0.305068834325605 -0.45759580439853 0.360694570842233
-0.304081368798843 -0.455665000331602 0.357486499729911
-0.303027415918584 -0.453662709782424 0.354240575586254
-0.30191139051617 -0.451598805644911 0.350960334904564
-0.300737704167479 -0.449483157581986 0.347649312378423
-0.299510765426256 -0.447325632582445 0.344311041064858
-0.298234978571637 -0.445136094080784 0.340949053961195
-0.29691474532126 -0.442924403832734 0.337566882820915
-0.295554466073931 -0.440700421842904 0.334168058468741
-0.294158539226728 -0.438474007469412 0.330756110842791
-0.292731360895976 -0.436255019609968 0.327334569622942
-0.291277324926815 -0.434053317193828 0.323906964443629
-0.289800823755872 -0.431878760056679 0.320476824620919
-0.288306248973701 -0.429741210169203 0.317047678739957
-0.286797990074418 -0.427650532129152 0.313623055476543
-0.285280435834642 -0.425616592992192 0.310206483743442
-0.283757973858384 -0.423649262429172 0.306801493342613
-0.282234991837454 -0.421758412995936 0.303411614847705
-0.280715876348536 -0.419953920839161 0.300040380254175
-0.279205014171108 -0.418245666634005 0.296691322535171
-0.277706792517567 -0.416643536102234 0.293367975826952
-0.276225598598224 -0.415157420219889 0.290073876021357
-0.274765819611101 -0.413797214256031 0.286812561762783
-0.273331843884129 -0.412572820136168 0.283587573366008
-0.271928061098443 -0.411494146907664 0.280402453050551
-0.270558861133135 -0.41057111088898 0.277260745800048
-0.269228634699086 -0.409813634701355 0.274166000000365
-0.267941774551121 -0.409231649647813 0.271121766500125
-0.266699701975341 -0.408816646723137 0.268128217209139
-0.26550383946769 -0.408560123772175 0.265185527449141
-0.264355614303549 -0.408453588607592 0.26229387404499
-0.263256458695394 -0.408488558927769 0.259453435401092
-0.262207806737714 -0.408656559018777 0.25666439291576
-0.261211095542164 -0.408949120396163 0.253926930526207
-0.260267763593459 -0.409357780002502 0.251241235192751
-0.259379252154709 -0.409874081055504 0.248607496621562
-0.258547004442549 -0.410489571897394 0.246025907484985
-0.25777246274957 -0.411195804085092 0.243496663993025
-0.257057070926038 -0.411984333830947 0.241019965642017
-0.25640227855968 -0.412846723434045 0.238596014391353
-0.255809538415727 -0.413774539066637 0.23622501496626
-0.255280296997714 -0.414759352934413 0.233907178450016
-0.25481600280137 -0.4157927401584 0.231642718947203
-0.254418107106146 -0.416866281068063 0.229431854837895
-0.254088064046805 -0.417971558639212 0.227274807662035
-0.253827331316116 -0.419100157511898 0.225171801781619
-0.253637370241378 -0.420243663549113 0.223123064392301
-0.253519644416737 -0.421393663119793 0.221128825468581
-0.253475621317519 -0.422541743709636 0.219189318266494
-0.253506772283756 -0.423679492703725 0.217304778912267
-0.25361457205208 -0.424798497330853 0.215475446661346
-0.253800499378541 -0.425890343836879 0.213701563664075
-0.25406603521197 -0.426946616161676 0.21198337427026
-0.254412664675748 -0.427958896379632 0.210321125749918
-0.254841877312147 -0.428918764223082 0.208715068322005
-0.255355164116395 -0.429817795957703 0.207165454062659
-0.255954019948904 -0.430647564935233 0.205672537983774
-0.256639944157258 -0.431399640875347 0.204236578070262
-0.257414439062698 -0.432065588546653 0.202857834243958
-0.258279011630948 -0.43263696820128 0.201536569426963
-0.259235172787246 -0.433105335356571 0.200273049256139
-0.260284437756726 -0.433462239736169 0.199067541804447
-0.261428325871426 -0.433699225332135 0.197920317603484
-0.262668361232 -0.433807829796031 0.196831650060791
-0.264006072664499 -0.433779583616353 0.195801815259348
-0.265442994117157 -0.433606010105284 0.194831092366768
-0.266980664331698 -0.433278625043053 0.193919763048681
-0.268620627333165 -0.432788936144174 0.193068112084841
-0.270364432510827 -0.43212844261212 0.192276427384303
-0.272213634699371 -0.431288634693554 0.191545000000754
-0.274169794117111 -0.430260993135267 0.1908741239094
-0.276227105976894 -0.429064921941103 0.190258119260119
-0.278379770188931 -0.427719815937614 0.1896913076382
-0.280621991663845 -0.426245062136113 0.189168013208329
-0.282947980008868 -0.424660040749289 0.188682562417317
-0.285351948131219 -0.422984124784638 0.188229283078317
-0.287828113027492 -0.421236682483232 0.187802504691528
-0.290370695079458 -0.419437078611831 0.187396554352716
-0.29297391795479 -0.417604675580389 0.187005758431852
-0.295632008492845 -0.415758834997464 0.186624440326373
-0.298339196452193 -0.413918917871015 0.186246923605648
-0.301089714702177 -0.412104286814548 0.185867529275395
-0.303877798384382 -0.410334305767545 0.185480578243113
-0.306697684610248 -0.408628341010909 0.185080391020032
-0.309543613136852 -0.407005764118895 0.184661285687835
-0.312409825012791 -0.405485951027436 0.184217579177255
-0.315290562283802 -0.40408828293202 0.183743587085327
-0.3181800678134 -0.402832147751711 0.183233622817791
-0.321072584921697 -0.401736941270567 0.182681996771071
-0.323962357086892 -0.400822067711583 0.182083017156799
-0.32684362764338 -0.400106940754224 0.18143098970345
-0.329710639479857 -0.399610984552459 0.180720217357844
-0.332557634698409 -0.399353634706131 0.179944999995993
-0.335378854351525 -0.399354339327347 0.179099634114722
-0.338167434548274 -0.399586104659977 0.178202985161437
-0.340916509686095 -0.400021949064484 0.177273915894378
-0.343619211844327 -0.400634903070308 0.176331287091606
-0.346268670670334 -0.401398006494346 0.175393958820023
-0.348858012991813 -0.402284307072016 0.17448079135354
-0.351380362483619 -0.40326685899906 0.17361064623301
-0.353828839307136 -0.40431872151853 0.172802387255359
-0.356196559706773 -0.405412957528764 0.172074881357427
-0.358476634696974 -0.406522634694019 0.171447000003404
-0.360662170789044 -0.407620821260855 0.170937619760662
-0.362754170834955 -0.408707649053436 0.170544581704646
-0.364753632437091 -0.409783249961073 0.170265733042941
-0.366661548491798 -0.410847755104201 0.170098927121925
-0.368478907094013 -0.411901295021367 0.170042023163509
-0.370206691589148 -0.412943999676086 0.170092886152938
-0.371845880624724 -0.413975998463657 0.170249386726891
-0.373397447552982 -0.41499742115987 0.170509402073324
-0.374862360924271 -0.416008397137397 0.170870815508269
-0.376241584744232 -0.417009055221069 0.171331515664997
-0.377536078524428 -0.417999523694629 0.171889396383238
-0.378746797140093 -0.418979930514078 0.17254235669177
-0.379874691072929 -0.419950403107777 0.173288300605142
-0.380920706197784 -0.420911068633764 0.174125137077552
-0.381885784095487 -0.421862053735793 0.175050779829407
-0.382770862102229 -0.422803484549976 0.176063147237924
-0.383576873358725 -0.423735486711396 0.177160162227964
-0.38430474685916 -0.424658185360697 0.178339752163091
-0.384955407499917 -0.425571705150649 0.179599848736856
-0.38552977620418 -0.426476170167285 0.18093838789572
-0.386028770006354 -0.427371704225722 0.182353309534738
-0.386453301872427 -0.428258430246858 0.183842557883269
-0.386804281809902 -0.429136469675927 0.185404081398882
-0.387082615741966 -0.430005943546395 0.187035832350227
-0.387289205784979 -0.43086697249136 0.188735766645736
-0.387424950301551 -0.431719676746841 0.190501843748432
-0.387490743739643 -0.432564176167537 0.192332026573956
-0.38748747687909 -0.433400590177917 0.194224281399299
-0.387416037498655 -0.434229037792608 0.196176577759761
-0.387277309802137 -0.435049637608497 0.198186888339018
-0.387072174464812 -0.435862507810936 0.200253188862897
-0.386801508988812 -0.436667765609277 0.202373458258094
-0.386466187440076 -0.437465527813695 0.204545678281268
-0.386067080804357 -0.438255910926201 0.206767833446397
-0.385605057450548 -0.439039031016204 0.209037911033406
-0.385080982768784 -0.439815002741459 0.21135390116291
-0.384495718895879 -0.44058394038488 0.213713796362838
-0.383850124760437 -0.441345957860532 0.216115591463255
-0.383145056574434 -0.442101168247104 0.218557283785059
-0.382381368053124 -0.442849684416337 0.221036872864292
-0.381559910701797 -0.443591618771879 0.223552360486121
-0.380681533296254 -0.444327083488451 0.226101750409181
-0.379747081628132 -0.445056190401534 0.228683048169657
-0.378757398862452 -0.445779050406689 0.231294261246004
-0.377713325996325 -0.446495773606516 0.23393339904807
-0.37661570431801 -0.447206469466035 0.236598473637835
-0.37546537289728 -0.447911246877952 0.239287498768822
-0.374263168248122 -0.448610214080113 0.241998489603843
-0.373009926418397 -0.449303479532235 0.244729463370301
-0.371706480780462 -0.44999115139508 0.247478438343283
-0.370353662523851 -0.450673337093912 0.25024343403005
-0.368952303353428 -0.45135014260594 0.253022472453503
-0.367503232429622 -0.45202167362628 0.255813576372607
-0.366007276411919 -0.452688035573528 0.258614769178559
-0.364465260364418 -0.453349334990628 0.261424074938271
-0.362878006936669 -0.454005678155107 0.264239518144097
-0.361246338550422 -0.454657169762961 0.267059125167698
-0.359571075126207 -0.455303913992386 0.269880922587246
-0.357853034328166 -0.455946015330714 0.272702936946061
-0.356093031578518 -0.456583578021848 0.275523194798466
-0.354291879460463 -0.457216705164399 0.278339722384175
-0.35245039039977 -0.457845497068783 0.281150547600281
-0.350569374771867 -0.458470054721361 0.28395369789258
-0.348649641133596 -0.459090477689024 0.286747200635659
-0.346691996170914 -0.459706864857861 0.289529082942809
-0.344697244582962 -0.460319314902367 0.292297371318012
-0.342666190506236 -0.460927924926227 0.295050092797633
-0.340599638043756 -0.461532793572092 0.297785274730895
-0.338498388380405 -0.462134018463553 0.300500942864252
-0.336363242344888 -0.462731696736724 0.303195123049465
-0.334195000785149 -0.463325925063273 0.305865841545167
-0.331994462670918 -0.463916799658215 0.308511123376621
-0.329762425279733 -0.464504416560778 0.31112899223526
-0.327499683079238 -0.465088873199505 0.313717469086161
-0.325207027396289 -0.465670265973208 0.316274572215251
-0.322885247990967 -0.466248691120086 0.318798318262783
-0.320535133097893 -0.466824244722783 0.321286722119535
-0.318157469467512 -0.467397022713427 0.323737796822836
-0.315753042239577 -0.467967120675663 0.326149553344261
-0.313322634698164 -0.468534634698155 0.328519999999321
-0.310867028617937 -0.469099660813121 0.330847142732593
-0.308386676511815 -0.469662161808457 0.333131317614029
-0.305882029596426 -0.470222100339701 0.335372858461283
-0.303353537815881 -0.470779438928086 0.337572096856794
-0.300801649865478 -0.471334139958577 0.339729362164796
-0.298226811851571 -0.471886166529703 0.341844979826345
-0.295629468499913 -0.472435481635955 0.343919272933702
-0.293010063357489 -0.472982048129702 0.345952562412355
-0.290369038815689 -0.473525828719244 0.347945167037896
-0.287706836133426 -0.47406678596686 0.349897403452746
-0.285023895460209 -0.474604882286842 0.35180958618276
-0.282320655859146 -0.475140079943528 0.353682027653729
-0.27959755400424 -0.475672341914029 0.35551503601853
-0.276855025429331 -0.476201631007961 0.357308917244416
-0.274093504501393 -0.476727909348159 0.359063975234899
-0.271313424010226 -0.477251138664454 0.360780511001829
-0.268515215773276 -0.477771280526821 0.362458823537326
-0.265699310658198 -0.478288296343384 0.364099209829388
-0.26286613860537 -0.478802147358403 0.36570196487743
-0.260016127356916 -0.479312795622355 0.3672673790509
-0.257149703758719 -0.47982020296672 0.368795740744068
-0.254267293663375 -0.480324330441924 0.370287336439148
-0.251369321514671 -0.480825138655896 0.371742449726234
-0.248456210940893 -0.481322588042532 0.37316136228258
-0.245528384776947 -0.481816638859638 0.374544353887404
-0.242586264629737 -0.482307251751236 0.375891701357346
-0.239630271052631 -0.482794387061175 0.377203679278345
-0.236660823871605 -0.483278004950966 0.378480560383021
-0.233678342107682 -0.483758064798627 0.379722615641186
-0.230683244098565 -0.484234525795601 0.38093011419691
-0.227675947061631 -0.48470734667644 0.382103322297606
-0.224656867574717 -0.485176485984841 0.383242504392365
-0.221626421202812 -0.485641902607311 0.384347921975816
-0.218585023014997 -0.486103555135878 0.385419835013768
-0.215533087410476 -0.486561402000605 0.386458501401418
-0.212471028235635 -0.487015401431987 0.387464177291619
-0.209399258785151 -0.48746551092764 0.388437117165896
-0.206318191432857 -0.487911687556989 0.389377572622622
-0.203228238064702 -0.48835388818324 0.390285793557006
-0.200129809630148 -0.488792070229341 0.391162026313454
-0.197023316633742 -0.489226190907527 0.392006515559787
-0.193909169067326 -0.489656207255049 0.3928195040138
-0.190787776440206 -0.49008207567636 0.393601232779452
-0.187659547881214 -0.490503752358375 0.394351941321881
-0.184524891792558 -0.490921193061593 0.395071866211936
-0.181384216238729 -0.491334353324381 0.395761242406152
-0.178237928658428 -0.491743189138516 0.396420301202864
-0.17508643619519 -0.492147656269008 0.397049272311156
-0.171930145718669 -0.492547710251765 0.397648383863215
-0.168769463829779 -0.492943306459144 0.398217862142622
-0.16560479688922 -0.493334399717164 0.398757931847485
-0.162436551047668 -0.493720944615679 0.399268816134432
-0.159265131946343 -0.494102895131995 0.399750734656012
-0.156090944866521 -0.494480205297411 0.400203903946168
-0.152914394943133 -0.494852828899867 0.40062853903128
-0.149735887185911 -0.495220719481513 0.40102485344215
-0.146555826481864 -0.495583830417568 0.401393058866229
-0.143374617636899 -0.495942114625958 0.401733365440866
-0.140192665411389 -0.496295524900426 0.402045982133591
-0.137010373780819 -0.496644013735824 0.40233111009719
-0.133828146701433 -0.496987533368882 0.402588949041704
-0.130646388131318 -0.4973260357757 0.402819697245713
-0.127465502051488 -0.497659472669227 0.403023551567609
-0.124285892445174 -0.497987795569845 0.403200707017021
-0.121107963370685 -0.498310955623226 0.403351357134189
-0.117932119013849 -0.498628903870538 0.40347569422677
-0.114758763566498 -0.498941591126032 0.403573907363262
-0.111588301282559 -0.499248967723576 0.403646182778789
-0.10842113656576 -0.499550983718484 0.403692705347784
-0.105257673990754 -0.499847588884894 0.40371365859486
-0.102098318324285 -0.50013873271314 0.403709224705648
-0.0989434746743953 -0.500424365060442 0.403679583112703
-0.0957935483835807 -0.500704435494924 0.403624911927438
-0.0926489450500152 -0.500978893292957 0.403545387947077
-0.0895100706203677 -0.501247686845908 0.403441179930563
-0.0863773313394771 -0.501510764248016 0.403312455340084
-0.0832511337716162 -0.501768073293671 0.403159380351572
-0.080131884821792 -0.502019561474688 0.402982119865057
-0.0770199917972544 -0.502265176322374 0.402780837410586
-0.073915862452158 -0.502504865048205 0.402555694730939
-0.0708199049452876 -0.502738574552784 0.402306852316832
-0.0677325280012294 -0.502966251222729 0.402034467444222
-0.0646541409097867 -0.503187840934318 0.401738694819878
-0.0615851534296243 -0.503403289244512 0.401419687923261
-0.0585259758097859 -0.503612541388107 0.401077599015988
-0.0554770188535215 -0.503815542478272 0.400712578884823
-0.0524386939431247 -0.504012237230956 0.400324776537873
-0.0494114130157152 -0.504202570031269 0.399914339787475
-0.0463955885847238 -0.504386484930557 0.399481415256321
-0.0433916345788606 -0.504563924745337 0.399026142080921
-0.0403999655464896 -0.504734831952426 0.398548658223525
-0.0374209966774909 -0.504899148685925 0.398049100481348
-0.0344551438184243 -0.505056816771198 0.397527604128178
-0.0315028235009843 -0.505207777684809 0.396984303287917
-0.0285644530447911 -0.505351972450063 0.396419330366607
-0.0256404504981044 -0.50548934173528 0.395832816632082
-0.0227312346596323 -0.505619825850671 0.395224892219694
-0.0198372263223274 -0.505743363758279 0.394595680301401
-0.0169588470736981 -0.505859894055704 0.393945302930598
-0.0140965191899575 -0.505969354999556 0.393273881486046
-0.0112506659434129 -0.506071684395725 0.392581535649727
-0.00842171146751608 -0.506166819675936 0.39186838400534
-0.005610080862268 -0.506254697863786 0.391134543570929
-0.00281620013322714 -0.506335255602104 0.39038013027734
-4.04964509226335e-05 -0.506408428993106 0.389605258132448
0.0027166015832123 -0.506474153388605 0.388810038260452
0.00545466439493925 -0.506532363749563 0.387994580716172
0.00817326155579146 -0.506582994676234 0.387158995065204
0.0108719614415719 -0.506625980249619 0.386303389240056
0.0135503313874614 -0.506661254149568 0.385427870121389
0.016207937665356 -0.506688749651295 0.38453254354325
0.0188443447548514 -0.506708399472452 0.383617512378916
0.0214591160266828 -0.506720135919013 0.382682878465527
0.0240518137198125 -0.506723890881709 0.381728742609285
0.0266219982078458 -0.506719595061661 0.380755202643733
0.0291692286865481 -0.50670717873753 0.379762355381643
0.0316930629990577 -0.506686571696318 0.378750296161094
0.0341930577642973 -0.506657703295229 0.377719119309386
0.0366687681696126 -0.506620502409532 0.376668917768802
0.0391197480466483 -0.506574897507334 0.375599783229311
0.0415455499325654 -0.506520816615747 0.374511806385491
0.0439457254155659 -0.506458187325384 0.373405077834885
0.0463198247424524 -0.506386936778271 0.37227968718843
0.0486673967952238 -0.506306991664006 0.371135723074053
0.0509879883160728 -0.506218277779427 0.369973271638547
0.0532811441214596 -0.506120720429124 0.368792417130201
0.0555464075913621 -0.506014244453603 0.367593242828475
0.0577833212336478 -0.505898774214596 0.366375832118188
0.0599914260159264 -0.50577423362861 0.365140267323174
0.0621702613970809 -0.505640546136155 0.363886629811586
0.0643193653031441 -0.505497634697721 0.362614999999782
0.0664382741030572 -0.505345421789739 0.361325457356199
0.0685251891837159 -0.505185103921039 0.360018641369442
0.0705783102046944 -0.505017877216079 0.358695190503332
0.072595834952583 -0.504844936498288 0.357355742399453
0.0745759593482604 -0.504667476291184 0.356000933856888
0.0765168774341544 -0.504486690898006 0.354631400937886
0.0784167811968011 -0.50430377444745 0.353247778930039
0.080273860471575 -0.504119920956327 0.35185070238025
0.0820863029944873 -0.50393632446622 0.350440805347988
0.0838522951892275 -0.50375417890899 0.349018722600233
0.0855700210421003 -0.503574678292574 0.347585088264363
0.0872376620573984 -0.503399016794 0.346140535933901
0.0888533971109651 -0.503228388791697 0.344685698629249
0.0904154023543361 -0.503063988928161 0.343221208831233
0.0919218522998014 -0.502907012276901 0.341747699764537
0.0933709198374053 -0.502758654128825 0.340265805581113
0.0947607748441869 -0.502620110227026 0.338776159995102
0.0960895840879011 -0.502492576829532 0.337279396316351
0.0973555111305524 -0.502377250772082 0.335776147483885
0.0985567164824799 -0.502275329499791 0.334267046318108
0.0996913588735526 -0.502188011066961 0.332752726665656
0.100757595623362 -0.50211649387787 0.331233823708403
0.101753580458378 -0.502061977165904 0.329710972391757
0.102677463414635 -0.502025661056483 0.328184807458589
0.103527390740207 -0.502008746630044 0.326655963483129
0.104301506653343 -0.502012435857284 0.32512507601843
0.104997954182929 -0.502037930560504 0.323592781940713
0.105614873095996 -0.502086433552667 0.322059718475771
0.106150398980512 -0.502159148854041 0.320526522816124
0.106602669827548 -0.502257279921231 0.318993834614024
0.106969819253699 -0.50238203154451 0.317462293556414
0.107249987874923 -0.502534605453565 0.315932542242668
0.107441313990965 -0.502716204374363 0.314405223812958
0.107541938606079 -0.502928029631621 0.312880982230081
0.107550199789698 -0.5031711836052 0.311360464015877
0.107464954009915 -0.503446568129425 0.309844303863778
0.107286508685542 -0.503754480941143 0.308333009816883
0.107017330986939 -0.504094171399012 0.306826717066538
0.106660658644164 -0.504464532922274 0.305325370899813
0.106219975131291 -0.504864349646489 0.303828837084266
0.105698939215631 -0.505292341666992 0.302336916296465
0.105101225207492 -0.505747221647115 0.300849400542023
0.104430507789628 -0.50622770231247 0.299366080145441
0.103690461817714 -0.506732496636536 0.297886743658409
0.102884758503294 -0.507260318868616 0.296411179850691
0.102017065607336 -0.507809884466371 0.294939177699268
0.101091047280056 -0.508379909278006 0.293470526318219
0.100110364606878 -0.508969110225295 0.292005015006305
0.0990786758006909 -0.509576205236257 0.290542433235298
0.0979996363939611 -0.510199913177877 0.289082570638316
0.0968768994307394 -0.510838953788884 0.287625216998191
0.095714114989003 -0.511492046910159 0.286170162443528
0.0945149310420095 -0.512157913119972 0.284717197229497
0.0932829936500004 -0.512835273666841 0.283266111726304
0.0920219471518189 -0.513522850402428 0.281816696407703
0.0907354343564505 -0.51421936571447 0.280368741839526
0.0894270957914992 -0.514923541792595 0.278922039193612
0.0881005708374926 -0.51563410122841 0.277476379710866
0.0867594979191372 -0.516349766948477 0.27603155468971
0.085407514696523 -0.517069262147303 0.274587355474543
0.0840482582563018 -0.517791310220336 0.273143573444228
0.0826853653028478 -0.518514634696984 0.271700000000599
