-0.157314635052955 -0.337914634738283 0.520000000209611
-0.159803603094911 -0.340717481054798 0.519060840883204
-0.16229198293638 -0.34351932296455 0.518121220324481
-0.164779186386047 -0.346319155950751 0.51718067726987
-0.167264625191353 -0.349115975391184 0.516238750407301
-0.169747711007573 -0.351908776505523 0.515294978351828
-0.172227855366804 -0.354696554302623 0.514348899621103
-0.174704469418113 -0.357478303668119 0.513400052450277
-0.177176944789879 -0.360253022359256 0.512447933225264
-0.179644672893295 -0.363019707764207 0.511492038158983
-0.182107044890467 -0.365777356849467 0.51053186326556
-0.184563455474799 -0.368524972766347 0.509566929848726
-0.18701329902508 -0.371261558107414 0.508596758843276
-0.189455969887566 -0.373986114737692 0.507620871884669
-0.191890862032598 -0.376697643891436 0.506638790310459
-0.194317368949891 -0.379395146004637 0.505650034473486
-0.196734884074338 -0.382077620766128 0.504654125405618
-0.199142800835048 -0.384744066751947 0.503650583913959
-0.201540512235272 -0.387393481588501 0.502638930312332
-0.203927410429898 -0.390024862050864 0.50161868384256
-0.206302888493488 -0.392637202921059 0.500589363995862
-0.208666338902017 -0.395229497982778 0.499550489788735
-0.211017153501062 -0.397800739968667 0.498501579737753
-0.213354723989716 -0.400349920036698 0.497442151964656
-0.215678441442245 -0.402876028056767 0.496371723837987
-0.217987695814701 -0.405378051560963 0.495289808916204
-0.220281877126188 -0.407854976523873 0.494195921206353
-0.222560374605758 -0.410305787604612 0.493089574088822
-0.22482257718411 -0.412729467586065 0.491970280257653
-0.227067872937438 -0.415124997829179 0.490837551728554
-0.229295649277774 -0.417491357596497 0.489690898918555
-0.231505292307639 -0.419827523722712 0.488529829056105
-0.233696188041782 -0.422132471111802 0.487353849532897
-0.235867721975844 -0.424405172492114 0.486162466704008
-0.238019278590233 -0.426644598902235 0.484955186117855
-0.240150241317562 -0.42884971963707 0.483731512489882
-0.242259992728073 -0.431019501486605 0.482490948734833
-0.244347914490111 -0.43315290897142 0.481232996494615
-0.246413388533575 -0.435248903173641 0.479957156098699
-0.24845579594679 -0.437306442601268 0.478662926483301
-0.250474516608195 -0.439324483747486 0.477349805621363
-0.252468929153791 -0.441301981035847 0.47601729049603
-0.254438410944619 -0.443237886765432 0.474664877074273
-0.25638233822591 -0.445131150255449 0.473292059337981
-0.258300086280647 -0.446980717875113 0.471898329807917
-0.260191029905842 -0.448785533333647 0.470483180627413
-0.262054542430878 -0.450544535516154 0.469046099556186
-0.263889995746191 -0.452256660907262 0.46758657320473
-0.265696760270369 -0.453920843535118 0.466104087007203
-0.267474204917249 -0.455536014915328 0.464598125194445
-0.269221697699828 -0.457101102985722 0.463068170422424
-0.270938605060181 -0.458615033059607 0.461513704089702
-0.272624293938036 -0.460076725195574 0.459934205974366
-0.274278129635662 -0.461485096715049 0.458329154542631
-0.275899475784533 -0.462839062145427 0.456698026921413
-0.277487694324258 -0.464137532372332 0.455040298231627
-0.279042145456845 -0.465379415372834 0.453355442199778
-0.280562188709131 -0.46656361244162 0.451642929380264
-0.282047181803482 -0.467689021849972 0.449902228877882
-0.283496481632375 -0.468754538526971 0.448132808971068
-0.284909443216349 -0.469759054262714 0.446334136432856
-0.286285419669978 -0.470701457650032 0.444505676502687
-0.287623762167757 -0.471580634026024 0.442646892858116
-0.288923819909993 -0.472395465413543 0.440757247586561
-0.290184940088745 -0.473144830462614 0.438836201157089
-0.291406467853806 -0.473827604391761 0.436883212392202
-0.292587746278601 -0.47444265892913 0.434897738439545
-0.293728120562775 -0.474988859135357 0.432879236380357
-0.294826933760657 -0.475465066461765 0.430827161563951
-0.295883526626355 -0.475870137483621 0.428740967204134
-0.296897237699223 -0.476202925046705 0.426620104725339
-0.297867402985917 -0.476462277304415 0.424464023441757
-0.298793356209619 -0.47664703856005 0.422272170820829
-0.299674430089452 -0.476756049159742 0.420043993065284
-0.300509954991815 -0.476788145477941 0.417778934473141
-0.301299258895305 -0.476742159856275 0.415476437408448
-0.302041667355295 -0.476616920542133 0.413135942271853
-0.302736505145331 -0.476411251693625 0.410756887990015
-0.303383094543789 -0.476123973251061 0.408338711467072
-0.303980754688088 -0.475753900028837 0.405880847472842
-0.304528802149688 -0.475299842499336 0.403382728695557
-0.305026556927812 -0.47476060434249 0.400843787501244
-0.305473336385411 -0.474134984771131 0.398263454115059
-0.30586845521302 -0.473421778467844 0.395641156591324
-0.306211225392232 -0.472619775521465 0.392976320783434
-0.306500960464042 -0.471727759925793 0.390268371410895
-0.306736971080833 -0.470744509967417 0.387516731236221
-0.30691856795474 -0.46966879882905 0.384720821066065
-0.307045060005379 -0.468499393918373 0.381880059771411
-0.307115753263364 -0.467235057728464 0.378993863870724
-0.307129950833291 -0.465874547773218 0.376061647499211
-0.307086960947318 -0.464416612818659 0.373082824196586
-0.306986088244311 -0.462859995914193 0.370056805333405
-0.306826634699088 -0.461203434580226 0.366982999949005
-0.306607900317941 -0.459445660432323 0.363860814858536
-0.306332887634452 -0.457596565920075 0.360693786421374
-0.306004596734285 -0.455666038400476 0.357485448824162
-0.305626024910117 -0.453663960959035 0.354239334086397
-0.305200166150153 -0.451600213384767 0.350958972034983
-0.304730021821998 -0.449484669362991 0.347647891285512
-0.304218586363537 -0.447327198861905 0.344309620256616
-0.303668850948743 -0.445137670159013 0.340947685648981
-0.303083804744379 -0.44292594984955 0.337565612921736
-0.30246643951452 -0.440701905403407 0.334166924606598
-0.301819745138498 -0.4384754011294 0.330755143914158
-0.301146708501766 -0.436256301032583 0.327333793595513
-0.300450315388867 -0.434054469985083 0.323906395563159
-0.299733550359605 -0.431879773764008 0.320476471412156
-0.298999396132302 -0.429742079173591 0.317047542969988
-0.298250834928391 -0.427651254202199 0.313623132538816
-0.297490848213566 -0.425617169294947 0.310206762657912
-0.296722415892089 -0.423649697511303 0.306801956756076
-0.295948517424661 -0.421758715402953 0.303412238868821
-0.295172130344405 -0.41995410184922 0.300041135115012
-0.294396231806153 -0.41824574037908 0.29669217258207
-0.293623798989669 -0.416643519568537 0.293368879518714
-0.292857808227178 -0.415157333250322 0.290074785926596
-0.292101235216552 -0.413797081137467 0.286813423645661
-0.291357055930747 -0.412572668893826 0.283588326612597
-0.290628246623744 -0.411494009397237 0.280403030693293
-0.289917783463882 -0.410571023089755 0.277261074068254
-0.289228634717012 -0.409813634913716 0.274166000034864
-0.288563769765864 -0.409231778496126 0.271121354348998
-0.287923930519819 -0.408816942935993 0.268127312397128
-0.287309857761686 -0.408560626321685 0.265184052583998
-0.286722292822136 -0.408454334004924 0.262291756319959
-0.286161977784353 -0.408489579370942 0.259450607816605
-0.28562965301274 -0.408657882219676 0.256660794677843
-0.285126060855893 -0.408950770036412 0.253922507180384
-0.284651940488593 -0.409359775792158 0.251235938868922
-0.284208031109904 -0.409876438035163 0.248601286177551
-0.283795065517165 -0.410492301005639 0.24601874957609
-0.283413774715828 -0.411198913342582 0.243488532762903
-0.283064886629163 -0.411987828233025 0.241010842919981
-0.282749130880085 -0.412850603179773 0.238585889983735
-0.282467233644583 -0.413778799254264 0.236213887291361
-0.282219913160877 -0.414763984362999 0.233895053212129
-0.282007873505436 -0.415797732154618 0.231629611924766
-0.281831819734133 -0.416871619231016 0.229417790654197
-0.281692456204646 -0.417977225663323 0.227259820264189
-0.28159048931912 -0.419106133152199 0.225155934402724
-0.281526627441392 -0.420249924620088 0.223106369553737
-0.281501579106926 -0.421400183520898 0.221111364998138
-0.281516052436079 -0.422548494114587 0.219171163234835
-0.28157075733574 -0.42368644076819 0.217286009785391
-0.28166640460583 -0.424805607693503 0.215456153306092
-0.281803706763986 -0.425897578007666 0.213681845247142
-0.281983376649737 -0.426953933095572 0.211963339678637
-0.282206128830836 -0.427966252464283 0.210300893571827
-0.282472679155597 -0.428926113343282 0.208694766708613
-0.282783743983923 -0.429825089843847 0.207145221368414
-0.283140038134484 -0.430654753333672 0.205652522463167
-0.283542275066329 -0.431406670673987 0.204216936575563
-0.283991170647959 -0.432072404648918 0.202838733282575
-0.284487441804253 -0.43264351376532 0.201518184838067
-0.28503180210417 -0.433111550267137 0.200255563968356
-0.28562496677032 -0.433468060586764 0.199051145956519
-0.286267652189342 -0.433704585423012 0.197905208554564
-0.28696057734471 -0.433812659182907 0.196818032581143
-0.28770446344457 -0.433783809298148 0.195789901674469
-0.288500031372804 -0.433609555923011 0.19482110062598
-0.289348004723533 -0.433281411587188 0.193911917338805
-0.290249109838622 -0.432790880750657 0.193062642842789
-0.291204075845262 -0.432129459358089 0.192273571309574
-0.292213634693616 -0.431288634392808 0.191545000067724
-0.29327852060366 -0.430259883368988 0.190877228956985
-0.294399637703982 -0.429062635534278 0.190264514662945
-0.295577893071729 -0.427716311301021 0.189701116759533
-0.296814196804749 -0.426240323506854 0.189181296848715
-0.298109455717467 -0.424654075320982 0.18869931190481
-0.299464579785876 -0.422976964380068 0.188249420244174
-0.300880480490897 -0.421228382723035 0.187825879935384
-0.302358071738232 -0.419427718802711 0.187422947161608
-0.303898271503115 -0.417594359428392 0.18703487764491
-0.305502002018273 -0.415747690533602 0.186655927298691
-0.307170188846996 -0.413907097353639 0.18628035251383
-0.308903760931672 -0.412091965442085 0.185902409857533
-0.310703650626486 -0.410321681786308 0.185516355192795
-0.312570793633944 -0.408615635628839 0.185116443778747
-0.314506129182816 -0.406993219580739 0.184696930147555
-0.316510599902319 -0.405473830789008 0.184252066445394
-0.318585152089202 -0.404076871979852 0.18377610311376
-0.320730735661155 -0.402821752243153 0.183263288742286
-0.322948304260474 -0.401727888106556 0.182707869988029
-0.325238815304059 -0.400814704553607 0.182104091273806
-0.327603230033611 -0.400101636042451 0.181446194486387
-0.330042513565489 -0.399608127461764 0.18072841866837
-0.332557634941922 -0.399353635213597 0.179944999722299
-0.33514956718189 -0.399357628233421 0.179090170108458
-0.33779735723055 -0.399592796242262 0.17818371291376
-0.340480054891185 -0.400031841439035 0.177245408386933
-0.343176711868096 -0.400647476846149 0.176295035337926
-0.345866380357489 -0.401412425337377 0.175352371597366
-0.348528112173067 -0.402299417658367 0.174437195331216
-0.351140957664244 -0.40328119095408 0.17356928614799
-0.353683964617708 -0.4043304873393 0.172768426136205
-0.356136177121881 -0.405420052488188 0.172054400797616
-0.358476634444994 -0.406522634396946 0.171447000245372
-0.360684370091772 -0.407610981515307 0.170966020065043
-0.362760867682071 -0.40868533727275 0.170608975951274
-0.364707603608704 -0.409745945030703 0.170373390130282
-0.366526047460938 -0.410793047430022 0.170256791199328
-0.368217662202635 -0.411826886198184 0.170256714151768
-0.369783904147974 -0.412847702366978 0.170370700092976
-0.371226223037787 -0.41385573628512 0.170596296111321
-0.372546062115491 -0.41485122763098 0.170931055149456
-0.373744858235013 -0.415834415298352 0.1713725361624
-0.37482404163101 -0.416805537604241 0.171918304334117
-0.375785036266596 -0.417764832233114 0.172565930318497
-0.376629259908 -0.418712536249305 0.173312990111852
-0.377358124198894 -0.419648886109376 0.174157064925694
-0.377973034734379 -0.420574117674433 0.1750957410598
-0.378475390913661 -0.421488466365117 0.176126609800581
-0.378866586234105 -0.42239216703125 0.177247267269606
-0.379148008364052 -0.423285453964145 0.178455314297408
-0.379321038946484 -0.42416856107776 0.179748356248219
-0.37938705413971 -0.425041721699246 0.181124002971708
-0.379347426141618 -0.425905169243211 0.182579868207476
-0.37920352161037 -0.42675913661506 0.184113569901474
-0.378956701953393 -0.427603855759581 0.185722730354555
-0.378608323621674 -0.428439557478601 0.187404976307472
-0.37815973805071 -0.429266472429831 0.189157938304434
-0.377612292257602 -0.430084830924548 0.190979250717949
-0.376967326961648 -0.43089486338455 0.19286655094789
-0.376226177768188 -0.43169679979476 0.194817479853534
-0.375390175797323 -0.432490869241514 0.196829682023013
-0.374460648172181 -0.433277300491569 0.198900805637908
-0.37343891769571 -0.43405632209749 0.201028502133591
-0.372326302335167 -0.43482816222339 0.203210425910585
-0.371124116807987 -0.435593048025104 0.205444235081806
-0.369833671870311 -0.436351205957702 0.20772759102382
-0.368456277805206 -0.437102862782576 0.210058159614192
-0.366993240335916 -0.437848244920402 0.212433609204603
-0.365445860694064 -0.438587578462865 0.214851610498451
-0.363815444643799 -0.439321089118397 0.217309842125698
-0.362103294268616 -0.440049001818677 0.219805985360176
-0.360310708284167 -0.440771541355031 0.222337723984554
-0.358438982148532 -0.441488932135491 0.224902744313873
-0.356489410708322 -0.442201398209972 0.227498736992611
-0.354463285448339 -0.442909163815373 0.230123394689916
-0.352361897496826 -0.443612452407615 0.232774414558849
-0.350186534961499 -0.444311487535645 0.235449495740056
-0.34793848242749 -0.445006492309485 0.238146339033572
-0.34561902066719 -0.445697689628023 0.240862646378147
-0.343229429435864 -0.446385304261398 0.243596122558889
-0.340770988758681 -0.44706956019146 0.246344476781987
-0.338244975049587 -0.447750681223298 0.249105419031443
-0.335652661694373 -0.448428891739705 0.251876660292059
-0.332995321922844 -0.449104415260214 0.254655915264903
-0.330274225554206 -0.449777475163554 0.257440899068942
-0.32749064606215 -0.450448295487224 0.260229333766525
-0.324645854404228 -0.451117097653774 0.263018942801247
-0.321741122533833 -0.451784104472909 0.265807453549691
-0.318777720390467 -0.452449538549706 0.268592594462887
-0.315756915527381 -0.453113622228885 0.271372094507124
-0.312679974864991 -0.453776578561582 0.274143684642224
-0.309548162698151 -0.454438631370719 0.276905095521389
-0.306362740612527 -0.455100004393048 0.279654057401278
-0.303124967879888 -0.455760921250114 0.282388300508896
-0.299836101026527 -0.456421605539654 0.285105554298641
-0.296497397857959 -0.457082284276894 0.287803551014452
-0.293110113634596 -0.457743184473206 0.290480022007687
-0.289675501069115 -0.458404533152048 0.293132697500639
-0.286194810392258 -0.459066557360992 0.295759306467783
-0.282669290826201 -0.45972948652106 0.298357577962577
-0.279100189242412 -0.460393550101252 0.300925239552967
-0.275488750338013 -0.461058977645496 0.303460017303186
-0.271836216590148 -0.461725998769936 0.305959635553921
-0.268143828321228 -0.462394843175287 0.30842181680321
-0.264412824034387 -0.463065741529066 0.31084428166077
-0.260644440264009 -0.463738924645742 0.313224748777213
-0.256839911584813 -0.46441462346059 0.315560934602771
-0.25300047105923 -0.465093069118506 0.317850553960122
-0.249127350131361 -0.465774493764377 0.320091319233254
-0.245221778479244 -0.466459129699744 0.322280940245766
-0.241284984159132 -0.467147209404693 0.324417124171413
-0.237318193590215 -0.467838965540084 0.32649757538343
-0.233322634705538 -0.468534634699871 0.328519999971718
-0.229299534343056 -0.46923445334509 0.330482101997024
-0.2252498456208 -0.469938028174144 0.332384661770595
-0.22117452026368 -0.470644966083911 0.334228456484543
-0.21707450987444 -0.471354876256479 0.336014262309429
-0.212950765172553 -0.472067368311582 0.337742853044361
-0.208804236389768 -0.472782051393687 0.339415001538001
-0.204635872563375 -0.473498534762299 0.3410314776813
-0.200446622658751 -0.474216429808976 0.342593050730412
-0.196237434858242 -0.474935348325095 0.344100487787503
-0.192009256640099 -0.475654901916494 0.345554554228533
-0.187763034463206 -0.476374702285485 0.346956012501282
-0.183499713852078 -0.477094361922596 0.348305622049785
-0.179220239976705 -0.477813493492547 0.349604140983873
-0.174925557470248 -0.47853170995137 0.350852325476946
-0.170616610678105 -0.479248624089183 0.352050930740937
-0.166294343151251 -0.479963849325671 0.353200709001868
-0.161959698198419 -0.480676999212874 0.354302411377053
-0.157613618479748 -0.481387687193768 0.355356786463634
-0.15325704711704 -0.482095527209126 0.356364583882325
-0.148890926440367 -0.48280013437655 0.357326549030608
-0.14451619865059 -0.483501123940598 0.358243426314544
-0.140133805497446 -0.484198110955524 0.359115957775699
-0.135744688512727 -0.484890710618891 0.359944883789371
-0.131349788924962 -0.485578539692351 0.360730941818282
-0.126950047936599 -0.48626121507266 0.361474868369818
-0.122546406496383 -0.486938353385555 0.362177397741506
-0.11813980534865 -0.487609570965611 0.362839262059288
-0.113731185520859 -0.488274486210639 0.363461193037658
-0.10932148817102 -0.488932718134967 0.364043921575219
-0.104911654400693 -0.489583885401443 0.364588176514066
-0.100502625304375 -0.490227606301553 0.365094684678344
-0.0960953420188738 -0.490863498735486 0.365564170912591
-0.0916907470807321 -0.491491184443197 0.365997363277249
-0.0872897831430418 -0.492110284769325 0.366394987414102
-0.0828933930492782 -0.492720420607233 0.366757767098632
-0.078502519882736 -0.493321212379129 0.367086424277886
-0.0741181069405498 -0.493912280049064 0.367381677991176
-0.0697410990052698 -0.494493246291058 0.367644251634748
-0.0653724412478753 -0.49506373324865 0.367874866890847
-0.061013079277306 -0.49562336251506 0.368074243765242
-0.0566639591900039 -0.496171755113288 0.368243100624576
-0.0523260277345287 -0.496708532481736 0.368382152682803
-0.0480002323685958 -0.497233315842571 0.368492114734759
-0.0436875211864342 -0.497745725788207 0.36857370004934
-0.0393888429684694 -0.498245382261394 0.368627620406296
-0.0351051471209456 -0.498731904635224 0.368654584088721
-0.0308373837992643 -0.499204911655444 0.368655298086385
-0.0265865041033319 -0.499664021626635 0.368630469342919
-0.0223534600185167 -0.500108852124039 0.368580803462033
-0.0181392044655364 -0.50053901997335 0.368507004743716
-0.0139446914336001 -0.500954140914931 0.368409773664986
-0.00977087594722326 -0.501353829899582 0.368289809473293
-0.00561871432954175 -0.501737701681637 0.368147812865945
-0.00148916403928334 -0.502105370185516 0.367984483384361
0.00261681627897825 -0.502456448485183 0.367800519449773
0.00669826663374584 -0.502790548139756 0.367596615499666
0.0107542257836276 -0.503107279816542 0.367373464735581
0.0147837313127941 -0.503406253759162 0.367131761689994
0.0187858194180972 -0.503687079279687 0.366872199922001
0.0227595248584621 -0.503949364737819 0.366595472052689
0.0267038807905603 -0.504192716788085 0.366302266790897
0.0306179188616104 -0.504416741109511 0.365993271892909
0.0345006692406021 -0.504621042458025 0.365669175408725
0.0383511604563825 -0.504805224640336 0.365330664626922
0.0421684193460007 -0.504968890407614 0.364978426078767
0.0459514709000277 -0.505111641014742 0.364613144188062
0.0496993383159364 -0.505233076658767 0.364235502562885
0.0534110429087834 -0.505332796425358 0.363846184133479
0.0570856042131054 -0.505410398302407 0.363445872388255
0.060722039811087 -0.505465479160895 0.363035250225776
0.064319365285409 -0.505497634690198 0.36261500000199
0.0678765939737608 -0.505506458899756 0.362185802139044
0.0713941415393581 -0.5054921973289 0.361747763390823
0.0748724215645074 -0.50545509430621 0.361300990046744
0.0783118457275898 -0.505395392967144 0.360845589181071
0.0817128236972693 -0.505313335264571 0.360381667392166
0.0850757629274795 -0.505209161388922 0.359909329311152
0.0884010688771963 -0.505083110370695 0.359428679125999
0.0916891450196469 -0.504935420146982 0.358939820647856
0.0949403928178302 -0.504766327520374 0.358442857082084
0.0981552120250097 -0.504576068136698 0.357937892521892
0.10133400048418 -0.504364876531773 0.357425030640369
0.10447715414679 -0.504132986051069 0.356904374632923
0.107585066778413 -0.503880628270553 0.356376025756837
0.110658130292697 -0.503608033784871 0.355840084944855
0.113696734752155 -0.503315432064438 0.355296652494849
0.116701268412434 -0.503003051530993 0.354745828311804
0.119672117974047 -0.502671119466874 0.354187713221728
0.122609668371301 -0.50231986212955 0.353622407668406
0.12551430276992 -0.501949504532102 0.353050011619835
0.128386401844194 -0.501560269316175 0.35247062173351
0.131226344562154 -0.501152378133806 0.35188433429928
0.134034508205587 -0.500726051659211 0.351291245244933
0.136811268266846 -0.500281509450703 0.350691449800326
0.139556998844224 -0.499818969998345 0.350085044061043
0.142272072409127 -0.499338650849316 0.349472123776562
0.144956859801565 -0.498840768519838 0.348852784178523
0.147611729351288 -0.49832553648612 0.348227117385403
0.150237047819083 -0.497793167315062 0.347595215183624
0.152833180416116 -0.497243872675484 0.34695716903268
0.155400490635809 -0.496677863055763 0.346313069548406
0.157939340753415 -0.496095348100134 0.345663008102124
0.160450091552092 -0.495496536588325 0.345007075753356
0.162933102341778 -0.494881636446555 0.344345363254515
0.165388730846519 -0.494250854587776 0.343677960771312
0.167817333354544 -0.493604397092962 0.343004958171566
0.170219263463257 -0.49294246696275 0.342326442558738
0.172594873371674 -0.492265266387429 0.34164250074827
0.174944514139953 -0.491572996850212 0.340953220056121
0.177268535164552 -0.490865858641619 0.34025868692972
0.179567284498711 -0.490144051273499 0.339558987542167
0.181841108870637 -0.489407773489376 0.338854207796604
0.184090353478459 -0.488657223032728 0.338144432938526
0.186315362231708 -0.487892596899702 0.33742974795275
0.188516477933877 -0.487114091409638 0.336710237975665
0.190694041562352 -0.486321901495476 0.335985986876349
0.192848392708259 -0.485516220984389 0.335257078307948
0.194979869745727 -0.484697242996973 0.334523595680871
0.197088809849617 -0.483865159957347 0.333785622167178
0.199175548663015 -0.483020163200497 0.333043240222235
0.201240420378217 -0.482162443102464 0.33229653154974
0.203283758088768 -0.481292189375578 0.331545577698465
0.205305893759557 -0.480409591076018 0.330790459996563
0.207307158244188 -0.479514836613644 0.330031259555869
0.209287881302249 -0.47860811376176 0.329268057276122
0.211248389846135 -0.477689607652431 0.328500931669335
0.21318900972857 -0.476759502800551 0.327729961043691
0.215110065759679 -0.475817983113444 0.326955223507632
0.217011881286171 -0.474865231574747 0.32617679623875
0.218894778317721 -0.473901430205817 0.325394755903448
0.22075907774446 -0.472926760415429 0.324609178781838
0.222605099481714 -0.471941403042868 0.32382014097068
0.224433162486694 -0.470945538367293 0.323027718387308
0.226243584190149 -0.469939345652897 0.322231985966935
0.228036680741237 -0.468923003332391 0.32143301802734
0.229812767380823 -0.467896689306486 0.320630888718434
0.231572157797418 -0.466860580557208 0.319825671052184
0.233315164515912 -0.465814853457533 0.319017437333453
0.235042099202387 -0.464759683876155 0.318206259710816
0.236753272373898 -0.463695246826463 0.317392209951838
0.238448993721188 -0.462621716835745 0.316575359675097
0.240129571554152 -0.461539267700314 0.31575577946002
0.241795312675664 -0.460448072576044 0.314933538463394
0.243446522737998 -0.459348304128455 0.314108705011095
0.245083506631703 -0.458240134573421 0.313281347294409
0.246706568501531 -0.457123735686019 0.312451533373579
0.248316010948597 -0.455999278402146 0.311619330120478
0.249912135400643 -0.454866933067023 0.310784803566564
0.251495240527098 -0.453726870331775 0.309948014872482
0.253065623978059 -0.452579260217809 0.309109024693781
0.254623582736908 -0.451424272350649 0.30826789357185
0.256169413136069 -0.450262075968946 0.307424681937336
0.257703409799595 -0.44909284109954 0.306579446490691
0.259225866820795 -0.447916737675734 0.305732243590041
0.26073707681538 -0.446733934854106 0.304883128540491
0.262237330798568 -0.445544601997029 0.304032153996633
0.263726918855179 -0.44434890839363 0.303179371509127
0.265206139173213 -0.443147033084034 0.302324834499554
0.266675289397065 -0.441939154784177 0.301468596298662
0.268134666173246 -0.440725451800557 0.30061070951015
0.269584565635811 -0.439506102133536 0.299751226652919
0.271025283422224 -0.438281283486753 0.298890200164182
0.272457112587545 -0.437051173143427 0.29802767885781
0.273880345234339 -0.435815948207058 0.29716371051996
0.275295273014742 -0.434575785512918 0.296298342861777
0.276702187145524 -0.433330861637369 0.295431623521206
0.27810137372483 -0.432081339810864 0.29456360949387
0.279493118094974 -0.430827383093768 0.293694356985535
0.280877702072308 -0.42956915405743 0.292823917510916
0.282255406805713 -0.428306815109065 0.291952341976569
0.283626512712523 -0.42704052916429 0.291079679553596
0.284991299757616 -0.425770459005679 0.290205979122908
0.286350047574554 -0.424496767216702 0.289331289511131
0.287703035480102 -0.423219616190693 0.288455659492563
0.289050542157673 -0.421939168995404 0.287579136058229
0.290392844191525 -0.420655586921144 0.286701765685795
0.291730217892529 -0.419369031093296 0.285823594807751
0.293062939228927 -0.418079662084044 0.284944670216967
0.294391283924692 -0.41678764031777 0.284065038665629
0.29571553031976 -0.41549312934455 0.283184746060431
0.297035955240153 -0.414196292992564 0.282303835885847
0.298352835310918 -0.412897294966766 0.281422351593654
0.29966644680317 -0.411596301441213 0.280540332586061
0.300977065816802 -0.410293478484184 0.279657818237984
0.302284968548657 -0.408988993709022 0.278774846006903
0.303590430930019 -0.407683015250049 0.277891452226522
0.3048937287761 -0.406375710790769 0.277007673739908
0.306195171118464 -0.405067269410072 0.276123565698399
0.307495067020548 -0.403757880277831 0.275239183152826
0.308793725450623 -0.402447732748395 0.274354580808148
0.310091455183935 -0.401137016293482 0.273469812971572
0.311388565282395 -0.399825920409867 0.272584934302132
0.312685365299943 -0.398514634700007 0.271699999994609
