-0.157314634948283 -0.33791463472638 0.520000000139807
-0.159925102942588 -0.340717512769585 0.519060521059785
-0.16253489960959 -0.343519386824302 0.518120576755329
-0.16514335362294 -0.346319252791972 0.517179701970952
-0.167749793586086 -0.349116106468604 0.516237431402383
-0.170353547997028 -0.351908943492131 0.515293299672226
-0.172953945213009 -0.354696759289753 0.514346841305495
-0.175550312290295 -0.357478549702419 0.513397589437484
-0.178141960843748 -0.360253312122583 0.512445043743512
-0.180728202240731 -0.363020043573782 0.511488703725335
-0.183308347565031 -0.365777740658115 0.510528068685286
-0.18588170972738 -0.368525406170236 0.509562663227407
-0.188447602459533 -0.371262042246144 0.508592013707064
-0.191005338812186 -0.373986650536766 0.507615645690881
-0.19355423140836 -0.376698232062239 0.50663308444632
-0.196093592297302 -0.379395787044329 0.505643854253835
-0.19862273337319 -0.382078314957202 0.504647480074258
-0.201140966417652 -0.38474481416212 0.50364348664491
-0.203647602673639 -0.387394282070001 0.502631398211592
-0.206141952174895 -0.390025714673303 0.501610735807652
-0.208623324956296 -0.392638106861454 0.500581021094731
-0.211091030372549 -0.395230452525494 0.49954177526061
-0.21354437757992 -0.397801744096558 0.498492519101951
-0.215982674981718 -0.400350972902042 0.497432772890586
-0.218405229614627 -0.402877127385517 0.496362050741797
-0.220811347689731 -0.40537919478116 0.495279866195547
-0.223200335312513 -0.407856160764657 0.494185733244764
-0.225571497690445 -0.410307009695989 0.493079165256635
-0.227924139549357 -0.412730724059108 0.491959674912536
-0.230257564849041 -0.415126284351207 0.490826773294088
-0.232571076071205 -0.417492668923448 0.489679968208476
-0.23486397465316 -0.419828854598243 0.488518766734342
-0.23713556173562 -0.422133816266801 0.487342676116625
-0.239385137724639 -0.424406526644892 0.486151202564411
-0.241612001872093 -0.426645956758291 0.48494385148096
-0.243815452423797 -0.428851075236391 0.483720126464882
-0.245994786573054 -0.431020848545959 0.482479529837363
-0.248149300027367 -0.433154240942868 0.481221562025995
-0.250278289378843 -0.435250212940058 0.479945723126955
-0.25238104988107 -0.437307723089774 0.478651512300206
-0.254456875412147 -0.439325727928907 0.477338427743038
-0.256505058437607 -0.441303181924257 0.476005966663561
-0.258524890117163 -0.443239036664954 0.474653624278093
-0.260515660451709 -0.445132240890981 0.473280894335362
-0.262476658753296 -0.446981740781459 0.471887270201792
-0.264407172502376 -0.448786477922636 0.470472240752817
-0.266306487580666 -0.450545391555229 0.469035293742155
-0.268173888233694 -0.45225741851869 0.467575915774738
-0.270008657033321 -0.453921493195393 0.466093592279748
-0.271810075418351 -0.455536546486835 0.464587807104713
-0.273577423078627 -0.457101506725601 0.463058042867407
-0.275309977971858 -0.458615298697683 0.461503780039374
-0.277007017062019 -0.460076844180263 0.459924498495576
-0.278667815439767 -0.461485061491605 0.458319676085179
-0.280291646295172 -0.462838866155251 0.456688789318548
-0.28187778186516 -0.464137167383187 0.455031311273016
-0.283425492409753 -0.465378871478382 0.453346713631807
-0.28493404617379 -0.466562881777486 0.45163446665635
-0.286402709348509 -0.467688098593343 0.449894039158474
-0.287830746935214 -0.468753418894288 0.448124899123143
-0.289217421804483 -0.469757736509323 0.446326513029792
-0.290561994657509 -0.470699942070096 0.444498345824279
-0.29186372398737 -0.471578922952659 0.44263986089078
-0.293121866040242 -0.472393563219081 0.440750520023666
-0.294335674776492 -0.473142743559043 0.438829783399373
-0.29550440281461 -0.473825339893645 0.436877109623403
-0.296627302199748 -0.474440221991137 0.434891955804731
-0.297703622573696 -0.474986256070643 0.432873777349336
-0.298732611135421 -0.475462304742543 0.430822027931532
-0.299713512276217 -0.475867226067778 0.428736159073645
-0.30064556786551 -0.476199874378626 0.426615620508829
-0.301528017211178 -0.476459100218494 0.424459860152212
-0.302360098264718 -0.476643750238757 0.422268324631053
-0.303141046336327 -0.476752667180974 0.420040458696553
-0.303870094054801 -0.476784689816137 0.417775705194638
-0.3045464713273 -0.476738652883673 0.415473505036625
-0.305169406914558 -0.47661338709437 0.413133297633767
-0.305738126774854 -0.476407719004872 0.41075452040396
-0.306251854023339 -0.476120470956016 0.408336608742285
-0.306709808891218 -0.475750461010942 0.405878995991445
-0.307111215339879 -0.475296496751561 0.403381115676132
-0.307455294365625 -0.474757381357306 0.400842399209269
-0.307741263959204 -0.474131913542182 0.398262275862195
-0.307968341499766 -0.473418887363444 0.395640173036347
-0.30813574127867 -0.472617092286048 0.392975515931585
-0.308242674457772 -0.471725313118636 0.390267727516036
-0.308288355985351 -0.47074232416451 0.387516230787645
-0.308271998622751 -0.469666893994369 0.384720446772564
-0.308192811878711 -0.468497786329584 0.381879794174207
-0.308050004670529 -0.467233759629095 0.378993689371623
-0.30784278268605 -0.465873566691356 0.376061546614924
-0.307570348048537 -0.46441595497871 0.373082777854288
-0.307231899460716 -0.462859666843557 0.370056792594452
-0.30682663467493 -0.461203434617264 0.366982999966336
-0.306353754294374 -0.459445984656486 0.36386080618934
-0.305816337277984 -0.457597204819394 0.360693752048843
-0.305217459201506 -0.455666978173024 0.357485375977377
-0.30456019241871 -0.453665183511901 0.354239214239954
-0.30384761115047 -0.451601694849238 0.35095880079563
-0.303082787177825 -0.449486382887928 0.347647667946884
-0.302268785250102 -0.447329114604719 0.344309347807203
-0.301408671226959 -0.44513975741144 0.340947367990881
-0.300505508551019 -0.442928177035643 0.337565254871078
-0.299562357567768 -0.440704239214738 0.334166533180936
-0.298582277884327 -0.438477808415934 0.330754726936194
-0.297568328202438 -0.436258750473795 0.32733335810127
-0.296523564706727 -0.434056931249541 0.323905948598404
-0.295451042620333 -0.431882217948889 0.320476019576661
-0.294353816134292 -0.429744478683469 0.317047092201573
-0.293234936762199 -0.427653582982709 0.313622688548643
-0.292097454882002 -0.425619402831123 0.310206330930819
-0.290944419054809 -0.423651812826448 0.306801542550991
-0.289778877025919 -0.421760691057149 0.303411847218962
-0.288603874796178 -0.419955917939665 0.300040770827156
-0.287422457769728 -0.41824737853768 0.296691840236229
-0.286237671014056 -0.416644962960367 0.293368583468438
-0.28505255855748 -0.415158566572046 0.290074530299208
-0.283870164348418 -0.413798090132046 0.28681321233646
-0.2826935317105 -0.412573440833967 0.283588163290693
-0.281525704095791 -0.411494533083524 0.280402918801111
-0.280369725417926 -0.410571288929436 0.277261016594184
-0.279228634699859 -0.409813634849316 0.274166000025559
-0.278105471149974 -0.40923150598931 0.271121415161263
-0.277002879635633 -0.408816395034474 0.268127436629332
-0.275923505888518 -0.408559803442857 0.26518424178513
-0.274869994839488 -0.408453239111436 0.26229201169588
-0.273844992413216 -0.408488217970419 0.259450930230157
-0.272851143930843 -0.408656262695698 0.256661184637453
-0.271891096964423 -0.408948903801704 0.253922964746868
-0.270967500858566 -0.409357678336324 0.251236463089269
-0.270083003945823 -0.409874128477914 0.248601875707549
-0.269240256355246 -0.410489802230795 0.246019401462425
-0.268441909246034 -0.411196252270467 0.243489242252911
-0.267690606447361 -0.411985030712854 0.241011604361439
-0.266988994698608 -0.412847694048242 0.238586696694667
-0.266339720960271 -0.413775805144398 0.236214732498639
-0.265745435097142 -0.414760930595428 0.233895927878045
-0.265208776518635 -0.415794642213902 0.231630506221917
-0.264732385366299 -0.416868514184568 0.22941869417154
-0.264318902191001 -0.417974125231655 0.227260723144679
-0.263970969978121 -0.419103056260051 0.225156827786065
-0.263691235150762 -0.420246889398174 0.223107245576073
-0.263482347902685 -0.421397207663909 0.221112216859942
-0.263346959627126 -0.422545594336637 0.219171985040864
-0.263287725004864 -0.423683632720712 0.217286796555887
-0.263307301927643 -0.424802905965435 0.215456900976995
-0.263408352420363 -0.425894996236349 0.213682550775518
-0.263593539950253 -0.426951483393001 0.211964000627659
-0.263865532342861 -0.427963945419003 0.210301508111075
-0.264227001975909 -0.428923957989319 0.208695333742637
-0.264680622134604 -0.429823093312073 0.20714573990392
-0.265229070168435 -0.430652920680648 0.205652991921023
-0.265875025976694 -0.431405004956119 0.204217356910906
-0.266621174463718 -0.4320709067913 0.202839104854418
-0.26747020482114 -0.432642182560774 0.201518508409872
-0.268424811130652 -0.433110383673848 0.200255842966303
-0.269487687619073 -0.433467055193338 0.19905138295894
-0.270661534190689 -0.433703736333448 0.19790540587495
-0.271949056568818 -0.433811960016247 0.196818192268143
-0.273352965869372 -0.433783252519853 0.195790025122498
-0.274875979311407 -0.433609132942181 0.194821190518672
-0.276520820145948 -0.433281112620641 0.193911977327668
-0.278290217873319 -0.432790694586049 0.193062677358762
-0.280186908525247 -0.432129373353608 0.192273585563553
-0.282213634807987 -0.431288634476543 0.191545000050947
-0.284373145232832 -0.430259953146573 0.190877220702372
-0.286654097485953 -0.429062760203864 0.190264502687516
-0.289045155621576 -0.427716477652452 0.189701104064073
-0.291534989467474 -0.426240519678386 0.189181285476433
-0.294112271208519 -0.424654291114511 0.188699302556744
-0.296765677707722 -0.422977191319875 0.188249412389863
-0.299483889011941 -0.421228614182301 0.18782587231168
-0.302255588609484 -0.419427950443982 0.187422939091377
-0.305069462206686 -0.417594587513806 0.187034869675476
-0.307914197850557 -0.415747911467793 0.186655921245041
-0.310778485604278 -0.413907308293016 0.186280351113334
-0.313651016284247 -0.412092164043103 0.185902415202217
-0.316520481138836 -0.410321866106664 0.185516369309069
-0.319375570977103 -0.408615804040147 0.185116467373084
-0.322204975847878 -0.406993370864184 0.18469696221195
-0.324997384330122 -0.405473963852229 0.184252105373826
-0.327741483062682 -0.404076985680254 0.18377614707728
-0.330425956283092 -0.402821845904827 0.183263335394606
-0.333039485041464 -0.401727961376734 0.182707916419594
-0.335570746710053 -0.400814757673486 0.182104133780595
-0.338008414335391 -0.400101669789057 0.181446228503967
-0.340341156056067 -0.399608143211018 0.180728438777912
-0.342557634573483 -0.399353635060484 0.179944999803178
-0.34464650649248 -0.399357614992002 0.179090143338077
-0.346612466348629 -0.399592773234421 0.178183655952544
-0.348460202180312 -0.40003181221467 0.177245321371734
-0.350194395826689 -0.400647445050816 0.176294921651102
-0.351819723173295 -0.401412394121167 0.175352238213924
-0.353340854397333 -0.40229938963388 0.174437052888776
-0.354762454212666 -0.403281168196998 0.173569148947019
-0.356089182024809 -0.404330471432656 0.172768312015014
-0.357325692265055 -0.405420044503877 0.172054331237099
-0.35847663473149 -0.406522634483088 0.17144700017557
-0.359546654588387 -0.407610989310119 0.170966118059763
-0.360536336104238 -0.40868535234518 0.170609198208058
-0.361446259560811 -0.409745966060643 0.170373760581699
-0.362277001058361 -0.410793072207921 0.17025733151349
-0.363029132545778 -0.411826911830137 0.170257443577981
-0.363703221850502 -0.412847725274784 0.170371635461975
-0.364299832708243 -0.413855752206335 0.170597451835363
-0.3648195247925 -0.414851231618809 0.170932443222291
-0.36526285374388 -0.415834401848288 0.17137416587264
-0.365630371199224 -0.416805500585373 0.171920181633825
-0.365922624820512 -0.417764764887599 0.172568057822893
-0.366140158555658 -0.418712430952396 0.173315367367493
-0.366283512592901 -0.419648734149461 0.174159688649325
-0.36635322323091 -0.420573909252453 0.175098605137763
-0.366349822906779 -0.421488190451295 0.176129705263074
-0.366273840166688 -0.422391811455596 0.177250582213452
-0.366125799750869 -0.423285005415816 0.178458833885156
-0.365906226948428 -0.424168005403562 0.179752062805128
-0.365615646700172 -0.425041043979249 0.181127876422651
-0.365254580223266 -0.425904353180724 0.182583886517693
-0.364823546781545 -0.426758164042754 0.184117709846198
-0.364323065660803 -0.427602708725531 0.185726967465719
-0.363753652795062 -0.428438218983099 0.187409284402582
-0.363115820720625 -0.429264926810991 0.189162289288912
-0.362410079261295 -0.43008306332892 0.190983614988494
-0.361636934680002 -0.430892859207164 0.192870897947393
-0.360796891014464 -0.431694544809789 0.194821778544916
-0.35989044970979 -0.432488350299173 0.196833900756146
-0.358918111026002 -0.433274506035021 0.198904912660647
-0.357880371766816 -0.434053241975738 0.201032465425121
-0.356777726365218 -0.434824787391754 0.203214213829432
-0.355610671277486 -0.435589371979733 0.205447817825945
-0.354379699581761 -0.436347225071243 0.207730940085168
-0.353085301003783 -0.437098575644883 0.210061245873083
-0.35172796290971 -0.437843652612172 0.212436403335761
-0.350308181240236 -0.438582682591849 0.21485409008208
-0.348826449869975 -0.439315892074445 0.217311986590317
-0.347283260668227 -0.44004350717881 0.219807776233601
-0.345679103151484 -0.440765753574529 0.222339144984567
-0.344014468588172 -0.441482857931 0.224903783454955
-0.342289846177399 -0.44219504640833 0.227499384824367
-0.340505723256711 -0.44290254493215 0.230123644749573
-0.338662585261542 -0.443605579526402 0.232774261059642
-0.336760915174272 -0.444304375782766 0.235448933428147
-0.334801193835606 -0.444999159647874 0.238145363345203
-0.332783899968312 -0.445690157364965 0.240861253993062
-0.330709514262392 -0.446377594447843 0.243594313362745
-0.328578514413299 -0.447061696223369 0.24634225034403
-0.326391377855857 -0.447742689195936 0.249102776387176
-0.324148579080492 -0.448420799706582 0.251873603601121
-0.321850591190613 -0.449096253704151 0.254652445878687
-0.319497890368329 -0.449769276156637 0.257437022418011
-0.317090958403302 -0.450440089352734 0.260225060090631
-0.314630276942921 -0.45110891487327 0.263014288448187
-0.31211632612629 -0.45177597410102 0.265802438306163
-0.309549584159663 -0.452441488165062 0.268587241183658
-0.306930529496614 -0.453105678953718 0.271366430983204
-0.304259639271957 -0.453768769964201 0.274137742209319
-0.301537387901747 -0.454430984636128 0.276898908952528
-0.29876424773362 -0.455092546299682 0.279647665462715
-0.29594068844653 -0.455753678251257 0.282381745338726
-0.293067179098841 -0.456414606167962 0.285098882884139
-0.290144186292053 -0.45707555572888 0.287796811697606
-0.28717217403268 -0.457736752615154 0.290473264370375
-0.284151603756621 -0.458398422521849 0.293125972367501
-0.281082934353417 -0.459060791169823 0.295752665909042
-0.277966622550965 -0.459724085178668 0.29835107398898
-0.274803122728489 -0.460388531249926 0.300918924282677
-0.271592886790843 -0.461054356146677 0.303453942863615
-0.268336364192252 -0.46172178670542 0.305953854084276
-0.265034002236538 -0.462391050732978 0.308416380591528
-0.261686245824011 -0.463062376133386 0.310839243072716
-0.258293537606056 -0.46373599095819 0.313220160258792
-0.254856317877131 -0.464412123379914 0.315556848682171
-0.251375024775926 -0.465091002574841 0.317847022616052
-0.24785009413017 -0.465772857863882 0.320088393895399
-0.24428195950645 -0.466457918751848 0.322278671883461
-0.24067105220593 -0.467146414911971 0.324415563265025
-0.237017801287106 -0.467838576197944 0.326496771926371
-0.233322634697972 -0.468534634696795 0.328519999986284
-0.229585978797622 -0.469234822911937 0.330482947452431
-0.225809035882853 -0.469938748748566 0.332386391920703
-0.221993006138661 -0.470646020308398 0.334231107868945
-0.218139087787006 -0.471356246708425 0.336017866592517
-0.214248479017908 -0.472069038170461 0.337747439856826
-0.210322376512767 -0.472784004723104 0.339420597494385
-0.206361975096539 -0.473500756518909 0.341038106296649
-0.202368467795922 -0.474218903804463 0.342600730138225
-0.198343047209093 -0.474938058869963 0.344109232144027
-0.194286904627302 -0.475657834367368 0.345564373288028
-0.190201230365581 -0.476377842598346 0.346966913634428
-0.186087213190803 -0.477097695877208 0.348317610490424
-0.181946041459554 -0.477817008385441 0.349617220651413
-0.177778902352391 -0.478535394594366 0.350866498976526
-0.173586981969713 -0.479252468780632 0.352066198742757
-0.169371465056251 -0.479967845220843 0.353217070381306
-0.165133535860436 -0.480681139900015 0.354319863833922
-0.160874377455678 -0.481391968693769 0.355375326521628
-0.156595172025495 -0.482099947691107 0.356384204125943
-0.152297100973576 -0.48280469288268 0.357347241171406
-0.147981344662039 -0.483505820663868 0.358265179203322
-0.143649082920469 -0.484202947520067 0.359138758793502
-0.139301494713117 -0.484895689726224 0.359968718187741
-0.134939758906842 -0.485583664114513 0.360755796485358
-0.130565053272396 -0.486266488282058 0.36150072816698
-0.1261785551962 -0.486943779923986 0.362204246776193
-0.121781441446353 -0.487615156444425 0.36286708368442
-0.117374888234391 -0.488280234936427 0.363489968129516
-0.112960071879995 -0.488938634388961 0.364073628830162
-0.108538168579262 -0.489589974323672 0.364618793666334
-0.104110354156684 -0.49023387389109 0.365126188498678
-0.0996778041268134 -0.490869951850689 0.365596537206657
-0.0952416938057186 -0.491497826816896 0.366030562158632
-0.0908031990731696 -0.492117119224353 0.366428986288315
-0.0863634956803584 -0.492727449078221 0.366792530136875
-0.0819237593151391 -0.493328435912784 0.367121912415837
-0.0774851656636883 -0.493919698771563 0.367417850044977
-0.0730488905199578 -0.494500857883723 0.367681057892785
-0.0686161100085028 -0.495071533408002 0.367912250092384
-0.0641880004372261 -0.495631344952526 0.368112139097597
-0.0597657383590365 -0.496179911554887 0.368281435720171
-0.0553505005447642 -0.496716851597866 0.368420847977142
-0.0509434645129195 -0.497241784522276 0.36853108733261
-0.0465458082141056 -0.497754329136915 0.368612863266074
-0.0421587100908415 -0.498254103600154 0.368666883763566
-0.0377833491393496 -0.498740725399915 0.368693855354681
-0.0334209050081665 -0.499213811384555 0.368694481092235
-0.029072558005477 -0.499672978095416 0.368669464984859
-0.0247394892201241 -0.500117841313378 0.368619509310931
-0.0204228805421971 -0.500548016068499 0.368545315040265
-0.0161239145796885 -0.500963116305077 0.368447579310971
-0.0118437748658319 -0.501362755176174 0.368326998025722
-0.00758364566554237 -0.501746545634264 0.368184268528567
-0.00334471229316091 -0.50211409980004 0.368020087001422
0.00087183882538322 -0.502465028941971 0.367835148499966
0.00506482015781706 -0.502798942814417 0.367630144086328
0.0092330429358165 -0.503115450278803 0.367405763769667
0.0133753172171688 -0.503414159510015 0.36716269835229
0.0174904516736032 -0.503694677861283 0.366901637741022
0.0215772535535605 -0.503956611731162 0.366623270897937
0.0256345285584669 -0.504199566169418 0.366328284493216
0.0296610808099352 -0.504423145230179 0.36601736420158
0.0336557127790557 -0.504626951962088 0.365691194778637
0.0376172253911325 -0.504810588712479 0.365350462492846
0.0415444178346123 -0.504973656770339 0.364995852848109
0.0454360874122636 -0.505115755925739 0.36462804923014
0.0492910295797898 -0.505236484907383 0.364247734199734
0.0531080378418735 -0.505335441329008 0.363855589630773
0.0568859038393857 -0.505412221703019 0.363452297948267
0.0606234171632701 -0.505466421421704 0.363038540979392
0.0643193652882584 -0.505497634692621 0.362615000001292
0.0679725333180715 -0.50550545404151 0.362182354348195
0.071583367702214 -0.50549012858989 0.36174071925719
0.0751523126701821 -0.50545190624519 0.36129020949328
0.0786798104052461 -0.5053910337181 0.360830940600485
0.0821663009383041 -0.505307756533366 0.360363027640324
0.0856122219427177 -0.505202318451401 0.359886583699701
0.0890180089642675 -0.505074962070204 0.359401721416727
0.092384095412295 -0.504925928937365 0.358908552738553
0.0957109126142737 -0.504755459463681 0.358407189176457
0.0989988900428935 -0.50456379290087 0.357897743128392
0.102248455134084 -0.504351167388944 0.35738032656799
0.105460032744585 -0.50411781841122 0.356855047851445
0.108634045789038 -0.503863980450975 0.356322014991998
0.111770915212175 -0.503589886917207 0.355781335595427
0.114871059962183 -0.503295770094334 0.355233116633307
0.117934897061514 -0.502981861217089 0.354677464681971
0.120962841831118 -0.50264839038017 0.354114487239725
0.1239553077098 -0.502295586652778 0.35354429142063
0.126912705205264 -0.501923675297968 0.352966979190051
0.129835442986168 -0.501532880577196 0.35238265213942
0.132723927903582 -0.501123425762146 0.351791411491698
0.135578564922219 -0.500695532986614 0.351193357751767
0.138399757231941 -0.500249423418208 0.350588591067503
0.141187906483562 -0.499785317155913 0.349977212455481
0.143943412595277 -0.499303433355764 0.349359322585975
0.146666673710282 -0.498803990143063 0.34873502161352
0.149358085199123 -0.498287202608797 0.348104406587128
0.152018040762153 -0.497753284935148 0.347467574224531
0.154646932283903 -0.497202450101136 0.346824620382285
0.157245150020104 -0.496634910199591 0.346175640596562
0.159813082867046 -0.496050876480229 0.345520731165512
0.162351118133105 -0.495450559328905 0.344859988077032
0.164859641442711 -0.494834168094285 0.344193506717051
0.167339036872749 -0.494201911283077 0.343521382170768
0.169789685749633 -0.493553994257945 0.342843706703167
0.172211967892479 -0.492890621561412 0.342160572288769
0.174606261883535 -0.492211997003532 0.3414720713888
0.176972944544226 -0.491518323177095 0.340778295580818
0.179312391248248 -0.490809801886864 0.340079336166582
0.181624975941196 -0.490086634160078 0.339375284176632
0.183911070942823 -0.48934901999885 0.33866622996983
0.186171047183985 -0.48859715864889 0.337952263643474
0.18840527439439 -0.487831248653151 0.337233475433881
0.190614120383915 -0.487051487143677 0.336509954295976
0.192797951482846 -0.486258070121814 0.335781788956365
0.194957132709889 -0.485451192873906 0.335049067899087
0.197092027791318 -0.484631049981497 0.334311879370286
0.199202998830424 -0.483797834911209 0.33357031088688
0.201290406388934 -0.482951740144135 0.332824449201641
0.203354609793257 -0.482092957487088 0.332074380843483
0.205395967149476 -0.481221678086283 0.331320192197993
0.207414835366036 -0.480338092433716 0.330561969436166
0.209411570172405 -0.479442390377074 0.329799798518879
0.211386524356252 -0.478534759037075 0.329033762967338
0.213340049563333 -0.477615384909726 0.328263946101352
0.215272496315934 -0.476684453876052 0.327490431043732
0.217184213589461 -0.475742150865563 0.326713299975609
0.21907554893966 -0.474788659817611 0.325932634556863
0.220946848720959 -0.473824164030325 0.325148516051395
0.222798458237453 -0.472848846225388 0.324361025543587
0.22463072176099 -0.471862888557548 0.323570243942548
0.226443981959366 -0.470866472138732 0.322776251165722
0.228238580142231 -0.469859777220987 0.321979126504241
0.230014856640825 -0.468842983517809 0.321178949086367
0.231773150160107 -0.467816269795149 0.320375796893049
0.233513798168249 -0.466779814180292 0.31956974718928
0.23523713720833 -0.465733794289987 0.318760877089418
0.236943502915989 -0.464678387239672 0.317949263561281
0.238633229683523 -0.463613769294388 0.317134983207737
0.24030665103089 -0.462540116236302 0.316318112493039
0.241964099006941 -0.461457603121322 0.315498726858679
0.243605902551092 -0.460366404083647 0.314676897649965
0.245232389782538 -0.459266692802031 0.313852696085163
0.246843888017416 -0.45815864250877 0.313026193259241
0.248440722968338 -0.457042425567031 0.312197459071748
0.250023219579056 -0.455918213911635 0.311366563306125
0.25159169742679 -0.454786179487442 0.310533566286745
0.253146475353842 -0.453646493829094 0.309698528228841
0.254687871106753 -0.452499327847867 0.308861508860577
0.256216201730759 -0.451344852062998 0.308022567807633
0.257731783424259 -0.450183236873593 0.307181763888687
0.259234931302451 -0.449014652601919 0.306339154710952
0.260725958187367 -0.447839268880092 0.305494795388788
0.262205175259024 -0.446657255439239 0.304648738336937
0.2636728930783 -0.445468781663425 0.303801035881935
0.265129427200896 -0.444274024602268 0.302951738701007
0.26657509229376 -0.443073161469986 0.30210089634481
0.26801020198665 -0.441866369040085 0.301248557629288
0.269435069355907 -0.440653823775001 0.300394771293272
0.270850006941063 -0.439435701835234 0.299539586001342
0.272255326761429 -0.438212179088571 0.298683050346597
0.273651338114615 -0.436983430992834 0.29782520933149
0.275038349294959 -0.435749632830166 0.296966106945768
0.276416668125117 -0.434510959617436 0.296105787113952
0.277786601972058 -0.433267586115294 0.295244293697258
0.279148452088797 -0.432019673787319 0.294381680109756
0.280502517011855 -0.430767384831398 0.293517994365147
0.281849094201613 -0.429510880826911 0.292653283905262
0.283188480408856 -0.428250323194404 0.291787595575568
0.284520971008294 -0.426985874380973 0.290920972921003
0.285846861013018 -0.425717696628949 0.290053459438347
0.287166445089994 -0.424445951984938 0.289185098577722
0.288480017575464 -0.423170802308568 0.288315933744345
0.289787872139884 -0.421892410136821 0.287446006569117
0.291090300270391 -0.420610936240802 0.286575358192693
0.292387593169389 -0.419326541229901 0.285704029717318
0.293680041669434 -0.418039385164757 0.284832062616977
0.294967936348803 -0.416749627960974 0.283959498331393
0.296251569382268 -0.415457436771252 0.283086370409852
0.297531232264805 -0.414162978222989 0.282212712327772
0.298807216119509 -0.412866419628115 0.28133855606415
0.300079811961344 -0.411567928646188 0.280463933009381
0.301349310962002 -0.410267674361393 0.279588872549238
0.302616004130732 -0.408965825764841 0.278713404046995
0.303880182197656 -0.407662552375005 0.277837555742105
0.305142157660222 -0.406358029362228 0.276961376660658
0.306402245000062 -0.405052434887976 0.27608491423651
0.307660758724345 -0.403745947208522 0.275208215806635
0.308918013241201 -0.40243874476692 0.274331328367224
0.310174322763297 -0.401131006125117 0.273454298522066
0.311430001787458 -0.399822909871212 0.272577173231864
0.31268536530005 -0.398514634699438 0.271699999996586
