-4.249213549733556194e-02 -5.217319805986203596e-01 7.026448835343122035e-01
-4.249213555243451512e-02 -5.239011849660692999e-01 7.026598758007545076e-01
-4.249213558292676274e-02 -5.250564202589942386e-01 7.026681728239371205e-01
-4.249213558292676274e-02 -5.250564202589942386e-01 7.026681728239371205e-01
-4.249213558292676274e-02 -5.250564202589942386e-01 7.026681728239371205e-01
-4.249213558292676274e-02 -5.250564202589942386e-01 7.026681728239371205e-01
-4.249213558292676274e-02 -5.250564202589942386e-01 7.026681728239371205e-01
-4.249213556435373074e-02 -5.330400937158351615e-01 7.026630871532602018e-01
-4.249213556435373074e-02 -5.330400937158351615e-01 7.026630871532602018e-01
-4.249213556435373074e-02 -5.330400937158351615e-01 7.026630871532602018e-01
-4.249213556435373074e-02 -5.330400937158351615e-01 7.026630871532602018e-01
-4.249213556435373074e-02 -5.330400937158351615e-01 7.026630871532602018e-01
-4.249213556423518667e-02 -5.418270405240112053e-01 7.026630226006259639e-01
-4.249213556423518667e-02 -5.418270405240112053e-01 7.026630226006259639e-01
-4.249213556423518667e-02 -5.418270405240112053e-01 7.026630226006259639e-01
-4.249213556423518667e-02 -5.418270405240112053e-01 7.026630226006259639e-01
-4.249213556423518667e-02 -5.418270405240112053e-01 7.026630226006259639e-01
-4.249213556413918014e-02 -5.489475876453095982e-01 7.026629702900698549e-01
-4.249213556413918014e-02 -5.489475876453095982e-01 7.026629702900698549e-01
-4.249213556413918014e-02 -5.489475876453095982e-01 7.026629702900698549e-01
-4.249213559457863665e-02 -5.540162424062261559e-01 7.026712385636151303e-01
-4.249213559457863665e-02 -5.540162424062261559e-01 7.026712385636151303e-01
-4.249213559457863665e-02 -5.540162424062261559e-01 7.026712385636151303e-01
-4.249213559457863665e-02 -5.540162424062261559e-01 7.026712385636151303e-01
-4.249213559457863665e-02 -5.540162424062261559e-01 7.026712385636151303e-01
-4.249213553946280808e-02 -5.729321257387128830e-01 7.026561642525362972e-01
-4.249213553946280808e-02 -5.729321257387128830e-01 7.026561642525362972e-01
-4.249213553946280808e-02 -5.729321257387128830e-01 7.026561642525362972e-01
-4.249213553946280808e-02 -5.729321257387128830e-01 7.026561642525362972e-01
-4.249213553946280808e-02 -5.729321257387128830e-01 7.026561642525362972e-01
-4.262276965149065788e-02 -5.790359519993792947e-01 7.026744056742405542e-01
-4.262276965149065788e-02 -5.790359519993792947e-01 7.026744056742405542e-01
-4.262276965149065788e-02 -5.790359519993792947e-01 7.026744056742405542e-01
-4.262276965149065788e-02 -5.790359519993792947e-01 7.026744056742405542e-01
-4.262276965149065788e-02 -5.790359519993792947e-01 7.026744056742405542e-01
-4.249213559407609420e-02 -5.912674283345676907e-01 7.026709649006198655e-01
-4.249213559407609420e-02 -5.912674283345676907e-01 7.026709649006198655e-01
-4.249213559407609420e-02 -5.912674283345676907e-01 7.026709649006198655e-01
-4.249213559407609420e-02 -5.912674283345676907e-01 7.026709649006198655e-01
-4.249213559407609420e-02 -5.912674283345676907e-01 7.026709649006198655e-01
-4.249213556337021191e-02 -6.059430751040604246e-01 7.026625515770699160e-01
-4.249213556337021191e-02 -6.059430751040604246e-01 7.026625515770699160e-01
-4.249213556337021191e-02 -6.059430751040604246e-01 7.026625515770699160e-01
-4.249213556337021191e-02 -6.059430751040604246e-01 7.026625515770699160e-01
-4.249213556337021191e-02 -6.059430751040604246e-01 7.026625515770699160e-01
-4.249213555117886676e-02 -6.169650841597078550e-01 7.026591921139196950e-01
-4.249213555117886676e-02 -6.169650841597078550e-01 7.026591921139196950e-01
-4.249213555117886676e-02 -6.169650841597078550e-01 7.026591921139196950e-01
-4.249213555117886676e-02 -6.169650841597078550e-01 7.026591921139196950e-01
-4.249213555117886676e-02 -6.169650841597078550e-01 7.026591921139196950e-01
-4.249213555117886676e-02 -6.169650841597078550e-01 7.026591921139196950e-01
-4.262276962655453527e-02 -6.222763909707049734e-01 7.026674581747004433e-01
-4.262276962655453527e-02 -6.222763909707049734e-01 7.026674581747004433e-01
-4.262276962655453527e-02 -6.222763909707049734e-01 7.026674581747004433e-01
-4.262276962655453527e-02 -6.222763909707049734e-01 7.026674581747004433e-01
-4.262276962655453527e-02 -6.222763909707049734e-01 7.026674581747004433e-01
-4.249213553856689973e-02 -6.393346765525134145e-01 7.026556764312633652e-01
-4.249213553856689973e-02 -6.393346765525134145e-01 7.026556764312633652e-01
-4.249213555082206883e-02 -6.434133165364112061e-01 7.026589978139986536e-01
-4.249213555082206883e-02 -6.434133165364112061e-01 7.026589978139986536e-01
-4.249213555082206883e-02 -6.434133165364112061e-01 7.026589978139986536e-01
-4.249213555075912613e-02 -6.480809364012533047e-01 7.026589635236856202e-01
-4.249213555075912613e-02 -6.480809364012533047e-01 7.026589635236856202e-01
-4.249213555075912613e-02 -6.480809364012533047e-01 7.026589635236856202e-01
-4.249213555075912613e-02 -6.480809364012533047e-01 7.026589635236856202e-01
-4.249213555075912613e-02 -6.480809364012533047e-01 7.026589635236856202e-01
-4.249213559317972788e-02 -6.577034968402055704e-01 7.026704768331120121e-01
-4.249213559317972788e-02 -6.577034968402055704e-01 7.026704768331120121e-01
-4.249213559317972788e-02 -6.577034968402055704e-01 7.026704768331120121e-01
-4.249213559317972788e-02 -6.577034968402055704e-01 7.026704768331120121e-01
-4.249213559317972788e-02 -6.577034968402055704e-01 7.026704768331120121e-01
-4.249213550735835704e-02 -6.714430030560875062e-01 7.026470621845106734e-01
-4.249213550735835704e-02 -6.714430030560875062e-01 7.026470621845106734e-01
-4.249213550735835704e-02 -6.714430030560875062e-01 7.026470621845106734e-01
-4.249213550735835704e-02 -6.714430030560875062e-01 7.026470621845106734e-01
-4.249213550735835704e-02 -6.714430030560875062e-01 7.026470621845106734e-01
-4.249213559287430553e-02 -6.803340876653660718e-01 7.026703105792031501e-01
-4.249213559287430553e-02 -6.803340876653660718e-01 7.026703105792031501e-01
-4.249213559287430553e-02 -6.803340876653660718e-01 7.026703105792031501e-01
-4.249213562358858387e-02 -6.848760096752798399e-01 7.026786555777018162e-01
-4.249213562358858387e-02 -6.848760096752798399e-01 7.026786555777018162e-01
-4.249213562358858387e-02 -6.848760096752798399e-01 7.026786555777018162e-01
-4.249213562358858387e-02 -6.848760096752798399e-01 7.026786555777018162e-01
-4.249213562358858387e-02 -6.848760096752798399e-01 7.026786555777018162e-01
-4.249213562350059870e-02 -6.913896144556690437e-01 7.026786077260012142e-01
-4.249213562350059870e-02 -6.913896144556690437e-01 7.026786077260012142e-01
-4.249213562350059870e-02 -6.913896144556690437e-01 7.026786077260012142e-01
-4.249213562350059870e-02 -6.913896144556690437e-01 7.026786077260012142e-01
-4.249213562350059870e-02 -6.913896144556690437e-01 7.026786077260012142e-01
-4.249213562346731976e-02 -6.938628851979984358e-01 7.026785895563062434e-01
-4.249213562346731976e-02 -6.938628851979984358e-01 7.026785895563062434e-01
-4.249213562346731976e-02 -6.938628851979984358e-01 7.026785895563062434e-01
-4.249213562344547612e-02 -6.954778309106387502e-01 7.026785776922310767e-01
-4.249213562344547612e-02 -6.954778309106387502e-01 7.026785776922310767e-01
-4.249213562344547612e-02 -6.954778309106387502e-01 7.026785776922310767e-01
-4.249213562344547612e-02 -6.954778309106387502e-01 7.026785776922310767e-01
-4.249213562344547612e-02 -6.954778309106387502e-01 7.026785776922310767e-01
-4.249213555009373477e-02 -6.973980204164437202e-01 7.026586012194905306e-01
-4.249213555009373477e-02 -6.973980204164437202e-01 7.026586012194905306e-01
-4.249213555009373477e-02 -6.973980204164437202e-01 7.026586012194905306e-01
-4.249213555009373477e-02 -6.973980204164437202e-01 7.026586012194905306e-01
-4.249213555009373477e-02 -6.973980204164437202e-01 7.026586012194905306e-01
-4.249213560495505165e-02 -6.973465272491844447e-01 7.026735369447666413e-01
-4.249213560495505165e-02 -6.973465272491844447e-01 7.026735369447666413e-01
-4.249213560495505165e-02 -6.973465272491844447e-01 7.026735369447666413e-01
-4.249213560495505165e-02 -6.973465272491844447e-01 7.026735369447666413e-01
-4.249213560495505165e-02 -6.973465272491844447e-01 7.026735369447666413e-01
-4.249213555009545562e-02 -6.972747035689579320e-01 7.026586021254285219e-01
-4.249213555009545562e-02 -6.972747035689579320e-01 7.026586021254285219e-01
-4.249213555009545562e-02 -6.972747035689579320e-01 7.026586021254285219e-01
-4.249213555009712096e-02 -6.971478282467726828e-01 7.026586030575083797e-01
-4.249213555009712096e-02 -6.971478282467726828e-01 7.026586030575083797e-01
-4.249213559264767431e-02 -6.971358446024680244e-01 7.026701871463776339e-01
-4.249213559264767431e-02 -6.971358446024680244e-01 7.026701871463776339e-01
-4.249213559264767431e-02 -6.971358446024680244e-01 7.026701871463776339e-01
-4.249213559264767431e-02 -6.971358446024680244e-01 7.026701871463776339e-01
-4.249213559264767431e-02 -6.971358446024680244e-01 7.026701871463776339e-01
-4.249213559264767431e-02 -6.971358446024680244e-01 7.026701871463776339e-01
-4.249213556213983500e-02 -6.971358445719599839e-01 7.026618816363470188e-01
-4.249213556213983500e-02 -6.971358445719599839e-01 7.026618816363470188e-01
-4.249213556213983500e-02 -6.971358445719599839e-01 7.026618816363470188e-01
-4.249213556213983500e-02 -6.971358445719599839e-01 7.026618816363470188e-01
-4.249213556213983500e-02 -6.971358445719599839e-01 7.026618816363470188e-01
-4.249213562342327166e-02 -6.971298527898158737e-01 7.026785655557782340e-01
-4.249213562342327166e-02 -6.971298527898158737e-01 7.026785655557782340e-01
-4.249213550701165520e-02 -6.971322598768771028e-01 7.026468734603454891e-01
-4.249213550701165520e-02 -6.971322598768771028e-01 7.026468734603454891e-01
-4.249213550701165520e-02 -6.971322598768771028e-01 7.026468734603454891e-01
-4.249213550701165520e-02 -6.971322598768771028e-01 7.026468734603454891e-01
-4.249213550701165520e-02 -6.971322598768771028e-01 7.026468734603454891e-01
-4.249213550701165520e-02 -6.971322598768771028e-01 7.026468734603454891e-01
-4.249213559264770207e-02 -6.971322599625133787e-01 7.026701871727121240e-01
-4.249213559264770207e-02 -6.971322599625133787e-01 7.026701871727121240e-01
-4.249213559264770207e-02 -6.971322599625133787e-01 7.026701871727121240e-01
-4.249213559264770207e-02 -6.971322599625133787e-01 7.026701871727121240e-01
-4.249213559264770207e-02 -6.971322599625133787e-01 7.026701871727121240e-01
-4.249213559264782003e-02 -6.971298527590403804e-01 7.026701871903964225e-01
-4.249213559264782003e-02 -6.971298527590403804e-01 7.026701871903964225e-01
-4.249213558060524476e-02 -6.971298527469976802e-01 7.026669086995946945e-01
-4.249213558060524476e-02 -6.971298527469976802e-01 7.026669086995946945e-01
-4.249213558060524476e-02 -6.971298527469976802e-01 7.026669086995946945e-01
-4.249213558060524476e-02 -6.971298527469976802e-01 7.026669086995946945e-01
-4.249213558060524476e-02 -6.971298527469976802e-01 7.026669086995946945e-01
-4.249213560495786191e-02 -6.971382518182511756e-01 7.026735384748460378e-01
-4.249213560495786191e-02 -6.971382518182511756e-01 7.026735384748460378e-01
-4.249213560495786191e-02 -6.971382518182511756e-01 7.026735384748460378e-01
-4.249213553778710684e-02 -6.971322599076525961e-01 7.026552518257271895e-01
-4.249213553778710684e-02 -6.971322599076525961e-01 7.026552518257271895e-01
-4.249213553778710684e-02 -6.971322599076525961e-01 7.026552518257271895e-01
-4.249213553778710684e-02 -6.971322599076525961e-01 7.026552518257271895e-01
-4.249213553778710684e-02 -6.971322599076525961e-01 7.026552518257271895e-01
-4.249213556213986276e-02 -6.971322599320053381e-01 7.026618816626815089e-01
-4.249213556213986276e-02 -6.971322599320053381e-01 7.026618816626815089e-01
-4.249213556213986276e-02 -6.971322599320053381e-01 7.026618816626815089e-01
-4.249213556213986276e-02 -6.971322599320053381e-01 7.026618816626815089e-01
-4.249213556213986276e-02 -6.971322599320053381e-01 7.026618816626815089e-01
-4.249213556213969623e-02 -6.971430400171239050e-01 7.026618815834863030e-01
-4.249213556213969623e-02 -6.971430400171239050e-01 7.026618815834863030e-01
-4.249213556213969623e-02 -6.971430400171239050e-01 7.026618815834863030e-01
-4.249213556213969623e-02 -6.971430400171239050e-01 7.026618815834863030e-01
-4.249213556213969623e-02 -6.971430400171239050e-01 7.026618815834863030e-01
-4.249213562342287615e-02 -6.971538201635262277e-01 7.026785653797036346e-01
-4.249213562342287615e-02 -6.971538201635262277e-01 7.026785653797036346e-01
-4.249213562342287615e-02 -6.971538201635262277e-01 7.026785653797036346e-01
-4.249213562342287615e-02 -6.971538201635262277e-01 7.026785653797036346e-01
-4.249213562342287615e-02 -6.971538201635262277e-01 7.026785653797036346e-01
-4.249213562342287615e-02 -6.971538201635262277e-01 7.026785653797036346e-01
-4.249213566008531312e-02 -6.971933035701991521e-01 7.026885462727490150e-01
-4.249213566008531312e-02 -6.971933035701991521e-01 7.026885462727490150e-01
-4.249213569086077169e-02 -6.971885153592835005e-01 7.026969246733072438e-01
-4.249213569086077169e-02 -6.971885153592835005e-01 7.026969246733072438e-01
-4.249213569086077169e-02 -6.971885153592835005e-01 7.026969246733072438e-01
-4.249213569086077169e-02 -6.971885153592835005e-01 7.026969246733072438e-01
-4.249213569086077169e-02 -6.971885153592835005e-01 7.026969246733072438e-01
-4.249213562336293104e-02 -7.015992521282528038e-01 7.026785327216770183e-01
-4.249213562336293104e-02 -7.015992521282528038e-01 7.026785327216770183e-01
-4.249213562336293104e-02 -7.015992521282528038e-01 7.026785327216770183e-01
-4.249213574566282348e-02 -7.015310132651410013e-01 7.027118281184632220e-01
-4.249213574566282348e-02 -7.015310132651410013e-01 7.027118281184632220e-01
-4.249213574566282348e-02 -7.015310132651410013e-01 7.027118281184632220e-01
-4.249213574566282348e-02 -7.015310132651410013e-01 7.027118281184632220e-01
-4.249213574566282348e-02 -7.015310132651410013e-01 7.027118281184632220e-01
-4.249213566006045106e-02 -6.990338012287197200e-01 7.026885327516735336e-01
-4.249213566006045106e-02 -6.990338012287197200e-01 7.026885327516735336e-01
-4.249213566006045106e-02 -6.990338012287197200e-01 7.026885327516735336e-01
-4.249213564777559737e-02 -6.971602904524525357e-01 7.026851951691246434e-01
-4.249213564777559737e-02 -6.971602904524525357e-01 7.026851951691246434e-01
-4.249213564781396252e-02 -6.943134845277110223e-01 7.026852160829668570e-01
-4.249213564781396252e-02 -6.943134845277110223e-01 7.026852160829668570e-01
-4.249213564781396252e-02 -6.943134845277110223e-01 7.026852160829668570e-01
-4.249213564781396252e-02 -6.943134845277110223e-01 7.026852160829668570e-01
-4.249213564781396252e-02 -6.943134845277110223e-01 7.026852160829668570e-01
-4.249213569100807053e-02 -6.862723521951978878e-01 7.026970048680671876e-01
-4.249213569100807053e-02 -6.862723521951978878e-01 7.026970048680671876e-01
-4.249213569100807053e-02 -6.862723521951978878e-01 7.026970048680671876e-01
-4.249213569100807053e-02 -6.862723521951978878e-01 7.026970048680671876e-01
-4.249213569100807053e-02 -6.862723521951978878e-01 7.026970048680671876e-01
-4.249213569100807053e-02 -6.862723521951978878e-01 7.026970048680671876e-01
-4.249213566036406931e-02 -6.765324929292174660e-01 7.026886980558180174e-01
-4.249213566036406931e-02 -6.765324929292174660e-01 7.026886980558180174e-01
-4.249213563608969513e-02 -6.707251930217880131e-01 7.026821108817493666e-01
-4.249213563608969513e-02 -6.707251930217880131e-01 7.026821108817493666e-01
-4.249213563608969513e-02 -6.707251930217880131e-01 7.026821108817493666e-01
-4.249213563608969513e-02 -6.707251930217880131e-01 7.026821108817493666e-01
-4.249213563608969513e-02 -6.707251930217880131e-01 7.026821108817493666e-01
-4.249213562399270505e-02 -6.549302227597428860e-01 7.026788755721402602e-01
-4.249213562399270505e-02 -6.549302227597428860e-01 7.026788755721402602e-01
-4.249213562399270505e-02 -6.549302227597428860e-01 7.026788755721402602e-01
-4.249213562399270505e-02 -6.549302227597428860e-01 7.026788755721402602e-01
-4.249213562399270505e-02 -6.549302227597428860e-01 7.026788755721402602e-01
-4.249213562399270505e-02 -6.549302227597428860e-01 7.026788755721402602e-01
-4.249213562399270505e-02 -6.549302227597428860e-01 7.026788755721402602e-01
-4.249213562399270505e-02 -6.549302227597428860e-01 7.026788755721402602e-01
-4.249213562399270505e-02 -6.549302227597428860e-01 7.026788755721402602e-01
-4.249213562399270505e-02 -6.549302227597428860e-01 7.026788755721402602e-01
-4.249213562399270505e-02 -6.549302227597428860e-01 7.026788755721402602e-01
-4.249213564860136044e-02 -6.359580840981922112e-01 7.026856447864638922e-01
-4.249213564860136044e-02 -6.359580840981922112e-01 7.026856447864638922e-01
-4.249213559351648628e-02 -6.327425573428562267e-01 7.026706602067492868e-01
-4.249213559351648628e-02 -6.327425573428562267e-01 7.026706602067492868e-01
-4.249213559351648628e-02 -6.327425573428562267e-01 7.026706602067492868e-01
-4.249213559351648628e-02 -6.327425573428562267e-01 7.026706602067492868e-01
-4.249213559351648628e-02 -6.327425573428562267e-01 7.026706602067492868e-01
-4.249213553871598187e-02 -6.282892308627694433e-01 7.026557575757872431e-01
-4.249213553871598187e-02 -6.282892308627694433e-01 7.026557575757872431e-01
-4.249213553871598187e-02 -6.282892308627694433e-01 7.026557575757872431e-01
-4.249213553877215221e-02 -6.241231989390060297e-01 7.026557881812229844e-01
-4.249213553877215221e-02 -6.241231989390060297e-01 7.026557881812229844e-01
-4.249213553877215221e-02 -6.241231989390060297e-01 7.026557881812229844e-01
-4.249213553877215221e-02 -6.241231989390060297e-01 7.026557881812229844e-01
-4.249213553877215221e-02 -6.241231989390060297e-01 7.026557881812229844e-01
-4.249213553878314342e-02 -6.233151373644451043e-01 7.026557941175856081e-01
-4.249213553878314342e-02 -6.233151373644451043e-01 7.026557941175856081e-01
-4.249213553878314342e-02 -6.233151373644451043e-01 7.026557941175856081e-01
-4.249213553878314342e-02 -6.233151373644451043e-01 7.026557941175856081e-01
-4.249213553878314342e-02 -6.233151373644451043e-01 7.026557941175856081e-01
-4.249213555110151197e-02 -6.227094117202103263e-01 7.026591499136559671e-01
-4.249213555110151197e-02 -6.227094117202103263e-01 7.026591499136559671e-01
-4.249213555110151197e-02 -6.227094117202103263e-01 7.026591499136559671e-01
-4.249213555110151197e-02 -6.227094117202103263e-01 7.026591499136559671e-01
-4.249213555110151197e-02 -6.227094117202103263e-01 7.026591499136559671e-01
-4.249213559371060878e-02 -6.183542312095735571e-01 7.026707659094895142e-01
-4.249213559371060878e-02 -6.183542312095735571e-01 7.026707659094895142e-01
-4.249213559371060878e-02 -6.183542312095735571e-01 7.026707659094895142e-01
-4.249213559371060878e-02 -6.183542312095735571e-01 7.026707659094895142e-01
-4.249213559371060878e-02 -6.183542312095735571e-01 7.026707659094895142e-01
-4.249213559371060878e-02 -6.183542312095735571e-01 7.026707659094895142e-01
-4.249213555123820818e-02 -6.125720760941382181e-01 7.026592243868183818e-01
-4.249213555123820818e-02 -6.125720760941382181e-01 7.026592243868183818e-01
-4.249213555123820818e-02 -6.125720760941382181e-01 7.026592243868183818e-01
-4.249213555123820818e-02 -6.125720760941382181e-01 7.026592243868183818e-01
-4.249213555123820818e-02 -6.125720760941382181e-01 7.026592243868183818e-01
-4.249213553904035434e-02 -6.042507923194200270e-01 7.026559341723417340e-01
-4.249213553904035434e-02 -6.042507923194200270e-01 7.026559341723417340e-01
-4.249213555141513610e-02 -5.994587043481761635e-01 7.026593207232032512e-01
-4.249213555141513610e-02 -5.994587043481761635e-01 7.026593207232032512e-01
-4.249213555141513610e-02 -5.994587043481761635e-01 7.026593207232032512e-01
-4.249213555141513610e-02 -5.994587043481761635e-01 7.026593207232032512e-01
-4.249213555141513610e-02 -5.994587043481761635e-01 7.026593207232032512e-01
-4.249213552698716950e-02 -5.851924652707671815e-01 7.026527228367345224e-01
-4.249213552698716950e-02 -5.851924652707671815e-01 7.026527228367345224e-01
-4.249213552698716950e-02 -5.851924652707671815e-01 7.026527228367345224e-01
-4.249213553936013327e-02 -5.805475830249542391e-01 7.026561083061603208e-01
-4.249213553936013327e-02 -5.805475830249542391e-01 7.026561083061603208e-01
-4.249213553936013327e-02 -5.805475830249542391e-01 7.026561083061603208e-01
-4.249213556376175982e-02 -5.769202675636694311e-01 7.026627647909111651e-01
-4.249213556376175982e-02 -5.769202675636694311e-01 7.026627647909111651e-01
-4.249213556376175982e-02 -5.769202675636694311e-01 7.026627647909111651e-01
-4.249213556376175982e-02 -5.769202675636694311e-01 7.026627647909111651e-01
-4.249213556376175982e-02 -5.769202675636694311e-01 7.026627647909111651e-01
-4.249213552720652876e-02 -5.689402048569098813e-01 7.026528422327256163e-01
-4.249213552720652876e-02 -5.689402048569098813e-01 7.026528422327256163e-01
-4.249213559440913335e-02 -5.665770637406454258e-01 7.026711462864997371e-01
-4.249213559440913335e-02 -5.665770637406454258e-01 7.026711462864997371e-01
-4.249213559440913335e-02 -5.665770637406454258e-01 7.026711462864997371e-01
-4.249213559440913335e-02 -5.665770637406454258e-01 7.026711462864997371e-01
-4.249213559440913335e-02 -5.665770637406454258e-01 7.026711462864997371e-01
-4.249213559440913335e-02 -5.665770637406454258e-01 7.026711462864997371e-01
-4.249213553959522993e-02 -5.631149556211155760e-01 7.026562363736275074e-01
-4.249213553959522993e-02 -5.631149556211155760e-01 7.026562363736275074e-01
-4.249213552729803889e-02 -5.621536441348758961e-01 7.026528920896760733e-01
-4.249213552729803889e-02 -5.621536441348758961e-01 7.026528920896760733e-01
-4.249213552729803889e-02 -5.621536441348758961e-01 7.026528920896760733e-01
-4.249213553961340983e-02 -5.617717753310113027e-01 7.026562462411988230e-01
-4.249213553961340983e-02 -5.617717753310113027e-01 7.026562462411988230e-01
-4.249213553961340983e-02 -5.617717753310113027e-01 7.026562462411988230e-01
-4.249213553961340983e-02 -5.617717753310113027e-01 7.026562462411988230e-01
-4.249213553961340983e-02 -5.617717753310113027e-01 7.026562462411988230e-01
-4.249213555192350722e-02 -5.617765505023849526e-01 7.026595975522713644e-01
-4.249213555192350722e-02 -5.617765505023849526e-01 7.026595975522713644e-01
-4.249213560678415103e-02 -5.617789446780911966e-01 7.026745328816680347e-01
-4.249213560678415103e-02 -5.617789446780911966e-01 7.026745328816680347e-01
-4.249213560678415103e-02 -5.617789446780911966e-01 7.026745328816680347e-01
-4.249213560678415103e-02 -5.617789446780911966e-01 7.026745328816680347e-01
-4.249213560678415103e-02 -5.617789446780911966e-01 7.026745328816680347e-01
-4.249213560678415103e-02 -5.617789446780911966e-01 7.026745328816680347e-01
-4.249213552732143684e-02 -5.604237937042779727e-01 7.026529047978902209e-01
-4.249213552732143684e-02 -5.604237937042779727e-01 7.026529047978902209e-01
-4.249213552732143684e-02 -5.604237937042779727e-01 7.026529047978902209e-01
-4.249213552732143684e-02 -5.604237937042779727e-01 7.026529047978902209e-01
-4.249213552732143684e-02 -5.604237937042779727e-01 7.026529047978902209e-01
-4.249213552739929123e-02 -5.546476304748205743e-01 7.026529472320325320e-01
-4.249213552739929123e-02 -5.546476304748205743e-01 7.026529472320325320e-01
-4.249213560692984004e-02 -5.509724326517537740e-01 7.026746122708841247e-01
-4.249213560692984004e-02 -5.509724326517537740e-01 7.026746122708841247e-01
-4.249213560692984004e-02 -5.509724326517537740e-01 7.026746122708841247e-01
-4.249213555212598414e-02 -5.467728960639199887e-01 7.026597077754738185e-01
-4.249213555212598414e-02 -5.467728960639199887e-01 7.026597077754738185e-01
-4.249213555212598414e-02 -5.467728960639199887e-01 7.026597077754738185e-01
-4.249213555212598414e-02 -5.467728960639199887e-01 7.026597077754738185e-01
-4.249213555212598414e-02 -5.467728960639199887e-01 7.026597077754738185e-01
-4.249213558274657354e-02 -5.384145230828558670e-01 7.026680746896540875e-01
-4.249213558274657354e-02 -5.384145230828558670e-01 7.026680746896540875e-01
-4.249213558274657354e-02 -5.384145230828558670e-01 7.026680746896540875e-01
-4.249213558274657354e-02 -5.384145230828558670e-01 7.026680746896540875e-01
-4.249213558274657354e-02 -5.384145230828558670e-01 7.026680746896540875e-01
-4.249213554006729676e-02 -5.281227600781153164e-01 7.026564934411221319e-01
-4.249213554006729676e-02 -5.281227600781153164e-01 7.026564934411221319e-01
-4.249213554006729676e-02 -5.281227600781153164e-01 7.026564934411221319e-01
-4.249213555244669982e-02 -5.229978369788335080e-01 7.026598824371315111e-01
-4.249213555244669982e-02 -5.229978369788335080e-01 7.026598824371315111e-01
-4.249213555250515306e-02 -5.186618355576656514e-01 7.026599142912349771e-01
-4.249213555250515306e-02 -5.186618355576656514e-01 7.026599142912349771e-01
-4.249213555250515306e-02 -5.186618355576656514e-01 7.026599142912349771e-01
-4.249213555250515306e-02 -5.186618355576656514e-01 7.026599142912349771e-01
-4.249213555250515306e-02 -5.186618355576656514e-01 7.026599142912349771e-01
-4.249213555250515306e-02 -5.186618355576656514e-01 7.026599142912349771e-01
-4.249213555261500963e-02 -5.105213275430360298e-01 7.026599740948560324e-01
-4.249213555261500963e-02 -5.105213275430360298e-01 7.026599740948560324e-01
-4.249213558317062323e-02 -5.069837981609274236e-01 7.026683055930765809e-01
-4.249213558317062323e-02 -5.069837981609274236e-01 7.026683055930765809e-01
-4.249213558317062323e-02 -5.069837981609274236e-01 7.026683055930765809e-01
-4.249213558317062323e-02 -5.069837981609274236e-01 7.026683055930765809e-01
-4.249213558317062323e-02 -5.069837981609274236e-01 7.026683055930765809e-01
-4.249213559527613426e-02 -5.023173688272369874e-01 7.026716183654453385e-01
-4.249213559527613426e-02 -5.023173688272369874e-01 7.026716183654453385e-01
-4.249213559527613426e-02 -5.023173688272369874e-01 7.026716183654453385e-01
-4.249213556478735609e-02 -5.009035554003680168e-01 7.026633232418869612e-01
-4.249213556478735609e-02 -5.009035554003680168e-01 7.026633232418869612e-01
-4.249213558326576934e-02 -4.999255112642403409e-01 7.026683574462426751e-01
-4.249213558326576934e-02 -4.999255112642403409e-01 7.026683574462426751e-01
-4.249213558326576934e-02 -4.999255112642403409e-01 7.026683574462426751e-01
-4.249213558326576934e-02 -4.999255112642403409e-01 7.026683574462426751e-01
-4.249213558326576934e-02 -4.999255112642403409e-01 7.026683574462426751e-01
-4.249213558326576934e-02 -4.999255112642403409e-01 7.026683574462426751e-01
-4.249213556480123388e-02 -4.998740180236547204e-01 7.026633308053045202e-01
-4.249213556480123388e-02 -4.998740180236547204e-01 7.026633308053045202e-01
-4.249213556480123388e-02 -4.998740180236547204e-01 7.026633308053045202e-01
-4.249213556480123388e-02 -4.998740180236547204e-01 7.026633308053045202e-01
-4.249213556480123388e-02 -4.998740180236547204e-01 7.026633308053045202e-01
-4.249213554044829755e-02 -4.998955781695392231e-01 7.026567008099601219e-01
-4.249213554044829755e-02 -4.998955781695392231e-01 7.026567008099601219e-01
-4.249213554044829755e-02 -4.998955781695392231e-01 7.026567008099601219e-01
-4.249213554044829755e-02 -4.998955781695392231e-01 7.026567008099601219e-01
-4.249213554044829755e-02 -4.998955781695392231e-01 7.026567008099601219e-01
-4.249213548531967366e-02 -4.999183157211297690e-01 7.026416924405841646e-01
-4.249213548531967366e-02 -4.999183157211297690e-01 7.026416924405841646e-01
-4.249213554044788121e-02 -4.999183157762582264e-01 7.026567006429201845e-01
-4.249213554044788121e-02 -4.999183157762582264e-01 7.026567006429201845e-01
-4.249213554044788121e-02 -4.999183157762582264e-01 7.026567006429201845e-01
-4.249213545454402774e-02 -4.999350745362727277e-01 7.026333139520847260e-01
-4.249213545454402774e-02 -4.999350745362727277e-01 7.026333139520847260e-01
-4.249213545454402774e-02 -4.999350745362727277e-01 7.026333139520847260e-01
-4.249213550967190223e-02 -4.999578252807472811e-01 7.026483219872847741e-01
-4.249213550967190223e-02 -4.999578252807472811e-01 7.026483219872847741e-01
-4.249213550967190223e-02 -4.999578252807472811e-01 7.026483219872847741e-01
-4.249213550967190223e-02 -4.999578252807472811e-01 7.026483219872847741e-01
-4.249213550967190223e-02 -4.999578252807472811e-01 7.026483219872847741e-01
-4.249213549762924369e-02 -4.999650076312411873e-01 7.026450434437183645e-01
-4.249213549762924369e-02 -4.999650076312411873e-01 7.026450434437183645e-01
-4.249213552813681238e-02 -4.999805629059312917e-01 7.026533488394735016e-01
-4.249213552813681238e-02 -4.999805629059312917e-01 7.026533488394735016e-01
-4.249213552813681238e-02 -4.999805629059312917e-01 7.026533488394735016e-01
-4.249213552813681238e-02 -4.999853642302499734e-01 7.026533488042010500e-01
-4.249213552813681238e-02 -4.999853642302499734e-01 7.026533488042010500e-01
-4.249213552813681238e-02 -4.999853642302499734e-01 7.026533488042010500e-01
-4.249213552813667361e-02 -4.999949276310045043e-01 7.026533487339442496e-01
-4.249213552813667361e-02 -4.999949276310045043e-01 7.026533487339442496e-01
-4.249213552813667361e-02 -4.999949276310045043e-01 7.026533487339442496e-01
-4.249213552813667361e-02 -4.999949276310045043e-01 7.026533487339442496e-01
-4.249213552813667361e-02 -4.999949276310045043e-01 7.026533487339442496e-01
-4.249213552813667361e-02 -4.999949276310045043e-01 7.026533487339442496e-01
-4.249213552813667361e-02 -4.999949276310045043e-01 7.026533487339442496e-01
-4.262276955461094530e-02 -4.999885910946854084e-01 7.026483213311259801e-01
-4.262276955461094530e-02 -4.999885910946854084e-01 7.026483213311259801e-01
-4.262276955461094530e-02 -4.999885910946854084e-01 7.026483213311259801e-01
-4.262276960973913897e-02 -4.999909721880317903e-01 7.026633295159699921e-01
-4.262276960973913897e-02 -4.999909721880317903e-01 7.026633295159699921e-01
-4.262276960973913897e-02 -4.999909721880317903e-01 7.026633295159699921e-01
-4.262276960973913897e-02 -4.999909721880317903e-01 7.026633295159699921e-01
-4.262276960973913897e-02 -4.999909721880317903e-01 7.026633295159699921e-01
-4.249213552813656258e-02 -5.000045041143863500e-01 7.026533486635911929e-01
-4.249213552813656258e-02 -5.000045041143863500e-01 7.026533486635911929e-01
-4.249213552813656258e-02 -5.000045041143863500e-01 7.026533486635911929e-01
-4.249213554044677099e-02 -5.000021230884786894e-01 7.026567000272361252e-01
-4.249213554044677099e-02 -5.000021230884786894e-01 7.026567000272361252e-01
-4.262276954256845329e-02 -4.999838028409518964e-01 7.026450428755008915e-01
-4.262276954256845329e-02 -4.999838028409518964e-01 7.026450428755008915e-01
-4.262276954256845329e-02 -4.999838028409518964e-01 7.026450428755008915e-01
-4.262276954256845329e-02 -4.999838028409518964e-01 7.026450428755008915e-01
-4.262276954256845329e-02 -4.999838028409518964e-01 7.026450428755008915e-01
-4.249213555275686838e-02 -5.000092923806979117e-01 7.026600513207201804e-01
-4.249213555275686838e-02 -5.000092923806979117e-01 7.026600513207201804e-01
-4.249213555275686838e-02 -5.000092923806979117e-01 7.026600513207201804e-01
-4.249213555275686838e-02 -5.000092923806979117e-01 7.026600513207201804e-01
-4.249213555275686838e-02 -5.000092923806979117e-01 7.026600513207201804e-01
-4.249213552813659034e-02 -4.999997289553230750e-01 7.026533486986715760e-01
-4.249213552813659034e-02 -4.999997289553230750e-01 7.026533486986715760e-01
-4.249213552813659034e-02 -4.999997289553230750e-01 7.026533486986715760e-01
-4.249213552813650707e-02 -5.000092923560773839e-01 7.026533486284148866e-01
-4.249213552813650707e-02 -5.000092923560773839e-01 7.026533486284148866e-01
-4.249213552813650707e-02 -5.000092923560773839e-01 7.026533486284148866e-01
-4.249213552813650707e-02 -5.000092923560773839e-01 7.026533486284148866e-01
-4.249213552813650707e-02 -5.000092923560773839e-01 7.026533486284148866e-01
-4.249213559530730377e-02 -5.000068983024029690e-01 7.026716353391405656e-01
-4.249213559530730377e-02 -5.000068983024029690e-01 7.026716353391405656e-01
-4.249213559530730377e-02 -5.000068983024029690e-01 7.026716353391405656e-01
-4.249213559530730377e-02 -5.000068983024029690e-01 7.026716353391405656e-01
-4.249213559530730377e-02 -5.000068983024029690e-01 7.026716353391405656e-01
-4.249213554050525199e-02 -4.956620193583277656e-01 7.026567319114771504e-01
-4.249213554050525199e-02 -4.956620193583277656e-01 7.026567319114771504e-01
-4.249213554050525199e-02 -4.956620193583277656e-01 7.026567319114771504e-01
-4.249213555281057542e-02 -4.960235577835669929e-01 7.026600806016153333e-01
-4.249213555281057542e-02 -4.960235577835669929e-01 7.026600806016153333e-01
-4.249213555281057542e-02 -4.960235577835669929e-01 7.026600806016153333e-01
-4.249213555281057542e-02 -4.960235577835669929e-01 7.026600806016153333e-01
-4.249213555281057542e-02 -4.960235577835669929e-01 7.026600806016153333e-01
-4.249213552814999628e-02 -4.990079929257370539e-01 7.026533559843848309e-01
-4.249213552814999628e-02 -4.990079929257370539e-01 7.026533559843848309e-01
-4.249213552814999628e-02 -4.990079929257370539e-01 7.026533559843848309e-01
-4.249213552814999628e-02 -4.990079929257370539e-01 7.026533559843848309e-01
-4.249213552814999628e-02 -4.990079929257370539e-01 7.026533559843848309e-01
-4.249213555265872466e-02 -5.072837753340729838e-01 7.026599978792863466e-01
-4.249213555265872466e-02 -5.072837753340729838e-01 7.026599978792863466e-01
-4.249213555265872466e-02 -5.072837753340729838e-01 7.026599978792863466e-01
-4.249213552798804250e-02 -5.110140510740751596e-01 7.026532677827945772e-01
-4.249213552798804250e-02 -5.110140510740751596e-01 7.026532677827945772e-01
-4.249213552798804250e-02 -5.110140510740751596e-01 7.026532677827945772e-01
-4.249213552798804250e-02 -5.110140510740751596e-01 7.026532677827945772e-01
-4.249213552798804250e-02 -5.110140510740751596e-01 7.026532677827945772e-01
-4.249213555250781760e-02 -5.184673941001497477e-01 7.026599157196843359e-01
-4.249213555250781760e-02 -5.184673941001497477e-01 7.026599157196843359e-01
-4.249213555250781760e-02 -5.184673941001497477e-01 7.026599157196843359e-01
-4.249213555250781760e-02 -5.184673941001497477e-01 7.026599157196843359e-01
-4.249213555250781760e-02 -5.184673941001497477e-01 7.026599157196843359e-01
-4.249213559490942760e-02 -5.294989796937717985e-01 7.026714186778151294e-01
-4.249213559490942760e-02 -5.294989796937717985e-01 7.026714186778151294e-01
-4.249213559490942760e-02 -5.294989796937717985e-01 7.026714186778151294e-01
-4.249213555229218453e-02 -5.344515129793081520e-01 7.026597982935745001e-01
-4.249213555229218453e-02 -5.344515129793081520e-01 7.026597982935745001e-01
-4.249213555229218453e-02 -5.344515129793081520e-01 7.026597982935745001e-01
-4.249213555229218453e-02 -5.344515129793081520e-01 7.026597982935745001e-01
-4.249213555229218453e-02 -5.344515129793081520e-01 7.026597982935745001e-01
-4.249213555216509175e-02 -5.438681659003673508e-01 7.026597291148523050e-01
-4.249213555216509175e-02 -5.438681659003673508e-01 7.026597291148523050e-01
-4.249213555216509175e-02 -5.438681659003673508e-01 7.026597291148523050e-01
-4.249213555216509175e-02 -5.438681659003673508e-01 7.026597291148523050e-01
-4.249213555216509175e-02 -5.438681659003673508e-01 7.026597291148523050e-01
-4.249213555216509175e-02 -5.438681659003673508e-01 7.026597291148523050e-01
-4.249213555216509175e-02 -5.438681659003673508e-01 7.026597291148523050e-01
-4.249213555216509175e-02 -5.438681659003673508e-01 7.026597291148523050e-01
-4.249213555216509175e-02 -5.438681659003673508e-01 7.026597291148523050e-01
-4.249213555216509175e-02 -5.438681659003673508e-01 7.026597291148523050e-01
-4.249213556405780079e-02 -5.549823420913386762e-01 7.026629259562068297e-01
-4.249213556405780079e-02 -5.549823420913386762e-01 7.026629259562068297e-01
-4.249213556405780079e-02 -5.549823420913386762e-01 7.026629259562068297e-01
-4.249213555200866133e-02 -5.554623829327652862e-01 7.026596439388216320e-01
-4.249213555200866133e-02 -5.554623829327652862e-01 7.026596439388216320e-01
-4.249213555200866133e-02 -5.554623829327652862e-01 7.026596439388216320e-01
-4.249213555200866133e-02 -5.554623829327652862e-01 7.026596439388216320e-01
-4.249213555200866133e-02 -5.554623829327652862e-01 7.026596439388216320e-01
-4.249213553969387325e-02 -5.558035647648833510e-01 7.026562900862025618e-01
-4.249213553969387325e-02 -5.558035647648833510e-01 7.026562900862025618e-01
-4.249213553969387325e-02 -5.558035647648833510e-01 7.026562900862025618e-01
-4.249213553969387325e-02 -5.558035647648833510e-01 7.026562900862025618e-01
-4.249213553969387325e-02 -5.558035647648833510e-01 7.026562900862025618e-01
-4.249213556404722592e-02 -5.557604706140166773e-01 7.026629202397450813e-01
-4.249213556404722592e-02 -5.557604706140166773e-01 7.026629202397450813e-01
-4.249213556404722592e-02 -5.557604706140166773e-01 7.026629202397450813e-01
-4.249213559455543299e-02 -5.557365163534417896e-01 7.026712259257539284e-01
-4.249213559455543299e-02 -5.557365163534417896e-01 7.026712259257539284e-01
-4.249213559455543299e-02 -5.557365163534417896e-01 7.026712259257539284e-01
-4.249213559455543299e-02 -5.557365163534417896e-01 7.026712259257539284e-01
-4.249213559455543299e-02 -5.557365163534417896e-01 7.026712259257539284e-01
-4.249213560686794511e-02 -5.555605419422925406e-01 7.026745785646894005e-01
-4.249213560686794511e-02 -5.555605419422925406e-01 7.026745785646894005e-01
-4.249213560686808389e-02 -5.555521690606466390e-01 7.026745786262000859e-01
-4.249213560686808389e-02 -5.555521690606466390e-01 7.026745786262000859e-01
-4.249213560686808389e-02 -5.555521690606466390e-01 7.026745786262000859e-01
-4.249213560686808389e-02 -5.555521690606466390e-01 7.026745786262000859e-01
-4.249213560686808389e-02 -5.555521690606466390e-01 7.026745786262000859e-01
-4.249213560686808389e-02 -5.555521690606466390e-01 7.026745786262000859e-01
-4.249213564968597201e-02 -5.555605419851106230e-01 7.026862354208723849e-01
-4.249213564968597201e-02 -5.555605419851106230e-01 7.026862354208723849e-01
-4.249213562533316058e-02 -5.555677374059218021e-01 7.026796055310575717e-01
-4.249213562533316058e-02 -5.555677374059218021e-01 7.026796055310575717e-01
-4.249213562533316058e-02 -5.555677374059218021e-01 7.026796055310575717e-01
-4.249213562533316058e-02 -5.555677374059218021e-01 7.026796055310575717e-01
-4.249213562533316058e-02 -5.555677374059218021e-01 7.026796055310575717e-01
-4.249213564968611079e-02 -5.555545501416827570e-01 7.026862354648912845e-01
-4.249213564968611079e-02 -5.555545501416827570e-01 7.026862354648912845e-01
-4.249213564968611079e-02 -5.555545501416827570e-01 7.026862354648912845e-01
-4.249213564968611079e-02 -5.555545501416827570e-01 7.026862354648912845e-01
-4.249213564968611079e-02 -5.555545501416827570e-01 7.026862354648912845e-01
-4.249213564968611079e-02 -5.555545501416827570e-01 7.026862354648912845e-01
-4.249213560686797286e-02 -5.555629491457655389e-01 7.026745785470048800e-01
-4.249213560686797286e-02 -5.555629491457655389e-01 7.026745785470048800e-01
-4.249213560686786184e-02 -5.555737161482564579e-01 7.026745784679060414e-01
-4.249213560686786184e-02 -5.555737161482564579e-01 7.026745784679060414e-01
-4.249213560686786184e-02 -5.555737161482564579e-01 7.026745784679060414e-01
-4.249213559455779221e-02 -5.555581478091364822e-01 7.026712272361247402e-01
-4.249213559455779221e-02 -5.555581478091364822e-01 7.026712272361247402e-01
-4.249213559455779221e-02 -5.555581478091364822e-01 7.026712272361247402e-01
-4.249213559455779221e-02 -5.555581478091364822e-01 7.026712272361247402e-01
-4.249213559455779221e-02 -5.555581478091364822e-01 7.026712272361247402e-01
-4.249213559455748690e-02 -5.555761102567918774e-01 7.026712271041650748e-01
-4.249213559455748690e-02 -5.555761102567918774e-01 7.026712271041650748e-01
-4.249213558251523082e-02 -5.555581477970940041e-01 7.026679487453232342e-01
-4.249213558251523082e-02 -5.555581477970940041e-01 7.026679487453232342e-01
-4.249213558251523082e-02 -5.555581477970940041e-01 7.026679487453232342e-01
-4.249213568046136813e-02 -5.555677374610501484e-01 7.026946137333935916e-01
-4.249213568046136813e-02 -5.555677374610501484e-01 7.026946137333935916e-01
-4.249213568046136813e-02 -5.555677374610501484e-01 7.026946137333935916e-01
-4.249213563764331347e-02 -5.555737161790321732e-01 7.026829568332878528e-01
-4.249213563764331347e-02 -5.555737161790321732e-01 7.026829568332878528e-01
-4.249213563764331347e-02 -5.555737161790321732e-01 7.026829568332878528e-01
-4.249213563764331347e-02 -5.555737161790321732e-01 7.026829568332878528e-01
-4.249213563764331347e-02 -5.555737161790321732e-01 7.026829568332878528e-01
-4.249213558251489775e-02 -5.555808984864401001e-01 7.026679485781868184e-01
-4.249213558251489775e-02 -5.555808984864401001e-01 7.026679485781868184e-01
-4.249213558251489775e-02 -5.555808984864401001e-01 7.026679485781868184e-01
-4.249213558251489775e-02 -5.555808984864401001e-01 7.026679485781868184e-01
-4.249213558251489775e-02 -5.555808984864401001e-01 7.026679485781868184e-01
-4.249213558251489775e-02 -5.555808984864401001e-01 7.026679485781868184e-01
-4.249213558251489775e-02 -5.555808984864401001e-01 7.026679485781868184e-01
-4.249213563764309143e-02 -5.555833057450416668e-01 7.026829567628386508e-01
-4.249213563764309143e-02 -5.555833057450416668e-01 7.026829567628386508e-01
-4.249213563764309143e-02 -5.555833057450416668e-01 7.026829567628386508e-01
-4.249213555200707926e-02 -5.555856866976233155e-01 7.026596430329798970e-01
-4.249213555200707926e-02 -5.555856866976233155e-01 7.026596430329798970e-01
-4.249213555200707926e-02 -5.555856866976233155e-01 7.026596430329798970e-01
-4.249213555200707926e-02 -5.555856866976233155e-01 7.026596430329798970e-01
-4.249213555200707926e-02 -5.555856866976233155e-01 7.026596430329798970e-01
-4.249213552738669020e-02 -5.555808984313117538e-01 7.026529403758509096e-01
-4.249213552738669020e-02 -5.555808984313117538e-01 7.026529403758509096e-01
-4.249213552738669020e-02 -5.555808984313117538e-01 7.026529403758509096e-01
-4.249213552738669020e-02 -5.555808984313117538e-01 7.026529403758509096e-01
-4.249213552738669020e-02 -5.555808984313117538e-01 7.026529403758509096e-01
-4.249213552738669020e-02 -5.555808984313117538e-01 7.026529403758509096e-01
-4.249213552738669020e-02 -5.555808984313117538e-01 7.026529403758509096e-01
-4.249213552738669020e-02 -5.555808984313117538e-01 7.026529403758509096e-01
-4.249213560686766755e-02 -5.555856867524842091e-01 7.026745783799650535e-01
-4.249213560686766755e-02 -5.555856867524842091e-01 7.026745783799650535e-01
-4.249213560686766755e-02 -5.555856867524842091e-01 7.026745783799650535e-01
-4.249213560686775082e-02 -5.555785043899476028e-01 7.026745784327295130e-01
-4.249213560686775082e-02 -5.555785043899476028e-01 7.026745784327295130e-01
-4.249213560686775082e-02 -5.555785043899476028e-01 7.026745784327295130e-01
-4.249213560686775082e-02 -5.555785043899476028e-01 7.026745784327295130e-01
-4.249213560686775082e-02 -5.555785043899476028e-01 7.026745784327295130e-01
-4.249213559455745914e-02 -5.555833057019559096e-01 7.026712270513042480e-01
-4.249213559455745914e-02 -5.555833057019559096e-01 7.026712270513042480e-01
-4.249213559455745914e-02 -5.555833057019559096e-01 7.026712270513042480e-01
-4.249213559455745914e-02 -5.555833057019559096e-01 7.026712270513042480e-01
-4.249213559455745914e-02 -5.555833057019559096e-01 7.026712270513042480e-01
-4.249213558251492551e-02 -5.555856867281313560e-01 7.026679485430104011e-01
-4.249213558251492551e-02 -5.555856867281313560e-01 7.026679485430104011e-01
-4.249213558251492551e-02 -5.555856867281313560e-01 7.026679485430104011e-01
-4.249213558251492551e-02 -5.555856867281313560e-01 7.026679485430104011e-01
-4.249213558251492551e-02 -5.555856867281313560e-01 7.026679485430104011e-01
-4.249213555200707926e-02 -5.555856866976233155e-01 7.026596430329798970e-01
-4.249213555200707926e-02 -5.555856866976233155e-01 7.026596430329798970e-01
-4.249213555200707926e-02 -5.555856866976233155e-01 7.026596430329798970e-01
-4.249213555200707926e-02 -5.555856866976233155e-01 7.026596430329798970e-01
-4.249213555200707926e-02 -5.555856866976233155e-01 7.026596430329798970e-01
-4.249213555200707926e-02 -5.555856866976233155e-01 7.026596430329798970e-01
-4.249213555200707926e-02 -5.555856866976233155e-01 7.026596430329798970e-01
-4.249213555200707926e-02 -5.555856866976233155e-01 7.026596430329798970e-01
-4.249213553969687085e-02 -5.555808984436220177e-01 7.026562917220037230e-01
-4.249213553969687085e-02 -5.555808984436220177e-01 7.026562917220037230e-01
-4.249213553969687085e-02 -5.555808984436220177e-01 7.026562917220037230e-01
-4.249213553969687085e-02 -5.555808984436220177e-01 7.026562917220037230e-01
-4.249213553969687085e-02 -5.555808984436220177e-01 7.026562917220037230e-01
-4.249213560686745245e-02 -5.555988609584484594e-01 7.026745782831816944e-01
-4.249213560686745245e-02 -5.555988609584484594e-01 7.026745782831816944e-01
-4.249213560686745245e-02 -5.555988609584484594e-01 7.026745782831816944e-01
-4.249213560686745245e-02 -5.555988609584484594e-01 7.026745782831816944e-01
-4.249213560686745245e-02 -5.555988609584484594e-01 7.026745782831816944e-01
-4.249213555200705150e-02 -5.555808984559323926e-01 7.026596430681564254e-01
-4.249213555200705150e-02 -5.555808984559323926e-01 7.026596430681564254e-01
-4.249213555200705150e-02 -5.555808984559323926e-01 7.026596430681564254e-01
-4.249213559455748690e-02 -5.555856867401738342e-01 7.026712270338122401e-01
-4.249213559455748690e-02 -5.555856867401738342e-01 7.026712270338122401e-01
-4.249213559455748690e-02 -5.555856867401738342e-01 7.026712270338122401e-01
-4.249213559455748690e-02 -5.555856867401738342e-01 7.026712270338122401e-01
-4.249213559455748690e-02 -5.555856867401738342e-01 7.026712270338122401e-01
-4.249213558251500877e-02 -5.555785043655946387e-01 7.026679485957751936e-01
-4.249213558251500877e-02 -5.555785043655946387e-01 7.026679485957751936e-01
-4.249213558251500877e-02 -5.555785043655946387e-01 7.026679485957751936e-01
-4.249213558251500877e-02 -5.555785043655946387e-01 7.026679485957751936e-01
-4.249213558251500877e-02 -5.555785043655946387e-01 7.026679485957751936e-01
-4.249213556404986269e-02 -5.555677373446383793e-01 7.026629216556451452e-01
-4.249213556404986269e-02 -5.555677373446383793e-01 7.026629216556451452e-01
-4.249213556404986269e-02 -5.555677373446383793e-01 7.026629216556451452e-01
-4.249213559455757711e-02 -5.555785043776373389e-01 7.026712270865768106e-01
-4.249213559455757711e-02 -5.555785043776373389e-01 7.026712270865768106e-01
-4.249213553969678758e-02 -5.555892713252675863e-01 7.026562916604929265e-01
-4.249213553969678758e-02 -5.555892713252675863e-01 7.026562916604929265e-01
-4.249213553969678758e-02 -5.555892713252675863e-01 7.026562916604929265e-01
-4.249213558251489775e-02 -5.555808984864401001e-01 7.026679485781868184e-01
-4.249213558251489775e-02 -5.555808984864401001e-01 7.026679485781868184e-01
-4.249213558251489775e-02 -5.555808984864401001e-01 7.026679485781868184e-01
-4.249213558251489775e-02 -5.555808984864401001e-01 7.026679485781868184e-01
-4.249213558251489775e-02 -5.555808984864401001e-01 7.026679485781868184e-01
-4.249213556404964065e-02 -5.555856867096659046e-01 7.026629215237816251e-01
-4.249213556404964065e-02 -5.555856867096659046e-01 7.026629215237816251e-01
-4.249213556404964065e-02 -5.555856867096659046e-01 7.026629215237816251e-01
-4.249213556404964065e-02 -5.555856867096659046e-01 7.026629215237816251e-01
-4.249213556404964065e-02 -5.555856867096659046e-01 7.026629215237816251e-01
-4.249213556404964065e-02 -5.555856867096659046e-01 7.026629215237816251e-01
-4.249213556404964065e-02 -5.555856867096659046e-01 7.026629215237816251e-01
-4.249213556404964065e-02 -5.555856867096659046e-01 7.026629215237816251e-01
-4.249213558251489775e-02 -5.555808984864401001e-01 7.026679485781868184e-01
-4.249213558251489775e-02 -5.555808984864401001e-01 7.026679485781868184e-01
-4.249213558251489775e-02 -5.555808984864401001e-01 7.026679485781868184e-01
-4.249213558251489775e-02 -5.555808984864401001e-01 7.026679485781868184e-01
-4.249213558251489775e-02 -5.555808984864401001e-01 7.026679485781868184e-01
-4.249213553969687085e-02 -5.555833056470951270e-01 7.026562917043193135e-01
-4.249213553969687085e-02 -5.555833056470951270e-01 7.026562917043193135e-01
-4.249213553969687085e-02 -5.555833056470951270e-01 7.026562917043193135e-01
-4.249213553969687085e-02 -5.555833056470951270e-01 7.026562917043193135e-01
-4.249213553969687085e-02 -5.555833056470951270e-01 7.026562917043193135e-01
-4.249213555200694048e-02 -5.555916785410509595e-01 7.026596429889613304e-01
-4.249213555200694048e-02 -5.555916785410509595e-01 7.026596429889613304e-01
-4.249213555200694048e-02 -5.555916785410509595e-01 7.026596429889613304e-01
-4.249213555200694048e-02 -5.555916785410509595e-01 7.026596429889613304e-01
-4.249213555200694048e-02 -5.555916785410509595e-01 7.026596429889613304e-01
-4.249213555200694048e-02 -5.555916785410509595e-01 7.026596429889613304e-01
-4.249213555200694048e-02 -5.555916785410509595e-01 7.026596429889613304e-01
-4.249213555200694048e-02 -5.555916785410509595e-01 7.026596429889613304e-01
-4.249213556404950187e-02 -5.555916785530934376e-01 7.026629214797628364e-01
-4.249213556404950187e-02 -5.555916785530934376e-01 7.026629214797628364e-01
-4.249213556404950187e-02 -5.555916785530934376e-01 7.026629214797628364e-01
-4.249213556404950187e-02 -5.555916785530934376e-01 7.026629214797628364e-01
-4.249213556404950187e-02 -5.555916785530934376e-01 7.026629214797628364e-01
-4.249214410437196499e-02 -5.555892798899740859e-01 7.049879543185636477e-01
-4.249214410437196499e-02 -5.555892798899740859e-01 7.049879543185636477e-01
-4.249214950372485339e-02 -5.555761241660102101e-01 7.064578839799690035e-01
-4.249214950372485339e-02 -5.555761241660102101e-01 7.064578839799690035e-01
-4.249214950372485339e-02 -5.555761241660102101e-01 7.064578839799690035e-01
-4.249216439262219758e-02 -5.555785331758077428e-01 7.105112642787295707e-01
-4.249216439262219758e-02 -5.555785331758077428e-01 7.105112642787295707e-01
-4.249216439262219758e-02 -5.555785331758077428e-01 7.105112642787295707e-01
-4.249216439262219758e-02 -5.555785331758077428e-01 7.105112642787295707e-01
-4.249216439262219758e-02 -5.555785331758077428e-01 7.105112642787295707e-01
-4.249219451296083749e-02 -5.555857456587937060e-01 7.187112797081293136e-01
-4.249219451296083749e-02 -5.555857456587937060e-01 7.187112797081293136e-01
-4.249219451296083749e-02 -5.555857456587937060e-01 7.187112797081293136e-01
-4.249219451296083749e-02 -5.555857456587937060e-01 7.187112797081293136e-01
-4.249219451296083749e-02 -5.555857456587937060e-01 7.187112797081293136e-01
-4.236159711177826803e-02 -5.555836710626727015e-01 7.310346170897941143e-01
-4.236159711177826803e-02 -5.555836710626727015e-01 7.310346170897941143e-01
-4.236159711177826803e-02 -5.555836710626727015e-01 7.310346170897941143e-01
-4.236159711177826803e-02 -5.555836710626727015e-01 7.310346170897941143e-01
-4.236159711177826803e-02 -5.555836710626727015e-01 7.310346170897941143e-01
-4.236165265050137463e-02 -5.555945066867185034e-01 7.461545794552955080e-01
-4.236165265050137463e-02 -5.555945066867185034e-01 7.461545794552955080e-01
-4.236165265050137463e-02 -5.555945066867185034e-01 7.461545794552955080e-01
-4.236165265050137463e-02 -5.555945066867185034e-01 7.461545794552955080e-01
-4.236165265050137463e-02 -5.555945066867185034e-01 7.461545794552955080e-01
-4.236165265050137463e-02 -5.555945066867185034e-01 7.461545794552955080e-01
-4.236170301038449937e-02 -5.555993452884778749e-01 7.598646451094418497e-01
-4.236170301038449937e-02 -5.555993452884778749e-01 7.598646451094418497e-01
-4.236170301038449937e-02 -5.555993452884778749e-01 7.598646451094418497e-01
-4.236170301038449937e-02 -5.555993452884778749e-01 7.598646451094418497e-01
-4.236170301038449937e-02 -5.555993452884778749e-01 7.598646451094418497e-01
-4.236173582424479500e-02 -5.555814287374304383e-01 7.687979498327524031e-01
-4.236173582424479500e-02 -5.555814287374304383e-01 7.687979498327524031e-01
-4.236174440096222849e-02 -5.556029713191622532e-01 7.711328908234268420e-01
-4.236174440096222849e-02 -5.556029713191622532e-01 7.711328908234268420e-01
-4.236174440096222849e-02 -5.556029713191622532e-01 7.711328908234268420e-01
-4.236174440096222849e-02 -5.556029713191622532e-01 7.711328908234268420e-01
-4.236174440096222849e-02 -5.556029713191622532e-01 7.711328908234268420e-01
-4.236175988984713925e-02 -5.555970211299313677e-01 7.753496128808712307e-01
-4.236175988984713925e-02 -5.555970211299313677e-01 7.753496128808712307e-01
-4.236175988984713925e-02 -5.555970211299313677e-01 7.753496128808712307e-01
-4.236175988984713925e-02 -5.555970211299313677e-01 7.753496128808712307e-01
-4.236175988984713925e-02 -5.555970211299313677e-01 7.753496128808712307e-01
-4.236175988984713925e-02 -5.555970211299313677e-01 7.753496128808712307e-01
-4.236175988984713925e-02 -5.555970211299313677e-01 7.753496128808712307e-01
-4.236175988984713925e-02 -5.555970211299313677e-01 7.753496128808712307e-01
-4.236176249184482601e-02 -5.556053966135842126e-01 7.760579853985508647e-01
-4.236176249184482601e-02 -5.556053966135842126e-01 7.760579853985508647e-01
-4.236176249184482601e-02 -5.556053966135842126e-01 7.760579853985508647e-01
-4.236176244875917984e-02 -5.556029893670253461e-01 7.760462557047008714e-01
-4.236176244875917984e-02 -5.556029893670253461e-01 7.760462557047008714e-01
-4.236176244875917984e-02 -5.556029893670253461e-01 7.760462557047008714e-01
-4.236176244875917984e-02 -5.556029893670253461e-01 7.760462557047008714e-01
-4.236176244875917984e-02 -5.556029893670253461e-01 7.760462557047008714e-01
-4.236176232619282001e-02 -5.555898281211216760e-01 7.760128880505633431e-01
-4.236176232619282001e-02 -5.555898281211216760e-01 7.760128880505633431e-01
-4.236176232619282001e-02 -5.555898281211216760e-01 7.760128880505633431e-01
-4.236176232619282001e-02 -5.555898281211216760e-01 7.760128880505633431e-01
-4.236176232619282001e-02 -5.555898281211216760e-01 7.760128880505633431e-01
-4.236176214903301929e-02 -5.556053962707712124e-01 7.759646576937334617e-01
-4.236176214903301929e-02 -5.556053962707712124e-01 7.759646576937334617e-01
-4.236176214903301929e-02 -5.556053962707712124e-01 7.759646576937334617e-01
-4.236176214903301929e-02 -5.556053962707712124e-01 7.759646576937334617e-01
-4.236176214903301929e-02 -5.556053962707712124e-01 7.759646576937334617e-01
-4.236176198364849377e-02 -5.555970232237402717e-01 7.759196331482357545e-01
-4.236176198364849377e-02 -5.555970232237402717e-01 7.759196331482357545e-01
-4.236176198364849377e-02 -5.555970232237402717e-01 7.759196331482357545e-01
-4.236176192825277798e-02 -5.555922218440257909e-01 7.759045521258211009e-01
-4.236176192825277798e-02 -5.555922218440257909e-01 7.759045521258211009e-01
-4.236176192825277798e-02 -5.555922218440257909e-01 7.759045521258211009e-01
-4.236176192825277798e-02 -5.555922218440257909e-01 7.759045521258211009e-01
-4.236176192825277798e-02 -5.555922218440257909e-01 7.759045521258211009e-01
-4.236176195287294499e-02 -5.556053960746102360e-01 7.759112547213434796e-01
-4.236176195287294499e-02 -5.556053960746102360e-01 7.759112547213434796e-01
-4.236176195287294499e-02 -5.556053960746102360e-01 7.759112547213434796e-01
-4.236176195287294499e-02 -5.556053960746102360e-01 7.759112547213434796e-01
-4.236176195287294499e-02 -5.556053960746102360e-01 7.759112547213434796e-01
-4.236176195287294499e-02 -5.556053960746102360e-01 7.759112547213434796e-01
-4.236176195287294499e-02 -5.556053960746102360e-01 7.759112547213434796e-01
-4.236176195287294499e-02 -5.556053960746102360e-01 7.759112547213434796e-01
-4.236178379006502737e-02 -5.555994260684552488e-01 7.818562514188607260e-01
-4.236178379006502737e-02 -5.555994260684552488e-01 7.818562514188607260e-01
-4.236178379006502737e-02 -5.555994260684552488e-01 7.818562514188607260e-01
-4.236178379006502737e-02 -5.555994260684552488e-01 7.818562514188607260e-01
-4.236178379006502737e-02 -5.555994260684552488e-01 7.818562514188607260e-01
-4.236182450144207468e-02 -5.555898902965992203e-01 7.929395903483249519e-01
-4.236182450144207468e-02 -5.555898902965992203e-01 7.929395903483249519e-01
-4.236182450144207468e-02 -5.555898902965992203e-01 7.929395903483249519e-01
-4.236182450144207468e-02 -5.555898902965992203e-01 7.929395903483249519e-01
-4.236182450144207468e-02 -5.555898902965992203e-01 7.929395903483249519e-01
-4.236182450144207468e-02 -5.555898902965992203e-01 7.929395903483249519e-01
-4.236182450144207468e-02 -5.555898902965992203e-01 7.929395903483249519e-01
-4.236182450144207468e-02 -5.555898902965992203e-01 7.929395903483249519e-01
-4.249254011275099829e-02 -5.555813030181623313e-01 8.127979916093379664e-01
-4.249254011275099829e-02 -5.555813030181623313e-01 8.127979916093379664e-01
-4.249254011275099829e-02 -5.555813030181623313e-01 8.127979916093379664e-01
-4.249254011275099829e-02 -5.555813030181623313e-01 8.127979916093379664e-01
-4.249254011275099829e-02 -5.555813030181623313e-01 8.127979916093379664e-01
-4.249256042535382027e-02 -5.555765350891486154e-01 8.183279313625354545e-01
-4.249256042535382027e-02 -5.555765350891486154e-01 8.183279313625354545e-01
-4.249256042535382027e-02 -5.555765350891486154e-01 8.183279313625354545e-01
-4.249256042535382027e-02 -5.555765350891486154e-01 8.183279313625354545e-01
-4.249256042535382027e-02 -5.555765350891486154e-01 8.183279313625354545e-01
-4.249260318744636777e-02 -5.555813660930893905e-01 8.299695607423005494e-01
-4.249260318744636777e-02 -5.555813660930893905e-01 8.299695607423005494e-01
-4.249260318744636777e-02 -5.555813660930893905e-01 8.299695607423005494e-01
-4.249261663765814545e-02 -5.555789854225048341e-01 8.336312707084776452e-01
-4.249261663765814545e-02 -5.555789854225048341e-01 8.336312707084776452e-01
-4.249261663765814545e-02 -5.555789854225048341e-01 8.336312707084776452e-01
-4.249261663765814545e-02 -5.555789854225048341e-01 8.336312707084776452e-01
-4.249261663765814545e-02 -5.555789854225048341e-01 8.336312707084776452e-01
-4.249263071221018317e-02 -5.555706135328354334e-01 8.374629522528967973e-01
-4.249263071221018317e-02 -5.555706135328354334e-01 8.374629522528967973e-01
-4.249263399340871827e-02 -5.555861851408558927e-01 8.383562315989240288e-01
-4.249263399340871827e-02 -5.555861851408558927e-01 8.383562315989240288e-01
-4.249263399340871827e-02 -5.555861851408558927e-01 8.383562315989240288e-01
-4.249263399340871827e-02 -5.555861851408558927e-01 8.383562315989240288e-01
-4.249263399340871827e-02 -5.555861851408558927e-01 8.383562315989240288e-01
-4.249263461186152113e-02 -5.555813975176199238e-01 8.385246003505985035e-01
-4.249263461186152113e-02 -5.555813975176199238e-01 8.385246003505985035e-01
-4.249263461186152113e-02 -5.555813975176199238e-01 8.385246003505985035e-01
-4.249263461186152113e-02 -5.555813975176199238e-01 8.385246003505985035e-01
-4.249263461186152113e-02 -5.555813975176199238e-01 8.385246003505985035e-01
-4.249263461186152113e-02 -5.555813975176199238e-01 8.385246003505985035e-01
-4.249263437930635157e-02 -5.555742149225271209e-01 8.384612891032173776e-01
-4.249263437930635157e-02 -5.555742149225271209e-01 8.384612891032173776e-01
-4.249263425673953376e-02 -5.555813971624966596e-01 8.384279212996280650e-01
-4.249263425673953376e-02 -5.555813971624966596e-01 8.384279212996280650e-01
-4.249263425673953376e-02 -5.555813971624966596e-01 8.384279212996280650e-01
-4.249263399340869052e-02 -5.555813968991649698e-01 8.383562316341005571e-01
-4.249263399340869052e-02 -5.555813968991649698e-01 8.383562316341005571e-01
-4.249263399340869052e-02 -5.555813968991649698e-01 8.383562316341005571e-01
-4.249263399340869052e-02 -5.555813968991649698e-01 8.383562316341005571e-01
-4.249263399340869052e-02 -5.555813968991649698e-01 8.383562316341005571e-01
-4.249263374854311826e-02 -5.555838038577713967e-01 8.382895689701178599e-01
-4.249263374854311826e-02 -5.555838038577713967e-01 8.382895689701178599e-01
-4.249263374854311826e-02 -5.555838038577713967e-01 8.382895689701178599e-01
-4.249263374854311826e-02 -5.555838038577713967e-01 8.382895689701178599e-01
-4.249263374854311826e-02 -5.555838038577713967e-01 8.382895689701178599e-01
-4.249263374854311826e-02 -5.555838038577713967e-01 8.382895689701178599e-01
-4.249263374854311826e-02 -5.555838038577713967e-01 8.382895689701178599e-01
-4.249263374854311826e-02 -5.555838038577713967e-01 8.382895689701178599e-01
-4.249264133375602048e-02 -5.555861924812302011e-01 8.403545810255028670e-01
-4.249264133375602048e-02 -5.555861924812302011e-01 8.403545810255028670e-01
-4.249265299016000141e-02 -5.555969842227957978e-01 8.435279414761660544e-01
-4.249265299016000141e-02 -5.555969842227957978e-01 8.435279414761660544e-01
-4.249265299016000141e-02 -5.555969842227957978e-01 8.435279414761660544e-01
-4.249265299016000141e-02 -5.555969842227957978e-01 8.435279414761660544e-01
-4.249265299016000141e-02 -5.555969842227957978e-01 8.435279414761660544e-01
-4.249269873372528428e-02 -5.555790675188736483e-01 8.559812524901834196e-01
-4.249269873372528428e-02 -5.555790675188736483e-01 8.559812524901834196e-01
-4.249269873372528428e-02 -5.555790675188736483e-01 8.559812524901834196e-01
-4.249271381824751281e-02 -5.555742943617600904e-01 8.600878901033961466e-01
-4.249271381824751281e-02 -5.555742943617600904e-01 8.600878901033961466e-01
-4.249271381824751281e-02 -5.555742943617600904e-01 8.600878901033961466e-01
-4.249272530926678781e-02 -5.555766999736672096e-01 8.632162260086583272e-01
-4.249272530926678781e-02 -5.555766999736672096e-01 8.632162260086583272e-01
-4.249277597529892148e-02 -5.555863271232676093e-01 8.770096381493388549e-01
-4.249277597529892148e-02 -5.555863271232676093e-01 8.770096381493388549e-01
-4.249277597529892148e-02 -5.555863271232676093e-01 8.770096381493388549e-01
-4.249277597529892148e-02 -5.555863271232676093e-01 8.770096381493388549e-01
-4.249277597529892148e-02 -5.555863271232676093e-01 8.770096381493388549e-01
-4.249280272238021433e-02 -5.555767773870652348e-01 8.842913120006631322e-01
-4.249280272238021433e-02 -5.555767773870652348e-01 8.842913120006631322e-01
-4.249280272238021433e-02 -5.555767773870652348e-01 8.842913120006631322e-01
-4.249280272238021433e-02 -5.555767773870652348e-01 8.842913120006631322e-01
-4.249280272238021433e-02 -5.555767773870652348e-01 8.842913120006631322e-01
-4.249284497012136702e-02 -5.555792137558068777e-01 8.957929134131141780e-01
-4.249284497012136702e-02 -5.555792137558068777e-01 8.957929134131141780e-01
-4.249284497012136702e-02 -5.555792137558068777e-01 8.957929134131141780e-01
-4.249284497012136702e-02 -5.555792137558068777e-01 8.957929134131141780e-01
-4.249284497012136702e-02 -5.555792137558068777e-01 8.957929134131141780e-01
-4.249284497012136702e-02 -5.555792137558068777e-01 8.957929134131141780e-01
-4.262351240455578699e-02 -5.555657151824064943e-01 9.048829295341475065e-01
-4.262351240455578699e-02 -5.555657151824064943e-01 9.048829295341475065e-01
-4.262351240455578699e-02 -5.555657151824064943e-01 9.048829295341475065e-01
-4.262351240455578699e-02 -5.555657151824064943e-01 9.048829295341475065e-01
-4.262351240455578699e-02 -5.555657151824064943e-01 9.048829295341475065e-01
-4.249288319002428316e-02 -5.555900189783414822e-01 9.061979688739588701e-01
-4.249288319002428316e-02 -5.555900189783414822e-01 9.061979688739588701e-01
-4.249288319002428316e-02 -5.555900189783414822e-01 9.061979688739588701e-01
-4.249288319002428316e-02 -5.555900189783414822e-01 9.061979688739588701e-01
-4.249288319002428316e-02 -5.555900189783414822e-01 9.061979688739588701e-01
-4.249288617738435775e-02 -5.555816490840668198e-01 9.070112532203103983e-01
-4.249288617738435775e-02 -5.555816490840668198e-01 9.070112532203103983e-01
-4.249288617738435775e-02 -5.555816490840668198e-01 9.070112532203103983e-01
-4.249288617738435775e-02 -5.555816490840668198e-01 9.070112532203103983e-01
-4.249288617738435775e-02 -5.555816490840668198e-01 9.070112532203103983e-01
-4.249288605481776199e-02 -5.555840561649729725e-01 9.069778854518013578e-01
-4.249288605481776199e-02 -5.555840561649729725e-01 9.069778854518013578e-01
-4.249288605481776199e-02 -5.555840561649729725e-01 9.069778854518013578e-01
-4.249288595713903577e-02 -5.555924289489394541e-01 9.069512931871223094e-01
-4.249288595713903577e-02 -5.555924289489394541e-01 9.069512931871223094e-01
-4.249288595713903577e-02 -5.555924289489394541e-01 9.069512931871223094e-01
-4.249288595713903577e-02 -5.555924289489394541e-01 9.069512931871223094e-01
-4.249288595713903577e-02 -5.555924289489394541e-01 9.069512931871223094e-01
-4.249288595713903577e-02 -5.555924289489394541e-01 9.069512931871223094e-01
-4.249288595713903577e-02 -5.555924289489394541e-01 9.069512931871223094e-01
-4.249288571221370575e-02 -5.600235090263536719e-01 9.068845979882302899e-01
-4.249288571221370575e-02 -5.600235090263536719e-01 9.068845979882302899e-01
-4.249288571221370575e-02 -5.600235090263536719e-01 9.068845979882302899e-01
-4.249288553478671598e-02 -5.600079536047436468e-01 9.068362950046959803e-01
-4.249288553478671598e-02 -5.600079536047436468e-01 9.068362950046959803e-01
-4.249288553478671598e-02 -5.600079536047436468e-01 9.068362950046959803e-01
-4.249288546119345950e-02 -5.599899910834947869e-01 9.068162599150908498e-01
-4.249288546119345950e-02 -5.599899910834947869e-01 9.068162599150908498e-01
-4.249288546119345950e-02 -5.599899910834947869e-01 9.068162599150908498e-01
-4.249288546119345950e-02 -5.599899910834947869e-01 9.068162599150908498e-01
-4.249288546119345950e-02 -5.599899910834947869e-01 9.068162599150908498e-01
-4.249288522866857820e-02 -5.577310004655974263e-01 9.067529652104454607e-01
-4.249288522866857820e-02 -5.577310004655974263e-01 9.067529652104454607e-01
-4.249288522866857820e-02 -5.577310004655974263e-01 9.067529652104454607e-01
-4.249288522866857820e-02 -5.577310004655974263e-01 9.067529652104454607e-01
-4.249288522866857820e-02 -5.577310004655974263e-01 9.067529652104454607e-01
-4.249288516102910085e-02 -5.527976069539409787e-01 9.067345690494044153e-01
-4.249288516102910085e-02 -5.527976069539409787e-01 9.067345690494044153e-01
-4.249288516102910085e-02 -5.527976069539409787e-01 9.067345690494044153e-01
-4.249288516102910085e-02 -5.527976069539409787e-01 9.067345690494044153e-01
-4.249288516102910085e-02 -5.527976069539409787e-01 9.067345690494044153e-01
-4.249288516102910085e-02 -5.527976069539409787e-01 9.067345690494044153e-01
-4.249288516102910085e-02 -5.527976069539409787e-01 9.067345690494044153e-01
-4.249288516102910085e-02 -5.527976069539409787e-01 9.067345690494044153e-01
-4.249288513070793860e-02 -5.389623488707213639e-01 9.067263651790411494e-01
-4.249288513070793860e-02 -5.389623488707213639e-01 9.067263651790411494e-01
-4.249288513070793860e-02 -5.389623488707213639e-01 9.067263651790411494e-01
-4.249288513070793860e-02 -5.389623488707213639e-01 9.067263651790411494e-01
-4.249288513070793860e-02 -5.389623488707213639e-01 9.067263651790411494e-01
-4.262351915141122244e-02 -5.303186915318701677e-01 9.067197984119160781e-01
-4.262351915141122244e-02 -5.303186915318701677e-01 9.067197984119160781e-01
-4.262351915141122244e-02 -5.303186915318701677e-01 9.067197984119160781e-01
-4.262351915141122244e-02 -5.303186915318701677e-01 9.067197984119160781e-01
-4.262351915141122244e-02 -5.303186915318701677e-01 9.067197984119160781e-01
-4.262351915141122244e-02 -5.303186915318701677e-01 9.067197984119160781e-01
-4.262351915141122244e-02 -5.303186915318701677e-01 9.067197984119160781e-01
-4.262351915141122244e-02 -5.303186915318701677e-01 9.067197984119160781e-01
-4.249288511900026905e-02 -5.141398030318515833e-01 9.067232690451785260e-01
-4.249288511900026905e-02 -5.141398030318515833e-01 9.067232690451785260e-01
-4.249288511911573224e-02 -5.055827049074733681e-01 9.067233319092471433e-01
-4.249288511911573224e-02 -5.055827049074733681e-01 9.067233319092471433e-01
-4.249288511911573224e-02 -5.055827049074733681e-01 9.067233319092471433e-01
-4.249288511911573224e-02 -5.055827049074733681e-01 9.067233319092471433e-01
-4.249288511911573224e-02 -5.055827049074733681e-01 9.067233319092471433e-01
-4.249288517403344845e-02 -5.013472566166781164e-01 9.067382983716298916e-01
-4.249288517403344845e-02 -5.013472566166781164e-01 9.067382983716298916e-01
-4.249288517403344845e-02 -5.013472566166781164e-01 9.067382983716298916e-01
-4.249288517403344845e-02 -5.013472566166781164e-01 9.067382983716298916e-01
-4.249288517403344845e-02 -5.013472566166781164e-01 9.067382983716298916e-01
-4.262351920671951511e-02 -4.971317809049039527e-01 9.067349775640080045e-01
-4.262351920671951511e-02 -4.971317809049039527e-01 9.067349775640080045e-01
-4.262351920671951511e-02 -4.971317809049039527e-01 9.067349775640080045e-01
-4.262351920671951511e-02 -4.971317809049039527e-01 9.067349775640080045e-01
-4.262351920671951511e-02 -4.971317809049039527e-01 9.067349775640080045e-01
-4.262351920671951511e-02 -4.971317809049039527e-01 9.067349775640080045e-01
-4.249288516181874698e-02 -4.942710072600257076e-01 9.067349990106035040e-01
-4.249288516181874698e-02 -4.942710072600257076e-01 9.067349990106035040e-01
-4.249288516181874698e-02 -4.942710072600257076e-01 9.067349990106035040e-01
-4.249288516181874698e-02 -4.942710072600257076e-01 9.067349990106035040e-01
-4.249288516181874698e-02 -4.942710072600257076e-01 9.067349990106035040e-01
-4.249288516182155029e-02 -4.940638831003189013e-01 9.067350005322249995e-01
-4.249288516182155029e-02 -4.940638831003189013e-01 9.067350005322249995e-01
-4.249288516182155029e-02 -4.940638831003189013e-01 9.067350005322249995e-01
-4.249288516182155029e-02 -4.940638831003189013e-01 9.067350005322249995e-01
-4.249288516182155029e-02 -4.940638831003189013e-01 9.067350005322249995e-01
-4.249288516182155029e-02 -4.940638831003189013e-01 9.067350005322249995e-01
-4.249288516182155029e-02 -4.940638831003189013e-01 9.067350005322249995e-01
-4.249288520494104437e-02 -4.915570947092379184e-01 9.067467486596895165e-01
-4.249288520494104437e-02 -4.915570947092379184e-01 9.067467486596895165e-01
-4.249288520494104437e-02 -4.915570947092379184e-01 9.067467486596895165e-01
-4.249288520494104437e-02 -4.915570947092379184e-01 9.067467486596895165e-01
-4.249288520494104437e-02 -4.915570947092379184e-01 9.067467486596895165e-01
-4.249288520494104437e-02 -4.915570947092379184e-01 9.067467486596895165e-01
-4.249288518650053137e-02 -4.897194957394983561e-01 9.067417351402409231e-01
-4.249288518650053137e-02 -4.897194957394983561e-01 9.067417351402409231e-01
-4.249288518650053137e-02 -4.897194957394983561e-01 9.067417351402409231e-01
-4.249288518650053137e-02 -4.897194957394983561e-01 9.067417351402409231e-01
-4.249288518650053137e-02 -4.897194957394983561e-01 9.067417351402409231e-01
-4.262351925000648634e-02 -4.822166958981817242e-01 9.067468168480767865e-01
-4.262351925000648634e-02 -4.822166958981817242e-01 9.067468168480767865e-01
-4.249288521745146069e-02 -4.767102617397787068e-01 9.067502090769680168e-01
-4.249288521745146069e-02 -4.767102617397787068e-01 9.067502090769680168e-01
-4.249288521745146069e-02 -4.767102617397787068e-01 9.067502090769680168e-01
-4.249288517441841828e-02 -4.728207703545291851e-01 9.067385079392847880e-01
-4.249288517441841828e-02 -4.728207703545291851e-01 9.067385079392847880e-01
-4.249288517441841828e-02 -4.728207703545291851e-01 9.067385079392847880e-01
-4.249288517441841828e-02 -4.728207703545291851e-01 9.067385079392847880e-01
-4.249288517441841828e-02 -4.728207703545291851e-01 9.067385079392847880e-01
-4.249288521759630316e-02 -4.659719756162248316e-01 9.067502879649678160e-01
-4.249288521759630316e-02 -4.659719756162248316e-01 9.067502879649678160e-01
-4.249288521759630316e-02 -4.659719756162248316e-01 9.067502879649678160e-01
-4.249288521759630316e-02 -4.659719756162248316e-01 9.067502879649678160e-01
-4.249288521759630316e-02 -4.659719756162248316e-01 9.067502879649678160e-01
-4.249288523014928959e-02 -4.479790716163334352e-01 9.067537714946165561e-01
-4.249288523014928959e-02 -4.479790716163334352e-01 9.067537714946165561e-01
-4.249288523014928959e-02 -4.479790716163334352e-01 9.067537714946165561e-01
-4.249288523014928959e-02 -4.479790716163334352e-01 9.067537714946165561e-01
-4.249288523014928959e-02 -4.479790716163334352e-01 9.067537714946165561e-01
-4.262351925066265590e-02 -4.335748128332530538e-01 9.067471741919592709e-01
-4.262351925066265590e-02 -4.335748128332530538e-01 9.067471741919592709e-01
-4.262351925066265590e-02 -4.335748128332530538e-01 9.067471741919592709e-01
-4.262351925066265590e-02 -4.335748128332530538e-01 9.067471741919592709e-01
-4.262351925066265590e-02 -4.335748128332530538e-01 9.067471741919592709e-01
-4.262351925066265590e-02 -4.335748128332530538e-01 9.067471741919592709e-01
-4.249288520579955208e-02 -4.279247052465533496e-01 9.067472161301834976e-01
-4.249288520579955208e-02 -4.279247052465533496e-01 9.067472161301834976e-01
-4.249288520583989481e-02 -4.249294834533305920e-01 9.067472381343517629e-01
-4.249288520583989481e-02 -4.249294834533305920e-01 9.067472381343517629e-01
-4.249288520583989481e-02 -4.249294834533305920e-01 9.067472381343517629e-01
-4.249288520583989481e-02 -4.249294834533305920e-01 9.067472381343517629e-01
-4.249288520583989481e-02 -4.249294834533305920e-01 9.067472381343517629e-01
-4.249288518743261911e-02 -4.206329719250208043e-01 9.067422426791167389e-01
-4.249288518743261911e-02 -4.206329719250208043e-01 9.067422426791167389e-01
-4.249288518743261911e-02 -4.206329719250208043e-01 9.067422426791167389e-01
-4.249288520591859575e-02 -4.191030436861172825e-01 9.067472809378471776e-01
-4.249288520591859575e-02 -4.191030436861172825e-01 9.067472809378471776e-01
-4.249288520591859575e-02 -4.191030436861172825e-01 9.067472809378471776e-01
-4.249288520591859575e-02 -4.191030436861172825e-01 9.067472809378471776e-01
-4.249288520591859575e-02 -4.191030436861172825e-01 9.067472809378471776e-01
-4.249288523055132910e-02 -4.181788541925413050e-01 9.067539904196398881e-01
-4.249288523055132910e-02 -4.181788541925413050e-01 9.067539904196398881e-01
-4.249288523055132910e-02 -4.181788541925413050e-01 9.067539904196398881e-01
-4.249288523055132910e-02 -4.181788541925413050e-01 9.067539904196398881e-01
-4.249288523055132910e-02 -4.181788541925413050e-01 9.067539904196398881e-01
-4.249288523055120420e-02 -4.181944159780370818e-01 9.067539903053165595e-01
-4.249288523055120420e-02 -4.181944159780370818e-01 9.067539903053165595e-01
-4.249288523055120420e-02 -4.181944159780370818e-01 9.067539903053165595e-01
-4.249288523055102379e-02 -4.182051895218419357e-01 9.067539902261696483e-01
-4.249288523055102379e-02 -4.182051895218419357e-01 9.067539902261696483e-01
-4.249288523055102379e-02 -4.182051895218419357e-01 9.067539902261696483e-01
-4.249288523055102379e-02 -4.182051895218419357e-01 9.067539902261696483e-01
-4.249288523055102379e-02 -4.182051895218419357e-01 9.067539902261696483e-01
-4.249288520593028085e-02 -4.182351225491044433e-01 9.067472873139634792e-01
-4.249288520593028085e-02 -4.182351225491044433e-01 9.067472873139634792e-01
-4.249288520593028085e-02 -4.182351225491044433e-01 9.067472873139634792e-01
-4.249288520593012819e-02 -4.182458895515954733e-01 9.067472872348646407e-01
-4.249288520593012819e-02 -4.182458895515954733e-01 9.067472872348646407e-01
-4.249288520593012819e-02 -4.182458895515954733e-01 9.067472872348646407e-01
-4.249288520593012819e-02 -4.182458895515954733e-01 9.067472872348646407e-01
-4.249288520593012819e-02 -4.182458895515954733e-01 9.067472872348646407e-01
-4.262351928779988669e-02 -4.182586994961228211e-01 9.067573407490756576e-01
-4.262351928779988669e-02 -4.182586994961228211e-01 9.067573407490756576e-01
-4.262351928779988669e-02 -4.182586994961228211e-01 9.067573407490756576e-01
-4.262351928779988669e-02 -4.182586994961228211e-01 9.067573407490756576e-01
-4.262351928779988669e-02 -4.182586994961228211e-01 9.067573407490756576e-01
-4.249288518746431598e-02 -4.182853990683949030e-01 9.067422599253814886e-01
-4.249288518746431598e-02 -4.182853990683949030e-01 9.067422599253814886e-01
-4.249288518746431598e-02 -4.182853990683949030e-01 9.067422599253814886e-01
-4.249288518746431598e-02 -4.182853990683949030e-01 9.067422599253814886e-01
