-4.262297357110160501e-02 -4.517618135918988198e-01 7.581903168497374779e-01
-4.262297357099482931e-02 -4.596700657192572814e-01 7.581902587523665638e-01
-4.262297357099482931e-02 -4.596700657192572814e-01 7.581902587523665638e-01
-4.262297357099482931e-02 -4.596700657192572814e-01 7.581902587523665638e-01
-4.262297357099482931e-02 -4.596700657192572814e-01 7.581902587523665638e-01
-4.262297361397307527e-02 -4.676297980291941325e-01 7.582019299883352437e-01
-4.262297361397307527e-02 -4.676297980291941325e-01 7.582019299883352437e-01
-4.262297361397307527e-02 -4.676297980291941325e-01 7.582019299883352437e-01
-4.262297361397307527e-02 -4.676297980291941325e-01 7.582019299883352437e-01
-4.262297361383993177e-02 -4.774989659553123822e-01 7.582018574852460446e-01
-4.262297361383993177e-02 -4.774989659553123822e-01 7.582018574852460446e-01
-4.262297361383993177e-02 -4.774989659553123822e-01 7.582018574852460446e-01
-4.262297355839696211e-02 -4.809957821755315166e-01 7.581867507384648652e-01
-4.262297355839696211e-02 -4.809957821755315166e-01 7.581867507384648652e-01
-4.262297355839696211e-02 -4.809957821755315166e-01 7.581867507384648652e-01
-4.262297355839696211e-02 -4.809957821755315166e-01 7.581867507384648652e-01
-4.262297355815485023e-02 -4.989420073725590044e-01 7.581866188978905186e-01
-4.262297355815485023e-02 -4.989420073725590044e-01 7.581866188978905186e-01
-4.262297355815485023e-02 -4.989420073725590044e-01 7.581866188978905186e-01
-4.262297355815485023e-02 -4.989420073725590044e-01 7.581866188978905186e-01
-4.262297355815485023e-02 -4.989420073725590044e-01 7.581866188978905186e-01
-4.262297355815485023e-02 -4.989420073725590044e-01 7.581866188978905186e-01
-4.262297355815485023e-02 -4.989420073725590044e-01 7.581866188978905186e-01
-4.249233950090144929e-02 -5.190649639068273258e-01 7.581831930054642177e-01
-4.249233950090144929e-02 -5.190649639068273258e-01 7.581831930054642177e-01
-4.249233950090144929e-02 -5.190649639068273258e-01 7.581831930054642177e-01
-4.249233950090144929e-02 -5.190649639068273258e-01 7.581831930054642177e-01
-4.249233950090144929e-02 -5.190649639068273258e-01 7.581831930054642177e-01
-4.262297360081326869e-02 -5.306061656613257904e-01 7.581981159911026502e-01
-4.262297360081326869e-02 -5.306061656613257904e-01 7.581981159911026502e-01
-4.262297360081326869e-02 -5.306061656613257904e-01 7.581981159911026502e-01
-4.262297360081326869e-02 -5.306061656613257904e-01 7.581981159911026502e-01
-4.249233955570269616e-02 -5.432913344503650377e-01 7.581980232306180234e-01
-4.249233955570269616e-02 -5.432913344503650377e-01 7.581980232306180234e-01
-4.249233955570269616e-02 -5.432913344503650377e-01 7.581980232306180234e-01
-4.249233955570269616e-02 -5.432913344503650377e-01 7.581980232306180234e-01
-4.249233955570269616e-02 -5.432913344503650377e-01 7.581980232306180234e-01
-4.262297361282252339e-02 -5.529063547394866829e-01 7.582013035106178744e-01
-4.262297361282252339e-02 -5.529063547394866829e-01 7.582013035106178744e-01
-4.262297356965431827e-02 -5.590356703745145150e-01 7.581895287705335829e-01
-4.262297356965431827e-02 -5.590356703745145150e-01 7.581895287705335829e-01
-4.262297356965431827e-02 -5.590356703745145150e-01 7.581895287705335829e-01
-4.262297356965431827e-02 -5.590356703745145150e-01 7.581895287705335829e-01
-4.262297356965431827e-02 -5.590356703745145150e-01 7.581895287705335829e-01
-4.249233952449809476e-02 -5.751015340368471618e-01 7.581894111740319353e-01
-4.249233952449809476e-02 -5.751015340368471618e-01 7.581894111740319353e-01
-4.262297356937312653e-02 -5.798729731079846905e-01 7.581893756908789639e-01
-4.262297356937312653e-02 -5.798729731079846905e-01 7.581893756908789639e-01
-4.262297356937312653e-02 -5.798729731079846905e-01 7.581893756908789639e-01
-4.262297356937312653e-02 -5.798729731079846905e-01 7.581893756908789639e-01
-4.262297356937312653e-02 -5.798729731079846905e-01 7.581893756908789639e-01
-4.262297356925752456e-02 -5.884444228748083594e-01 7.581893127213772399e-01
-4.262297356925752456e-02 -5.884444228748083594e-01 7.581893127213772399e-01
-4.262297356925752456e-02 -5.884444228748083594e-01 7.581893127213772399e-01
-4.262297356925752456e-02 -5.884444228748083594e-01 7.581893127213772399e-01
-4.262297355677758387e-02 -6.010262997807536145e-01 7.581858689434256560e-01
-4.262297355677758387e-02 -6.010262997807536145e-01 7.581858689434256560e-01
-4.262297355677758387e-02 -6.010262997807536145e-01 7.581858689434256560e-01
-4.262297355677758387e-02 -6.010262997807536145e-01 7.581858689434256560e-01
-4.262297355677758387e-02 -6.010262997807536145e-01 7.581858689434256560e-01
-4.262297353257267496e-02 -6.098994610805384964e-01 7.581792467758199372e-01
-4.262297353257267496e-02 -6.098994610805384964e-01 7.581792467758199372e-01
-4.249233954242986888e-02 -6.146452149782053453e-01 7.581941476886261411e-01
-4.249233954242986888e-02 -6.146452149782053453e-01 7.581941476886261411e-01
-4.249233954242986888e-02 -6.146452149782053453e-01 7.581941476886261411e-01
-4.262297361194350431e-02 -6.180662914213220782e-01 7.582008248181149046e-01
-4.262297361194350431e-02 -6.180662914213220782e-01 7.582008248181149046e-01
-4.262297361194350431e-02 -6.180662914213220782e-01 7.582008248181149046e-01
-4.262297361194350431e-02 -6.180662914213220782e-01 7.582008248181149046e-01
-4.262297358712191508e-02 -6.329849349212091081e-01 7.581940125271329212e-01
-4.262297358712191508e-02 -6.329849349212091081e-01 7.581940125271329212e-01
-4.262297358712191508e-02 -6.329849349212091081e-01 7.581940125271329212e-01
-4.249233955433065479e-02 -6.449865756798481842e-01 7.581972761342878897e-01
-4.249233955433065479e-02 -6.449865756798481842e-01 7.581972761342878897e-01
-4.249233955433065479e-02 -6.449865756798481842e-01 7.581972761342878897e-01
-4.249233955433065479e-02 -6.449865756798481842e-01 7.581972761342878897e-01
-4.249233955433065479e-02 -6.449865756798481842e-01 7.581972761342878897e-01
-4.249233955433065479e-02 -6.449865756798481842e-01 7.581972761342878897e-01
-4.249233955433065479e-02 -6.449865756798481842e-01 7.581972761342878897e-01
-4.262297354397448501e-02 -6.574028481170698379e-01 7.581821762866131076e-01
-4.262297354397448501e-02 -6.574028481170698379e-01 7.581821762866131076e-01
-4.262297354397448501e-02 -6.574028481170698379e-01 7.581821762866131076e-01
-4.262297354397448501e-02 -6.574028481170698379e-01 7.581821762866131076e-01
-4.262297356816426019e-02 -6.694819335168630259e-01 7.581887173854884310e-01
-4.262297356816426019e-02 -6.694819335168630259e-01 7.581887173854884310e-01
-4.262297356816426019e-02 -6.694819335168630259e-01 7.581887173854884310e-01
-4.262297358649480561e-02 -6.794624084568221534e-01 7.581936710839197735e-01
-4.262297358649480561e-02 -6.794624084568221534e-01 7.581936710839197735e-01
-4.262297358649480561e-02 -6.794624084568221534e-01 7.581936710839197735e-01
-4.262297358649480561e-02 -6.794624084568221534e-01 7.581936710839197735e-01
-4.262297353156412755e-02 -6.846495917381643093e-01 7.581786976296885916e-01
-4.262297353156412755e-02 -6.846495917381643093e-01 7.581786976296885916e-01
-4.262297361100100823e-02 -6.879225774181462194e-01 7.582003116242398422e-01
-4.262297361100100823e-02 -6.879225774181462194e-01 7.582003116242398422e-01
-4.262297361100100823e-02 -6.879225774181462194e-01 7.582003116242398422e-01
-4.262297361100100823e-02 -6.879225774181462194e-01 7.582003116242398422e-01
-4.262297361100100823e-02 -6.879225774181462194e-01 7.582003116242398422e-01
-4.249233948640814690e-02 -7.007034978788972968e-01 7.581785801210318976e-01
-4.249233948640814690e-02 -7.007034978788972968e-01 7.581785801210318976e-01
-4.249233948640814690e-02 -7.007034978788972968e-01 7.581785801210318976e-01
-4.249233948640814690e-02 -7.007034978788972968e-01 7.581785801210318976e-01
-4.249233948640814690e-02 -7.007034978788972968e-01 7.581785801210318976e-01
-4.249233952275523196e-02 -7.042889228274480384e-01 7.581884621087374709e-01
-4.249233952275523196e-02 -7.042889228274480384e-01 7.581884621087374709e-01
-4.249233955351605641e-02 -7.053675331709559071e-01 7.581968325501905470e-01
-4.249233955351605641e-02 -7.053675331709559071e-01 7.581968325501905470e-01
-4.249233955351605641e-02 -7.053675331709559071e-01 7.581968325501905470e-01
-4.249233955351605641e-02 -7.053675331709559071e-01 7.581968325501905470e-01
-4.249233955351605641e-02 -7.053675331709559071e-01 7.581968325501905470e-01
-4.249233955350850689e-02 -7.059301908175367180e-01 7.581968284166692440e-01
-4.249233955350850689e-02 -7.059301908175367180e-01 7.581968284166692440e-01
-4.249233955350850689e-02 -7.059301908175367180e-01 7.581968284166692440e-01
-4.249233955350850689e-02 -7.059301908175367180e-01 7.581968284166692440e-01
-4.249233955350889547e-02 -7.058930623204898724e-01 7.581968286894308351e-01
-4.249233955350889547e-02 -7.058930623204898724e-01 7.581968286894308351e-01
-4.249233955350889547e-02 -7.058930623204898724e-01 7.581968286894308351e-01
-4.249233952273394344e-02 -7.058547825214408489e-01 7.581884506052685158e-01
-4.249233952273394344e-02 -7.058547825214408489e-01 7.581884506052685158e-01
-4.249233951042506729e-02 -7.057649833534821449e-01 7.581850999188184392e-01
-4.249233951042506729e-02 -7.057649833534821449e-01 7.581850999188184392e-01
-4.249233951042506729e-02 -7.057649833534821449e-01 7.581850999188184392e-01
-4.249233951042506729e-02 -7.057649833534821449e-01 7.581850999188184392e-01
-4.249233951042506729e-02 -7.057649833534821449e-01 7.581850999188184392e-01
-4.249233952273594184e-02 -7.057111352707097218e-01 7.581884516605621460e-01
-4.249233952273594184e-02 -7.057111352707097218e-01 7.581884516605621460e-01
-4.249233955351194858e-02 -7.056764140079112568e-01 7.581968302810210281e-01
-4.249233955351194858e-02 -7.056764140079112568e-01 7.581968302810210281e-01
-4.249233955351194858e-02 -7.056764140079112568e-01 7.581968302810210281e-01
-4.249233955351194858e-02 -7.056764140079112568e-01 7.581968302810210281e-01
-4.262297358614153264e-02 -7.056472875405181977e-01 7.581934787187034619e-01
-4.262297358614153264e-02 -7.056472875405181977e-01 7.581934787187034619e-01
-4.262297358614153264e-02 -7.056472875405181977e-01 7.581934787187034619e-01
-4.262297358614153264e-02 -7.056472875405181977e-01 7.581934787187034619e-01
-4.262297358614153264e-02 -7.056472875405181977e-01 7.581934787187034619e-01
-4.249233954120248957e-02 -7.056189550953083645e-01 7.581934793569859998e-01
-4.249233954120248957e-02 -7.056189550953083645e-01 7.581934793569859998e-01
-4.249233954120248957e-02 -7.056189550953083645e-01 7.581934793569859998e-01
-4.249233954120248957e-02 -7.056189550953083645e-01 7.581934793569859998e-01
-4.249233954120248957e-02 -7.056189550953083645e-01 7.581934793569859998e-01
-4.249233949838462920e-02 -7.056057677638987169e-01 7.581818225976819647e-01
-4.249233949838462920e-02 -7.056057677638987169e-01 7.581818225976819647e-01
-4.249233949838457369e-02 -7.056081488021166415e-01 7.581818225801898459e-01
-4.249233949838457369e-02 -7.056081488021166415e-01 7.581818225801898459e-01
-4.249233949838457369e-02 -7.056081488021166415e-01 7.581818225801898459e-01
-4.249233949838457369e-02 -7.056081488021166415e-01 7.581818225801898459e-01
-4.249233949838457369e-02 -7.056081488021166415e-01 7.581818225801898459e-01
-4.249233949838457369e-02 -7.056081488021166415e-01 7.581818225801898459e-01
-4.249233949838457369e-02 -7.056081488021166415e-01 7.581818225801898459e-01
-4.249233956582290639e-02 -7.056141407129827847e-01 7.582001820846601126e-01
-4.249233956582290639e-02 -7.056141407129827847e-01 7.582001820846601126e-01
-4.249233951042696855e-02 -7.056237171409684983e-01 7.581851009566198396e-01
-4.249233951042696855e-02 -7.056237171409684983e-01 7.581851009566198396e-01
-4.249233951042696855e-02 -7.056237171409684983e-01 7.581851009566198396e-01
-4.249233951042696855e-02 -7.056237171409684983e-01 7.581851009566198396e-01
-4.249233951042696855e-02 -7.056237171409684983e-01 7.581851009566198396e-01
-4.249233955351255920e-02 -7.056273018240087902e-01 7.581968306418199743e-01
-4.249233955351255920e-02 -7.056273018240087902e-01 7.581968306418199743e-01
-4.249233955351255920e-02 -7.056273018240087902e-01 7.581968306418199743e-01
-4.249233955351255920e-02 -7.056273018240087902e-01 7.581968306418199743e-01
-4.249233955351255920e-02 -7.056273018240087902e-01 7.581968306418199743e-01
-4.249233955351267022e-02 -7.056165479041456301e-01 7.581968307208227786e-01
-4.249233955351267022e-02 -7.056165479041456301e-01 7.581968307208227786e-01
-4.249233955351267022e-02 -7.056165479041456301e-01 7.581968307208227786e-01
-4.249233955351267022e-02 -7.056165479041456301e-01 7.581968307208227786e-01
-4.249233955351267022e-02 -7.056165479041456301e-01 7.581968307208227786e-01
-4.249233955351267022e-02 -7.056165479041456301e-01 7.581968307208227786e-01
-4.249233951042680202e-02 -7.056320900226142889e-01 7.581851008951091542e-01
-4.249233951042680202e-02 -7.056320900226142889e-01 7.581851008951091542e-01
-4.249233951042680202e-02 -7.056320900226142889e-01 7.581851008951091542e-01
-4.249233955351255920e-02 -7.056273018240087902e-01 7.581968306418199743e-01
-4.249233955351255920e-02 -7.056273018240087902e-01 7.581968306418199743e-01
-4.249233955351255920e-02 -7.056273018240087902e-01 7.581968306418199743e-01
-4.249233955351255920e-02 -7.056273018240087902e-01 7.581968306418199743e-01
-4.249233957813292051e-02 -7.056273018486292070e-01 7.582035333341254901e-01
-4.249233957813292051e-02 -7.056273018486292070e-01 7.582035333341254901e-01
-4.249233957813292051e-02 -7.056273018486292070e-01 7.582035333341254901e-01
-4.249233957813292051e-02 -7.056273018486292070e-01 7.582035333341254901e-01
-4.249233957813292051e-02 -7.056273018486292070e-01 7.582035333341254901e-01
-4.249233952267721104e-02 -7.100643870415693781e-01 7.581884196797301634e-01
-4.249233952267721104e-02 -7.100643870415693781e-01 7.581884196797301634e-01
-4.249233956576331517e-02 -7.100320468292993237e-01 7.582001496288498510e-01
-4.249233956576331517e-02 -7.100320468292993237e-01 7.582001496288498510e-01
-4.249233956576331517e-02 -7.100320468292993237e-01 7.582001496288498510e-01
-4.249233956576983773e-02 -7.095448236132941844e-01 7.582001532081980022e-01
-4.249233956576983773e-02 -7.095448236132941844e-01 7.582001532081980022e-01
-4.249233956576983773e-02 -7.095448236132941844e-01 7.582001532081980022e-01
-4.249233956576983773e-02 -7.095448236132941844e-01 7.582001532081980022e-01
-4.262297359844252620e-02 -7.063265450228770614e-01 7.581968250747432858e-01
-4.262297359844252620e-02 -7.063265450228770614e-01 7.581968250747432858e-01
-4.262297359844252620e-02 -7.063265450228770614e-01 7.581968250747432858e-01
-4.249233955354164705e-02 -7.034681785814715926e-01 7.581968465036540428e-01
-4.249233955354164705e-02 -7.034681785814715926e-01 7.581968465036540428e-01
-4.249233955354164705e-02 -7.034681785814715926e-01 7.581968465036540428e-01
-4.249233955354164705e-02 -7.034681785814715926e-01 7.581968465036540428e-01
-4.249233956596806805e-02 -6.948571931264380108e-01 7.582002611097545808e-01
-4.249233956596806805e-02 -6.948571931264380108e-01 7.582002611097545808e-01
-4.249233956596806805e-02 -6.948571931264380108e-01 7.582002611097545808e-01
-4.249233956596806805e-02 -6.948571931264380108e-01 7.582002611097545808e-01
-4.249233956596806805e-02 -6.948571931264380108e-01 7.582002611097545808e-01
-4.249233954151654391e-02 -6.823363858890644229e-01 7.581936504006038247e-01
-4.249233954151654391e-02 -6.823363858890644229e-01 7.581936504006038247e-01
-4.249233954158143645e-02 -6.775358988586096531e-01 7.581936856670157265e-01
-4.249233954158143645e-02 -6.775358988586096531e-01 7.581936856670157265e-01
-4.249233954158143645e-02 -6.775358988586096531e-01 7.581936856670157265e-01
-4.249233954158143645e-02 -6.775358988586096531e-01 7.581936856670157265e-01
-4.249233954158143645e-02 -6.775358988586096531e-01 7.581936856670157265e-01
-4.249233951097781264e-02 -6.647900180903464351e-01 7.581854009382741344e-01
-4.249233951097781264e-02 -6.647900180903464351e-01 7.581854009382741344e-01
-4.249233951097781264e-02 -6.647900180903464351e-01 7.581854009382741344e-01
-4.249233951097781264e-02 -6.647900180903464351e-01 7.581854009382741344e-01
-4.249233951097781264e-02 -6.647900180903464351e-01 7.581854009382741344e-01
-4.249233951097781264e-02 -6.647900180903464351e-01 7.581854009382741344e-01
-4.249233951097781264e-02 -6.647900180903464351e-01 7.581854009382741344e-01
-4.249233949911521147e-02 -6.514599456892531393e-01 7.581822203758324941e-01
-4.249233949911521147e-02 -6.514599456892531393e-01 7.581822203758324941e-01
-4.249233949911521147e-02 -6.514599456892531393e-01 7.581822203758324941e-01
-4.249233949911521147e-02 -6.514599456892531393e-01 7.581822203758324941e-01
-4.249233949922279208e-02 -6.434798568539014108e-01 7.581822790009461466e-01
-4.249233949922279208e-02 -6.434798568539014108e-01 7.581822790009461466e-01
-4.249233949922279208e-02 -6.434798568539014108e-01 7.581822790009461466e-01
-4.249233952360324806e-02 -6.414303586082098496e-01 7.581889238943831932e-01
-4.249233952360324806e-02 -6.414303586082098496e-01 7.581889238943831932e-01
-4.249233952360324806e-02 -6.414303586082098496e-01 7.581889238943831932e-01
-4.249233952360324806e-02 -6.414303586082098496e-01 7.581889238943831932e-01
-4.249233955442038857e-02 -6.383453442314281912e-01 7.581973249235879342e-01
-4.249233955442038857e-02 -6.383453442314281912e-01 7.581973249235879342e-01
-4.249233955442038857e-02 -6.383453442314281912e-01 7.581973249235879342e-01
-4.249233949930061871e-02 -6.377096854678715454e-01 7.581823213910698911e-01
-4.249233949930061871e-02 -6.377096854678715454e-01 7.581823213910698911e-01
-4.249233952365678857e-02 -6.374582897208166399e-01 7.581889530748840977e-01
-4.249233952365678857e-02 -6.374582897208166399e-01 7.581889530748840977e-01
-4.249233952365678857e-02 -6.374582897208166399e-01 7.581889530748840977e-01
-4.249233952365678857e-02 -6.374582897208166399e-01 7.581889530748840977e-01
-4.249233952365678857e-02 -6.374582897208166399e-01 7.581889530748840977e-01
-4.249233955443196264e-02 -6.374798237565745263e-01 7.581973312820677879e-01
-4.249233955443196264e-02 -6.374798237565745263e-01 7.581973312820677879e-01
-4.249233955443196264e-02 -6.374798237565745263e-01 7.581973312820677879e-01
-4.249233955443196264e-02 -6.374798237565745263e-01 7.581973312820677879e-01
-4.249233951134612913e-02 -6.374942146038169444e-01 7.581856014648119535e-01
-4.249233951134612913e-02 -6.374942146038169444e-01 7.581856014648119535e-01
-4.249233951134612913e-02 -6.374942146038169444e-01 7.581856014648119535e-01
-4.249233951134612913e-02 -6.374942146038169444e-01 7.581856014648119535e-01
-4.249233951134612913e-02 -6.374942146038169444e-01 7.581856014648119535e-01
-4.249233954212119913e-02 -6.375265287246931756e-01 7.581939795928004378e-01
-4.249233954212119913e-02 -6.375265287246931756e-01 7.581939795928004378e-01
-4.249233954212119913e-02 -6.375265287246931756e-01 7.581939795928004378e-01
-4.249233954212119913e-02 -6.375265287246931756e-01 7.581939795928004378e-01
-4.249233954214581832e-02 -6.357021039793834261e-01 7.581939929957979274e-01
-4.249233954214581832e-02 -6.357021039793834261e-01 7.581939929957979274e-01
-4.249233954214581832e-02 -6.357021039793834261e-01 7.581939929957979274e-01
-4.249233954214581832e-02 -6.357021039793834261e-01 7.581939929957979274e-01
-4.249233954214581832e-02 -6.357021039793834261e-01 7.581939929957979274e-01
-4.249233948734644495e-02 -6.311637665853392365e-01 7.581790909893622032e-01
-4.249233948734644495e-02 -6.311637665853392365e-01 7.581790909893622032e-01
-4.249233948734644495e-02 -6.311637665853392365e-01 7.581790909893622032e-01
-4.249233948734644495e-02 -6.311637665853392365e-01 7.581790909893622032e-01
-4.249233948734644495e-02 -6.311637665853392365e-01 7.581790909893622032e-01
-4.249233951151346750e-02 -6.250942908698210454e-01 7.581856925599054220e-01
-4.249233951151346750e-02 -6.250942908698210454e-01 7.581856925599054220e-01
-4.249233951151346750e-02 -6.250942908698210454e-01 7.581856925599054220e-01
-4.249233951151346750e-02 -6.250942908698210454e-01 7.581856925599054220e-01
-4.249233952399854297e-02 -6.121233627851646597e-01 7.581891391959917348e-01
-4.249233952399854297e-02 -6.121233627851646597e-01 7.581891391959917348e-01
-4.249233952399854297e-02 -6.121233627851646597e-01 7.581891391959917348e-01
-4.249233952399854297e-02 -6.121233627851646597e-01 7.581891391959917348e-01
-4.249233952399854297e-02 -6.121233627851646597e-01 7.581891391959917348e-01
-4.249233955483608383e-02 -6.075263891399824701e-01 7.581975513326899563e-01
-4.249233955483608383e-02 -6.075263891399824701e-01 7.581975513326899563e-01
-4.249233955483608383e-02 -6.075263891399824701e-01 7.581975513326899563e-01
-4.249233955483608383e-02 -6.075263891399824701e-01 7.581975513326899563e-01
-4.249233955483608383e-02 -6.075263891399824701e-01 7.581975513326899563e-01
-4.249233954275197234e-02 -5.907796838873901057e-01 7.581943230149293944e-01
-4.249233954275197234e-02 -5.907796838873901057e-01 7.581943230149293944e-01
-4.249233951202281007e-02 -5.873379323604461799e-01 7.581859699341122472e-01
-4.249233951202281007e-02 -5.873379323604461799e-01 7.581859699341122472e-01
-4.249233951202281007e-02 -5.873379323604461799e-01 7.581859699341122472e-01
-4.249233951202281007e-02 -5.873379323604461799e-01 7.581859699341122472e-01
-4.249233951202281007e-02 -5.873379323604461799e-01 7.581859699341122472e-01
-4.249233952442139917e-02 -5.807836406206212665e-01 7.581893694308695641e-01
-4.249233952442139917e-02 -5.807836406206212665e-01 7.581893694308695641e-01
-4.249233951216475902e-02 -5.768151301956170318e-01 7.581860472390756778e-01
-4.249233951216475902e-02 -5.768151301956170318e-01 7.581860472390756778e-01
-4.249233951216475902e-02 -5.768151301956170318e-01 7.581860472390756778e-01
-4.249233951216475902e-02 -5.768151301956170318e-01 7.581860472390756778e-01
-4.249233951218898964e-02 -5.750194349004535965e-01 7.581860604310142193e-01
-4.249233951218898964e-02 -5.750194349004535965e-01 7.581860604310142193e-01
-4.249233951218898964e-02 -5.750194349004535965e-01 7.581860604310142193e-01
-4.249233951218898964e-02 -5.750194349004535965e-01 7.581860604310142193e-01
-4.249233951218898964e-02 -5.750194349004535965e-01 7.581860604310142193e-01
-4.249233951219850980e-02 -5.743143336048777137e-01 7.581860656109870034e-01
-4.249233951219850980e-02 -5.743143336048777137e-01 7.581860656109870034e-01
-4.249233951219850980e-02 -5.743143336048777137e-01 7.581860656109870034e-01
-4.249233951219850980e-02 -5.743143336048777137e-01 7.581860656109870034e-01
-4.249233951219850980e-02 -5.743143336048777137e-01 7.581860656109870034e-01
-4.249233951219828775e-02 -5.743358676098599958e-01 7.581860654527889931e-01
-4.249233951219828775e-02 -5.743358676098599958e-01 7.581860654527889931e-01
-4.249233951219828775e-02 -5.743358676098599958e-01 7.581860654527889931e-01
-4.249233951219828775e-02 -5.743358676098599958e-01 7.581860654527889931e-01
-4.249233952450783003e-02 -5.743741997209536043e-01 7.581894165173379552e-01
-4.249233952450783003e-02 -5.743741997209536043e-01 7.581894165173379552e-01
-4.249233952450783003e-02 -5.743741997209536043e-01 7.581894165173379552e-01
-4.249233952450799656e-02 -5.743682078775261823e-01 7.581894165613567438e-01
-4.249233952450799656e-02 -5.743682078775261823e-01 7.581894165613567438e-01
-4.249233952450799656e-02 -5.743682078775261823e-01 7.581894165613567438e-01
-4.249233952450799656e-02 -5.743682078775261823e-01 7.581894165613567438e-01
-4.249233950018674322e-02 -5.720325925181477533e-01 7.581828038828221095e-01
-4.249233950018674322e-02 -5.720325925181477533e-01 7.581828038828221095e-01
-4.249233950018674322e-02 -5.720325925181477533e-01 7.581828038828221095e-01
-4.249233950018674322e-02 -5.720325925181477533e-01 7.581828038828221095e-01
-4.249233950018674322e-02 -5.720325925181477533e-01 7.581828038828221095e-01
-4.249233954307901628e-02 -5.665317793939987912e-01 7.581945011503096188e-01
-4.249233954307901628e-02 -5.665317793939987912e-01 7.581945011503096188e-01
-4.249233954307901628e-02 -5.665317793939987912e-01 7.581945011503096188e-01
-4.249233954307901628e-02 -5.665317793939987912e-01 7.581945011503096188e-01
-4.249233954307901628e-02 -5.665317793939987912e-01 7.581945011503096188e-01
-4.249233955548803454e-02 -5.592053117270403551e-01 7.581979063197979984e-01
-4.249233955548803454e-02 -5.592053117270403551e-01 7.581979063197979984e-01
-4.249233955548803454e-02 -5.592053117270403551e-01 7.581979063197979984e-01
-4.249233955548803454e-02 -5.592053117270403551e-01 7.581979063197979984e-01
-4.249233946382505178e-02 -5.497012798446422321e-01 7.581729867549997781e-01
-4.249233946382505178e-02 -5.497012798446422321e-01 7.581729867549997781e-01
-4.249233946382505178e-02 -5.497012798446422321e-01 7.581729867549997781e-01
-4.249233956799303158e-02 -5.447619077439933566e-01 7.582013637733163725e-01
-4.249233956799303158e-02 -5.447619077439933566e-01 7.582013637733163725e-01
-4.249233956799303158e-02 -5.447619077439933566e-01 7.582013637733163725e-01
-4.249233956799303158e-02 -5.447619077439933566e-01 7.582013637733163725e-01
-4.249233955586398381e-02 -5.313384777122849290e-01 7.581981110413680280e-01
-4.249233955586398381e-02 -5.313384777122849290e-01 7.581981110413680280e-01
-4.249233948874864275e-02 -5.272311082233795965e-01 7.581798545227065311e-01
-4.249233948874864275e-02 -5.272311082233795965e-01 7.581798545227065311e-01
-4.249233948874864275e-02 -5.272311082233795965e-01 7.581798545227065311e-01
-4.249233954366865573e-02 -5.228328335498335644e-01 7.581948221812810917e-01
-4.249233954366865573e-02 -5.228328335498335644e-01 7.581948221812810917e-01
-4.249233947654354471e-02 -5.194389644034049791e-01 7.581765604209438347e-01
-4.249233947654354471e-02 -5.194389644034049791e-01 7.581765604209438347e-01
-4.249233947654354471e-02 -5.194389644034049791e-01 7.581765604209438347e-01
-4.249233947654354471e-02 -5.194389644034049791e-01 7.581765604209438347e-01
-4.249233947654354471e-02 -5.194389644034049791e-01 7.581765604209438347e-01
-4.249233952531462910e-02 -5.145798018369994731e-01 7.581898557923197890e-01
-4.249233952531462910e-02 -5.145798018369994731e-01 7.581898557923197890e-01
-4.249233955610892677e-02 -5.131863319572870230e-01 7.581982443947218320e-01
-4.249233955610892677e-02 -5.131863319572870230e-01 7.581982443947218320e-01
-4.249233955612397029e-02 -5.120682121092893224e-01 7.581982526089039442e-01
-4.249233955612397029e-02 -5.120682121092893224e-01 7.581982526089039442e-01
-4.249233955612397029e-02 -5.120682121092893224e-01 7.581982526089039442e-01
-4.249233952534874070e-02 -5.120478816752681572e-01 7.581898743928779938e-01
-4.249233952534874070e-02 -5.120478816752681572e-01 7.581898743928779938e-01
-4.249233952534874070e-02 -5.120478816752681572e-01 7.581898743928779938e-01
-4.249233952534874070e-02 -5.120478816752681572e-01 7.581898743928779938e-01
-4.249233952534874070e-02 -5.120478816752681572e-01 7.581898743928779938e-01
-4.249233952534874070e-02 -5.120478816752681572e-01 7.581898743928779938e-01
-4.249233952534874070e-02 -5.120478816752681572e-01 7.581898743928779938e-01
-4.249233952534860193e-02 -5.120634238368227953e-01 7.581898742786987722e-01
-4.249233952534860193e-02 -5.120634238368227953e-01 7.581898742786987722e-01
-4.249233952534860193e-02 -5.120634238368227953e-01 7.581898742786987722e-01
-4.249233952534860193e-02 -5.120634238368227953e-01 7.581898742786987722e-01
-4.249233948895320134e-02 -5.120682120421182759e-01 7.581799659157664184e-01
-4.249233948895320134e-02 -5.120682120421182759e-01 7.581799659157664184e-01
-4.249233948895320134e-02 -5.120682120421182759e-01 7.581799659157664184e-01
-4.249233948895303481e-02 -5.120778016081277695e-01 7.581799658453173274e-01
-4.249233948895303481e-02 -5.120778016081277695e-01 7.581799658453173274e-01
-4.249233948895303481e-02 -5.120778016081277695e-01 7.581799658453173274e-01
-4.249233948895303481e-02 -5.120778016081277695e-01 7.581799658453173274e-01
-4.262297353389246646e-02 -5.120774438510742321e-01 7.581799654178056347e-01
-4.262297353389246646e-02 -5.120774438510742321e-01 7.581799654178056347e-01
-4.262297353389246646e-02 -5.120774438510742321e-01 7.581799654178056347e-01
-4.262297353389246646e-02 -5.120774438510742321e-01 7.581799654178056347e-01
-4.262297353389246646e-02 -5.120774438510742321e-01 7.581799654178056347e-01
-4.249233950099531865e-02 -5.121005392268891399e-01 7.581832441690787849e-01
-4.249233950099531865e-02 -5.121005392268891399e-01 7.581832441690787849e-01
-4.249233948895250745e-02 -5.121185016625016129e-01 7.581799655463176135e-01
-4.249233948895250745e-02 -5.121185016625016129e-01 7.581799655463176135e-01
-4.249233948895250745e-02 -5.121185016625016129e-01 7.581799655463176135e-01
-4.249233948895250745e-02 -5.121185016625016129e-01 7.581799655463176135e-01
-4.249233948895250745e-02 -5.121185016625016129e-01 7.581799655463176135e-01
-4.249233948895250745e-02 -5.121185016625016129e-01 7.581799655463176135e-01
-4.249233948895250745e-02 -5.121185016625016129e-01 7.581799655463176135e-01
-4.262297357028747846e-02 -5.121049697358792674e-01 7.581898735433448833e-01
-4.262297357028747846e-02 -5.121049697358792674e-01 7.581898735433448833e-01
-4.262297357028728417e-02 -5.121181308592159809e-01 7.581898734466578915e-01
-4.262297357028728417e-02 -5.121181308592159809e-01 7.581898734466578915e-01
-4.262297357028728417e-02 -5.121181308592159809e-01 7.581898734466578915e-01
-4.249233952534760272e-02 -5.121340700257069889e-01 7.581898737597019267e-01
-4.249233952534760272e-02 -5.121340700257069889e-01 7.581898737597019267e-01
-4.249233952534760272e-02 -5.121340700257069889e-01 7.581898737597019267e-01
-4.249233952534760272e-02 -5.121340700257069889e-01 7.581898737597019267e-01
-4.249233954381276268e-02 -5.121448370466634703e-01 7.581949006998318641e-01
-4.249233954381276268e-02 -5.121448370466634703e-01 7.581949006998318641e-01
-4.249233954381276268e-02 -5.121448370466634703e-01 7.581949006998318641e-01
-4.249233954381276268e-02 -5.121448370466634703e-01 7.581949006998318641e-01
-4.249233954381276268e-02 -5.121448370466634703e-01 7.581949006998318641e-01
-4.249233952534743619e-02 -5.121508288716255519e-01 7.581898736365842995e-01
-4.249233952534743619e-02 -5.121508288716255519e-01 7.581898736365842995e-01
-4.249233952534743619e-02 -5.121508288716255519e-01 7.581898736365842995e-01
-4.249233952534743619e-02 -5.121508288716255519e-01 7.581898736365842995e-01
-4.249233952534743619e-02 -5.121508288716255519e-01 7.581898736365842995e-01
-4.249233951303725554e-02 -5.121508288593155100e-01 7.581865222904315971e-01
-4.249233951303725554e-02 -5.121508288593155100e-01 7.581865222904315971e-01
-4.249233952534715864e-02 -5.121675877175443370e-01 7.581898735134666723e-01
-4.249233952534715864e-02 -5.121675877175443370e-01 7.581898735134666723e-01
-4.249233952534715864e-02 -5.121675877175443370e-01 7.581898735134666723e-01
-4.249233952534715864e-02 -5.121675877175443370e-01 7.581898735134666723e-01
-4.262297354593427845e-02 -5.121396779224727247e-01 7.581832434514093055e-01
-4.262297354593427845e-02 -5.121396779224727247e-01 7.581832434514093055e-01
-4.262297354593427845e-02 -5.121396779224727247e-01 7.581832434514093055e-01
-4.262297354593427845e-02 -5.121396779224727247e-01 7.581832434514093055e-01
-4.262297354593427845e-02 -5.121396779224727247e-01 7.581832434514093055e-01
-4.262297354593427845e-02 -5.121396779224727247e-01 7.581832434514093055e-01
-4.262297354593427845e-02 -5.121396779224727247e-01 7.581832434514093055e-01
-4.262297355797674270e-02 -5.121456697779432909e-01 7.581865218981921339e-01
-4.262297355797674270e-02 -5.121456697779432909e-01 7.581865218981921339e-01
-4.262297355797674270e-02 -5.121456697779432909e-01 7.581865218981921339e-01
-4.249233954381259615e-02 -5.121532099283088169e-01 7.581949006383211787e-01
-4.249233954381259615e-02 -5.121532099283088169e-01 7.581949006383211787e-01
-4.249233954381259615e-02 -5.121532099283088169e-01 7.581949006383211787e-01
-4.249233954381259615e-02 -5.121532099283088169e-01 7.581949006383211787e-01
-4.249233947664174393e-02 -5.121615958254110978e-01 7.581766138835766000e-01
-4.249233947664174393e-02 -5.121615958254110978e-01 7.581766138835766000e-01
-4.249233947664174393e-02 -5.121615958254110978e-01 7.581766138835766000e-01
-4.249233947664174393e-02 -5.121615958254110978e-01 7.581766138835766000e-01
-4.249233947664174393e-02 -5.121615958254110978e-01 7.581766138835766000e-01
-4.249233956843306848e-02 -5.121508289147114201e-01 7.582016033481188133e-01
-4.249233956843306848e-02 -5.121508289147114201e-01 7.582016033481188133e-01
-4.249233956843306848e-02 -5.121508289147114201e-01 7.582016033481188133e-01
-4.249233956843306848e-02 -5.121508289147114201e-01 7.582016033481188133e-01
-4.249233956843306848e-02 -5.121508289147114201e-01 7.582016033481188133e-01
-4.249233951303725554e-02 -5.121508288593155100e-01 7.581865222904315971e-01
-4.249233951303725554e-02 -5.121508288593155100e-01 7.581865222904315971e-01
-4.249233951303706125e-02 -5.121615958618064290e-01 7.581865222113324254e-01
-4.249233951303706125e-02 -5.121615958618064290e-01 7.581865222113324254e-01
-4.249233951303706125e-02 -5.121615958618064290e-01 7.581865222113324254e-01
-4.249233951303706125e-02 -5.121615958618064290e-01 7.581865222113324254e-01
-4.249233951303706125e-02 -5.121615958618064290e-01 7.581865222113324254e-01
-4.249233954381242961e-02 -5.121675877360095663e-01 7.581949005326956703e-01
-4.249233954381242961e-02 -5.121675877360095663e-01 7.581949005326956703e-01
-4.249233954381242961e-02 -5.121675877360095663e-01 7.581949005326956703e-01
-4.249233954381242961e-02 -5.121675877360095663e-01 7.581949005326956703e-01
-4.249233954381242961e-02 -5.121675877360095663e-01 7.581949005326956703e-01
-4.249233954381242961e-02 -5.121675877360095663e-01 7.581949005326956703e-01
-4.249233954381242961e-02 -5.121675877360095663e-01 7.581949005326956703e-01
-4.249233950105427149e-02 -5.077376978900196569e-01 7.581832762203598586e-01
-4.249233950105427149e-02 -5.077376978900196569e-01 7.581832762203598586e-01
-4.249233950105427149e-02 -5.077376978900196569e-01 7.581832762203598586e-01
-4.249233950105427149e-02 -5.077376978900196569e-01 7.581832762203598586e-01
-4.249233950105427149e-02 -5.077376978900196569e-01 7.581832762203598586e-01
-4.249233950105427149e-02 -5.077376978900196569e-01 7.581832762203598586e-01
-4.262297354599400845e-02 -5.077110048036651557e-01 7.581832759863186277e-01
-4.262297354599400845e-02 -5.077110048036651557e-01 7.581832759863186277e-01
-4.262297354599400845e-02 -5.077110048036651557e-01 7.581832759863186277e-01
-4.262297354599400845e-02 -5.077110048036651557e-01 7.581832759863186277e-01
-4.262297354599400845e-02 -5.077110048036651557e-01 7.581832759863186277e-01
-4.262297354597743837e-02 -5.089356695706023226e-01 7.581832669894121857e-01
-4.262297354597743837e-02 -5.089356695706023226e-01 7.581832669894121857e-01
-4.262297355799841980e-02 -5.105338302841112563e-01 7.581865337394482207e-01
-4.262297355799841980e-02 -5.105338302841112563e-01 7.581865337394482207e-01
-4.262297355799841980e-02 -5.105338302841112563e-01 7.581865337394482207e-01
-4.262297355799841980e-02 -5.105338302841112563e-01 7.581865337394482207e-01
-4.262297355799841980e-02 -5.105338302841112563e-01 7.581865337394482207e-01
-4.249233950096142909e-02 -5.146140316024467865e-01 7.581832257038988443e-01
-4.249233950096142909e-02 -5.146140316024467865e-01 7.581832257038988443e-01
-4.262297357023235589e-02 -5.161890838818663507e-01 7.581898435397119718e-01
-4.262297357023235589e-02 -5.161890838818663507e-01 7.581898435397119718e-01
-4.262297357023235589e-02 -5.161890838818663507e-01 7.581898435397119718e-01
-4.262297361327901934e-02 -5.190765768214398168e-01 7.582015520385003704e-01
-4.262297361327901934e-02 -5.190765768214398168e-01 7.582015520385003704e-01
-4.262297361327901934e-02 -5.190765768214398168e-01 7.582015520385003704e-01
-4.262297361327901934e-02 -5.190765768214398168e-01 7.582015520385003704e-01
-4.249233958047810011e-02 -5.318000646389454689e-01 7.582048103426606289e-01
-4.249233958047810011e-02 -5.318000646389454689e-01 7.582048103426606289e-01
-4.249233958047810011e-02 -5.318000646389454689e-01 7.582048103426606289e-01
-4.262297355766202223e-02 -5.354641246316148573e-01 7.581863505909429701e-01
-4.262297355766202223e-02 -5.354641246316148573e-01 7.581863505909429701e-01
-4.262297355766202223e-02 -5.354641246316148573e-01 7.581863505909429701e-01
-4.262297355766202223e-02 -5.354641246316148573e-01 7.581863505909429701e-01
-4.249233951257182229e-02 -5.466528763138084335e-01 7.581862688237724912e-01
-4.249233951257182229e-02 -5.466528763138084335e-01 7.581862688237724912e-01
-4.249233951257182229e-02 -5.466528763138084335e-01 7.581862688237724912e-01
-4.249233951257182229e-02 -5.466528763138084335e-01 7.581862688237724912e-01
-4.249233951257182229e-02 -5.466528763138084335e-01 7.581862688237724912e-01
-4.249233952471521969e-02 -5.590132774422219564e-01 7.581895293651814693e-01
-4.249233952471521969e-02 -5.590132774422219564e-01 7.581895293651814693e-01
-4.249233952471521969e-02 -5.590132774422219564e-01 7.581895293651814693e-01
-4.249233952471521969e-02 -5.590132774422219564e-01 7.581895293651814693e-01
-4.249233954311199685e-02 -5.640843393945689233e-01 7.581945191302408293e-01
-4.249233954311199685e-02 -5.640843393945689233e-01 7.581945191302408293e-01
-4.249233954311199685e-02 -5.640843393945689233e-01 7.581945191302408293e-01
-4.249233954308660050e-02 -5.659674266419078004e-01 7.581945052962840714e-01
-4.249233954308660050e-02 -5.659674266419078004e-01 7.581945052962840714e-01
-4.249233951229862416e-02 -5.668964109123333373e-01 7.581861201061900202e-01
-4.249233951229862416e-02 -5.668964109123333373e-01 7.581861201061900202e-01
-4.249233951229862416e-02 -5.668964109123333373e-01 7.581861201061900202e-01
-4.249233951229862416e-02 -5.668964109123333373e-01 7.581861201061900202e-01
-4.249233951229862416e-02 -5.668964109123333373e-01 7.581861201061900202e-01
-4.249233954306136374e-02 -5.678373527659104081e-01 7.581944915590145273e-01
-4.249233954306136374e-02 -5.678373527659104081e-01 7.581944915590145273e-01
-4.249233954306136374e-02 -5.678373527659104081e-01 7.581944915590145273e-01
-4.249233954306136374e-02 -5.678373527659104081e-01 7.581944915590145273e-01
-4.249233955537079499e-02 -5.678936080767765793e-01 7.581978424918919268e-01
-4.249233955537079499e-02 -5.678936080767765793e-01 7.581978424918919268e-01
-4.249233955537079499e-02 -5.678936080767765793e-01 7.581978424918919268e-01
-4.249233955537079499e-02 -5.678936080767765793e-01 7.581978424918919268e-01
-4.249233955537079499e-02 -5.678936080767765793e-01 7.581978424918919268e-01
-4.249233955537123908e-02 -5.678600903849393422e-01 7.581978427381270702e-01
-4.249233955537123908e-02 -5.678600903849393422e-01 7.581978427381270702e-01
-4.249233955537123908e-02 -5.678600903849393422e-01 7.581978427381270702e-01
-4.249233955537123908e-02 -5.678600903849393422e-01 7.581978427381270702e-01
-4.249233955537123908e-02 -5.678600903849393422e-01 7.581978427381270702e-01
-4.249233948820133056e-02 -5.677942585358300986e-01 7.581795565286177929e-01
-4.249233948820133056e-02 -5.677942585358300986e-01 7.581795565286177929e-01
-4.249233954306225192e-02 -5.677691006978715649e-01 7.581944920604229976e-01
-4.249233954306225192e-02 -5.677691006978715649e-01 7.581944920604229976e-01
-4.249233954306225192e-02 -5.677691006978715649e-01 7.581944920604229976e-01
-4.249233954306225192e-02 -5.677691006978715649e-01 7.581944920604229976e-01
-4.249233954306225192e-02 -5.677691006978715649e-01 7.581944920604229976e-01
-4.249233952459798708e-02 -5.677032688974682495e-01 7.581894655248223591e-01
-4.249233952459798708e-02 -5.677032688974682495e-01 7.581894655248223591e-01
-4.249233952459834096e-02 -5.676733489282126399e-01 7.581894657446269781e-01
-4.249233952459834096e-02 -5.676733489282126399e-01 7.581894657446269781e-01
-4.249233952459834096e-02 -5.676733489282126399e-01 7.581894657446269781e-01
-4.249233952459834096e-02 -5.676733489282126399e-01 7.581894657446269781e-01
-4.249233952459825769e-02 -5.676757430490585454e-01 7.581894657270390470e-01
-4.249233952459825769e-02 -5.676757430490585454e-01 7.581894657270390470e-01
-4.249233952459825769e-02 -5.676757430490585454e-01 7.581894657270390470e-01
-4.249233952459825769e-02 -5.676757430490585454e-01 7.581894657270390470e-01
-4.249233952459825769e-02 -5.676757430490585454e-01 7.581894657270390470e-01
-4.249233955537387586e-02 -5.676709417555153570e-01 7.581978441276931990e-01
-4.249233955537387586e-02 -5.676709417555153570e-01 7.581978441276931990e-01
-4.249233955537365381e-02 -5.676781241180519633e-01 7.581978440749285175e-01
-4.249233955537365381e-02 -5.676781241180519633e-01 7.581978440749285175e-01
-4.249233955537365381e-02 -5.676781241180519633e-01 7.581978440749285175e-01
-4.249233952459820218e-02 -5.676829123289673928e-01 7.581894656743702887e-01
-4.249233952459820218e-02 -5.676829123289673928e-01 7.581894656743702887e-01
-4.249233952459820218e-02 -5.676829123289673928e-01 7.581894656743702887e-01
-4.249233952459820218e-02 -5.676829123289673928e-01 7.581894656743702887e-01
-4.249233954306361888e-02 -5.676733489466779803e-01 7.581944927638559761e-01
-4.249233954306361888e-02 -5.676733489466779803e-01 7.581944927638559761e-01
-4.249233954306361888e-02 -5.676733489466779803e-01 7.581944927638559761e-01
-4.249233952459817443e-02 -5.676877136532859636e-01 7.581894656390978371e-01
-4.249233952459817443e-02 -5.676877136532859636e-01 7.581894656390978371e-01
-4.249233952459817443e-02 -5.676877136532859636e-01 7.581894656390978371e-01
-4.249233952459817443e-02 -5.676877136532859636e-01 7.581894656390978371e-01
-4.249233952459803565e-02 -5.676912982932404983e-01 7.581894656127634580e-01
-4.249233952459803565e-02 -5.676912982932404983e-01 7.581894656127634580e-01
-4.249233952459803565e-02 -5.676912982932404983e-01 7.581894656127634580e-01
-4.249233952459800789e-02 -5.676960865349315322e-01 7.581894655775869296e-01
-4.249233952459800789e-02 -5.676960865349315322e-01 7.581894655775869296e-01
-4.249233952459800789e-02 -5.676960865349315322e-01 7.581894655775869296e-01
-4.249233952459800789e-02 -5.676960865349315322e-01 7.581894655775869296e-01
-4.249233955537354279e-02 -5.676936924448616750e-01 7.581978439605568942e-01
-4.249233955537354279e-02 -5.676936924448616750e-01 7.581978439605568942e-01
-4.249233955537354279e-02 -5.676936924448616750e-01 7.581978439605568942e-01
-4.249233952459795238e-02 -5.676984806557768826e-01 7.581894655599987765e-01
-4.249233952459795238e-02 -5.676984806557768826e-01 7.581894655599987765e-01
-4.249233952459795238e-02 -5.676984806557768826e-01 7.581894655599987765e-01
-4.249233952459795238e-02 -5.676984806557768826e-01 7.581894655599987765e-01
-4.249233950024519646e-02 -5.677056760765882837e-01 7.581828356701836302e-01
-4.249233950024519646e-02 -5.677056760765882837e-01 7.581828356701836302e-01
-4.249233950024519646e-02 -5.677056760765882837e-01 7.581828356701836302e-01
-4.249233954306302907e-02 -5.677104512784697521e-01 7.581944924912865647e-01
-4.249233954306302907e-02 -5.677104512784697521e-01 7.581944924912865647e-01
-4.249233954306302907e-02 -5.677104512784697521e-01 7.581944924912865647e-01
-4.249233954306302907e-02 -5.677104512784697521e-01 7.581944924912865647e-01
-4.236169685727091128e-02 -5.677274974469649349e-01 7.581894657773075030e-01
-4.236169685727091128e-02 -5.677274974469649349e-01 7.581894657773075030e-01
-4.236169688804636291e-02 -5.677274974777405392e-01 7.581978441426892035e-01
-4.236169688804636291e-02 -5.677274974777405392e-01 7.581978441426892035e-01
-4.236169688804636291e-02 -5.677274974777405392e-01 7.581978441426892035e-01
-4.236169688804636291e-02 -5.677274974777405392e-01 7.581978441426892035e-01
-4.236169688804636291e-02 -5.677274974777405392e-01 7.581978441426892035e-01
-4.236169690035654356e-02 -5.677274974900508031e-01 7.582011954888420169e-01
-4.236169690035654356e-02 -5.677274974900508031e-01 7.582011954888420169e-01
-4.236169687573612674e-02 -5.677322857071214202e-01 7.581944927613599727e-01
-4.236169687573612674e-02 -5.677322857071214202e-01 7.581944927613599727e-01
-4.236169687573612674e-02 -5.677322857071214202e-01 7.581944927613599727e-01
-4.236169687573612674e-02 -5.677322857071214202e-01 7.581944927613599727e-01
-4.236169687573612674e-02 -5.677322857071214202e-01 7.581944927613599727e-01
-4.236169687573618226e-02 -5.677274974654302753e-01 7.581944927965365011e-01
-4.236169687573618226e-02 -5.677274974654302753e-01 7.581944927965365011e-01
-4.236169685727091128e-02 -5.677274974469649349e-01 7.581894657773075030e-01
-4.236169685727091128e-02 -5.677274974469649349e-01 7.581894657773075030e-01
-4.236169685727091128e-02 -5.677274974469649349e-01 7.581894657773075030e-01
-4.236169685727091128e-02 -5.677274974469649349e-01 7.581894657773075030e-01
-4.236169685727091128e-02 -5.677274974469649349e-01 7.581894657773075030e-01
-4.236169690035649499e-02 -5.677322857317417260e-01 7.582011954536654885e-01
-4.236169690035649499e-02 -5.677322857317417260e-01 7.582011954536654885e-01
-4.236169683291809984e-02 -5.677370608233668348e-01 7.581828358700964943e-01
-4.236169683291809984e-02 -5.677370608233668348e-01 7.581828358700964943e-01
-4.236169683291809984e-02 -5.677370608233668348e-01 7.581828358700964943e-01
-4.236169684496067511e-02 -5.677370608354093129e-01 7.581861143608978892e-01
-4.236169684496067511e-02 -5.677370608354093129e-01 7.581861143608978892e-01
-4.236169684496067511e-02 -5.677370608354093129e-01 7.581861143608978892e-01
-4.236169684496067511e-02 -5.677370608354093129e-01 7.581861143608978892e-01
-4.236169687573612674e-02 -5.677370608661848062e-01 7.581944927262794787e-01
-4.236169687573612674e-02 -5.677370608661848062e-01 7.581944927262794787e-01
-4.236169687573612674e-02 -5.677370608661848062e-01 7.581944927262794787e-01
-4.236169687573612674e-02 -5.677370608661848062e-01 7.581944927262794787e-01
-4.236169687573612674e-02 -5.677370608661848062e-01 7.581944927262794787e-01
-4.236169687573612674e-02 -5.677346798279668816e-01 7.581944927437715975e-01
-4.236169687573612674e-02 -5.677346798279668816e-01 7.581944927437715975e-01
-4.236169685727085576e-02 -5.677346798095014302e-01 7.581894657245427105e-01
-4.236169685727085576e-02 -5.677346798095014302e-01 7.581894657245427105e-01
-4.236169685727085576e-02 -5.677346798095014302e-01 7.581894657245427105e-01
-4.236169685727085576e-02 -5.677346798095014302e-01 7.581894657245427105e-01
-4.236169685727085576e-02 -5.677346798095014302e-01 7.581894657245427105e-01
-4.236169687573618226e-02 -5.677274974654302753e-01 7.581944927965365011e-01
-4.236169687573618226e-02 -5.677274974654302753e-01 7.581944927965365011e-01
-4.236169685727066148e-02 -5.677418621720383696e-01 7.581894656717782510e-01
-4.236169685727066148e-02 -5.677418621720383696e-01 7.581894656717782510e-01
-4.236169690035649499e-02 -5.677346798525872984e-01 7.582011954360772243e-01
-4.236169690035649499e-02 -5.677346798525872984e-01 7.582011954360772243e-01
-4.236169690035649499e-02 -5.677346798525872984e-01 7.582011954360772243e-01
-4.236169685727085576e-02 -5.677346798095014302e-01 7.581894657245427105e-01
-4.236169685727085576e-02 -5.677346798095014302e-01 7.581894657245427105e-01
-4.236169687573612674e-02 -5.677322857071214202e-01 7.581944927613599727e-01
-4.236169687573612674e-02 -5.677322857071214202e-01 7.581944927613599727e-01
-4.236169687573612674e-02 -5.677322857071214202e-01 7.581944927613599727e-01
-4.236169687573612674e-02 -5.677322857071214202e-01 7.581944927613599727e-01
-4.236169687573612674e-02 -5.677322857071214202e-01 7.581944927613599727e-01
-4.236169685727085576e-02 -5.677346798095014302e-01 7.581894657245427105e-01
-4.236169685727085576e-02 -5.677346798095014302e-01 7.581894657245427105e-01
-4.236169685727091128e-02 -5.677274974469649349e-01 7.581894657773075030e-01
-4.236169685727091128e-02 -5.677274974469649349e-01 7.581894657773075030e-01
-4.236169685727091128e-02 -5.677274974469649349e-01 7.581894657773075030e-01
-4.236169685727091128e-02 -5.677274974469649349e-01 7.581894657773075030e-01
-4.236169685727091128e-02 -5.677274974469649349e-01 7.581894657773075030e-01
-4.236169690035629376e-02 -5.677418622151240157e-01 7.582011953833125428e-01
-4.236169690035629376e-02 -5.677418622151240157e-01 7.582011953833125428e-01
-4.236169684496073062e-02 -5.677274974346546710e-01 7.581861144311548006e-01
-4.236169684496073062e-02 -5.677274974346546710e-01 7.581861144311548006e-01
-4.236169684496073062e-02 -5.677274974346546710e-01 7.581861144311548006e-01
-4.236169684496073062e-02 -5.677274974346546710e-01 7.581861144311548006e-01
-4.236169684496073062e-02 -5.677274974346546710e-01 7.581861144311548006e-01
-4.236169688804636291e-02 -5.677274974777405392e-01 7.581978441426892035e-01
-4.236169688804636291e-02 -5.677274974777405392e-01 7.581978441426892035e-01
-4.236169687573612674e-02 -5.677346798279668816e-01 7.581944927437715975e-01
-4.236169687573612674e-02 -5.677346798279668816e-01 7.581944927437715975e-01
-4.236169684496067511e-02 -5.677298915555001324e-01 7.581861144135663144e-01
-4.236169684496067511e-02 -5.677298915555001324e-01 7.581861144135663144e-01
-4.236169684496067511e-02 -5.677298915555001324e-01 7.581861144135663144e-01
-4.236169684496067511e-02 -5.677298915555001324e-01 7.581861144135663144e-01
-4.236169684496067511e-02 -5.677298915555001324e-01 7.581861144135663144e-01
-4.236169683291815535e-02 -5.677238997000301213e-01 7.581828359667834860e-01
-4.236169683291815535e-02 -5.677238997000301213e-01 7.581828359667834860e-01
-4.236169685727085576e-02 -5.677322856886559688e-01 7.581894657421309747e-01
-4.236169685727085576e-02 -5.677322856886559688e-01 7.581894657421309747e-01
-4.236169685727085576e-02 -5.677322856886559688e-01 7.581894657421309747e-01
-4.236169685727085576e-02 -5.677322856886559688e-01 7.581894657421309747e-01
-4.236169685727085576e-02 -5.677322856886559688e-01 7.581894657421309747e-01
-4.236169682087553845e-02 -5.677298915314150651e-01 7.581795574319634134e-01
-4.236169682087553845e-02 -5.677298915314150651e-01 7.581795574319634134e-01
-4.236169682087553845e-02 -5.677298915314150651e-01 7.581795574319634134e-01
-4.236169682087553845e-02 -5.677298915314150651e-01 7.581795574319634134e-01
-4.236169684496073062e-02 -5.677274974346546710e-01 7.581861144311548006e-01
-4.236169684496073062e-02 -5.677274974346546710e-01 7.581861144311548006e-01
-4.236169684496073062e-02 -5.677274974346546710e-01 7.581861144311548006e-01
-4.236169687573618226e-02 -5.677238997428483147e-01 7.581944928229668035e-01
-4.236169687573618226e-02 -5.677238997428483147e-01 7.581944928229668035e-01
-4.236169687573618226e-02 -5.677238997428483147e-01 7.581944928229668035e-01
-4.236169687573618226e-02 -5.677238997428483147e-01 7.581944928229668035e-01
-4.236169685727091128e-02 -5.677238997243828633e-01 7.581894658037379164e-01
-4.236169685727091128e-02 -5.677238997243828633e-01 7.581894658037379164e-01
-4.236169685727091128e-02 -5.677238997243828633e-01 7.581894658037379164e-01
-4.236169682087559396e-02 -5.677274974105693817e-01 7.581795574495514556e-01
-4.236169682087559396e-02 -5.677274974105693817e-01 7.581795574495514556e-01
-4.236169682087559396e-02 -5.677274974105693817e-01 7.581795574495514556e-01
-4.236169682087559396e-02 -5.677274974105693817e-01 7.581795574495514556e-01
-4.236169684496067511e-02 -5.677298915555001324e-01 7.581861144135663144e-01
-4.236169684496067511e-02 -5.677298915555001324e-01 7.581861144135663144e-01
-4.236169684496067511e-02 -5.677298915555001324e-01 7.581861144135663144e-01
-4.223104559657453461e-02 -5.677552271079298052e-01 7.581828361674556316e-01
-4.223104559657453461e-02 -5.677552271079298052e-01 7.581828361674556316e-01
-4.223104559657453461e-02 -5.677552271079298052e-01 7.581828361674556316e-01
-4.223104559657453461e-02 -5.677552271079298052e-01 7.581828361674556316e-01
-4.236169715110954526e-02 -5.677370611415593071e-01 7.582694608826087146e-01
-4.236169715110954526e-02 -5.677370611415593071e-01 7.582694608826087146e-01
-4.236169715110954526e-02 -5.677370611415593071e-01 7.582694608826087146e-01
-4.223104826574319848e-02 -5.677432591728807099e-01 7.589094955277252419e-01
-4.223104826574319848e-02 -5.677432591728807099e-01 7.589094955277252419e-01
-4.223104826574319848e-02 -5.677432591728807099e-01 7.589094955277252419e-01
-4.223104826574319848e-02 -5.677432591728807099e-01 7.589094955277252419e-01
-4.236172957318463939e-02 -5.677323184046899618e-01 7.670961052750585596e-01
-4.236172957318463939e-02 -5.677323184046899618e-01 7.670961052750585596e-01
-4.236172957318463939e-02 -5.677323184046899618e-01 7.670961052750585596e-01
-4.236172957318463939e-02 -5.677323184046899618e-01 7.670961052750585596e-01
-4.236172957318463939e-02 -5.677323184046899618e-01 7.670961052750585596e-01
-4.236175745307027563e-02 -5.677347404055235192e-01 7.746861757398417758e-01
-4.236175745307027563e-02 -5.677347404055235192e-01 7.746861757398417758e-01
-4.236175745307027563e-02 -5.677347404055235192e-01 7.746861757398417758e-01
-4.236175745307027563e-02 -5.677347404055235192e-01 7.746861757398417758e-01
-4.223114321818963179e-02 -5.677409600048300975e-01 7.847595212514150154e-01
-4.223114321818963179e-02 -5.677409600048300975e-01 7.847595212514150154e-01
-4.223114321818963179e-02 -5.677409600048300975e-01 7.847595212514150154e-01
-4.223116557588826869e-02 -5.677409823626109464e-01 7.908462215628927483e-01
-4.223116557588826869e-02 -5.677409823626109464e-01 7.908462215628927483e-01
-4.249248560818684461e-02 -5.677237584674671433e-01 7.979595258927970614e-01
-4.249248560818684461e-02 -5.677237584674671433e-01 7.979595258927970614e-01
-4.249248560818684461e-02 -5.677237584674671433e-01 7.979595258927970614e-01
-4.249248560818684461e-02 -5.677237584674671433e-01 7.979595258927970614e-01
-4.249248560818684461e-02 -5.677237584674671433e-01 7.979595258927970614e-01
-4.275380392840506805e-02 -5.676966699546291961e-01 8.139962265604565594e-01
-4.275380392840506805e-02 -5.676966699546291961e-01 8.139962265604565594e-01
-4.275380392840506805e-02 -5.676966699546291961e-01 8.139962265604565594e-01
-4.275380392840506805e-02 -5.676966699546291961e-01 8.139962265604565594e-01
-4.249257211825716030e-02 -5.677166756979458162e-01 8.215111838889701534e-01
-4.249257211825716030e-02 -5.677166756979458162e-01 8.215111838889701534e-01
-4.249257211825716030e-02 -5.677166756979458162e-01 8.215111838889701534e-01
-4.249258274007076952e-02 -5.677106944763710139e-01 8.244028856753173873e-01
-4.249258274007076952e-02 -5.677106944763710139e-01 8.244028856753173873e-01
-4.249258999451430152e-02 -5.677190876951143661e-01 8.263778484725714524e-01
-4.249258999451430152e-02 -5.677190876951143661e-01 8.263778484725714524e-01
-4.249258999451430152e-02 -5.677190876951143661e-01 8.263778484725714524e-01
-4.249258999451430152e-02 -5.677190876951143661e-01 8.263778484725714524e-01
-4.249258999451430152e-02 -5.677190876951143661e-01 8.263778484725714524e-01
-4.249259754895173824e-02 -5.677190952495794196e-01 8.284344821800668779e-01
-4.249259754895173824e-02 -5.677190952495794196e-01 8.284344821800668779e-01
-4.249259754895173824e-02 -5.677190952495794196e-01 8.284344821800668779e-01
-4.249259754895173824e-02 -5.677190952495794196e-01 8.284344821800668779e-01
-4.262323156953877479e-02 -5.677007750205178560e-01 8.284278520475606422e-01
-4.262323156953877479e-02 -5.677007750205178560e-01 8.284278520475606422e-01
-4.262323153903084527e-02 -5.677055632317010714e-01 8.284195465023534988e-01
-4.262323153903084527e-02 -5.677055632317010714e-01 8.284195465023534988e-01
-4.262323153903084527e-02 -5.677055632317010714e-01 8.284195465023534988e-01
-4.249259737741205301e-02 -5.677214891988847656e-01 8.283877818823941475e-01
-4.249259737741205301e-02 -5.677214891988847656e-01 8.283877818823941475e-01
-4.249259737741205301e-02 -5.677214891988847656e-01 8.283877818823941475e-01
-4.249259737741205301e-02 -5.677214891988847656e-01 8.283877818823941475e-01
-4.249259721256275213e-02 -5.677143066714981368e-01 8.283429030388530512e-01
-4.249259721256275213e-02 -5.677143066714981368e-01 8.283429030388530512e-01
-4.249259721256275213e-02 -5.677143066714981368e-01 8.283429030388530512e-01
-4.249259721256275213e-02 -5.677143066714981368e-01 8.283429030388530512e-01
-4.249259721256275213e-02 -5.677143066714981368e-01 8.283429030388530512e-01
-4.262323136749117392e-02 -5.677031689393151614e-01 8.283728462398574077e-01
-4.262323136749117392e-02 -5.677031689393151614e-01 8.283728462398574077e-01
-4.249259958762499623e-02 -5.677107113239870939e-01 8.289894943067025457e-01
-4.249259958762499623e-02 -5.677107113239870939e-01 8.289894943067025457e-01
-4.249259958762499623e-02 -5.677107113239870939e-01 8.289894943067025457e-01
-4.249259958762499623e-02 -5.677107113239870939e-01 8.289894943067025457e-01
-4.249259958762499623e-02 -5.677107113239870939e-01 8.289894943067025457e-01
-4.262325265366888327e-02 -5.676948042612975920e-01 8.341678337869536941e-01
-4.262325265366888327e-02 -5.676948042612975920e-01 8.341678337869536941e-01
-4.262325265366888327e-02 -5.676948042612975920e-01 8.341678337869536941e-01
-4.262325265366888327e-02 -5.676948042612975920e-01 8.341678337869536941e-01
-4.262325265366888327e-02 -5.676948042612975920e-01 8.341678337869536941e-01
-4.262329286300431397e-02 -5.677032304350542180e-01 8.451144959457087547e-01
-4.262329286300431397e-02 -5.677032304350542180e-01 8.451144959457087547e-01
-4.262329286300431397e-02 -5.677032304350542180e-01 8.451144959457087547e-01
-4.262329286300431397e-02 -5.677032304350542180e-01 8.451144959457087547e-01
-4.262329286300431397e-02 -5.677032304350542180e-01 8.451144959457087547e-01
-4.262329286300431397e-02 -5.677032304350542180e-01 8.451144959457087547e-01
-4.262329286300431397e-02 -5.677032304350542180e-01 8.451144959457087547e-01
-4.262336354780051073e-02 -5.677056952409555990e-01 8.643578526816171337e-01
-4.262336354780051073e-02 -5.677056952409555990e-01 8.643578526816171337e-01
-4.262338844005859884e-02 -5.676973341690318975e-01 8.711345660854035167e-01
-4.262338844005859884e-02 -5.676973341690318975e-01 8.711345660854035167e-01
-4.262338844005859884e-02 -5.676973341690318975e-01 8.711345660854035167e-01
-4.262338844005859884e-02 -5.676973341690318975e-01 8.711345660854035167e-01
-4.262342839195074756e-02 -5.677033659644985519e-01 8.820111414139443218e-01
-4.262342839195074756e-02 -5.677033659644985519e-01 8.820111414139443218e-01
-4.262342839195074756e-02 -5.677033659644985519e-01 8.820111414139443218e-01
-4.262342839195074756e-02 -5.677033659644985519e-01 8.820111414139443218e-01
-4.262342839195074756e-02 -5.677033659644985519e-01 8.820111414139443218e-01
-4.262346526495923438e-02 -5.677105721175513819e-01 8.920495159189023582e-01
-4.262346526495923438e-02 -5.677105721175513819e-01 8.920495159189023582e-01
-4.262347538446411427e-02 -5.677010188363386112e-01 8.948044682373873515e-01
-4.262347538446411427e-02 -5.677010188363386112e-01 8.948044682373873515e-01
-4.262347538446411427e-02 -5.677010188363386112e-01 8.948044682373873515e-01
-4.262347538446411427e-02 -5.677010188363386112e-01 8.948044682373873515e-01
-4.262347538446411427e-02 -5.677010188363386112e-01 8.948044682373873515e-01
-4.249285318566578540e-02 -5.677193508872327987e-01 8.980294835067601511e-01
-4.249285318566578540e-02 -5.677193508872327987e-01 8.980294835067601511e-01
-4.249285318566578540e-02 -5.677193508872327987e-01 8.980294835067601511e-01
-4.249285318566578540e-02 -5.677193508872327987e-01 8.980294835067601511e-01
-4.249285318566578540e-02 -5.677193508872327987e-01 8.980294835067601511e-01
-4.249285470383244723e-02 -5.677145641637134643e-01 8.984427919489865744e-01
-4.249285470383244723e-02 -5.677145641637134643e-01 8.984427919489865744e-01
-4.249285470383244723e-02 -5.677145641637134643e-01 8.984427919489865744e-01
-4.249285470383244723e-02 -5.677145641637134643e-01 8.984427919489865744e-01
-4.249285452640514521e-02 -5.677193522279770921e-01 8.983944888160007025e-01
-4.249285452640514521e-02 -5.677193522279770921e-01 8.983944888160007025e-01
-4.249285452640514521e-02 -5.677193522279770921e-01 8.983944888160007025e-01
-4.249285452640514521e-02 -5.677193522279770921e-01 8.983944888160007025e-01
-4.249285452640514521e-02 -5.677193522279770921e-01 8.983944888160007025e-01
-4.249285452640514521e-02 -5.677193522279770921e-01 8.983944888160007025e-01
-4.249285452640514521e-02 -5.677193522279770921e-01 8.983944888160007025e-01
-4.262348833878946280e-02 -5.677058200324029968e-01 8.983311771851265615e-01
-4.262348833878946280e-02 -5.677058200324029968e-01 8.983311771851265615e-01
-4.262348833878946280e-02 -5.677058200324029968e-01 8.983311771851265615e-01
-4.262348833878946280e-02 -5.677058200324029968e-01 8.983311771851265615e-01
-4.262348833878946280e-02 -5.677058200324029968e-01 8.983311771851265615e-01
-4.262348826519599121e-02 -5.677058199588091991e-01 8.983111419635610995e-01
-4.262348826519599121e-02 -5.677058199588091991e-01 8.983111419635610995e-01
-4.262348826519599121e-02 -5.677058199588091991e-01 8.983111419635610995e-01
-4.262348826519599121e-02 -5.677058199588091991e-01 8.983111419635610995e-01
-4.262348826519599121e-02 -5.677058199588091991e-01 8.983111419635610995e-01
-4.262348832059180415e-02 -5.677058200142052202e-01 8.983262230212486488e-01
-4.262348832059180415e-02 -5.677058200142052202e-01 8.983262230212486488e-01
-4.262348832059180415e-02 -5.677058200142052202e-01 8.983262230212486488e-01
-4.262348832059180415e-02 -5.677058200142052202e-01 8.983262230212486488e-01
-4.262350324588447259e-02 -5.677010466978613668e-01 9.023895117005297228e-01
-4.262350324588447259e-02 -5.677010466978613668e-01 9.023895117005297228e-01
-4.262350324588447259e-02 -5.677010466978613668e-01 9.023895117005297228e-01
-4.262350324588447259e-02 -5.677010466978613668e-01 9.023895117005297228e-01
-4.262350324588447259e-02 -5.677010466978613668e-01 9.023895117005297228e-01
-4.249289702570227534e-02 -5.677086146423115931e-01 9.099645743553121946e-01
-4.249289702570227534e-02 -5.677086146423115931e-01 9.099645743553121946e-01
-4.249289702570227534e-02 -5.677086146423115931e-01 9.099645743553121946e-01
-4.249289702570227534e-02 -5.677086146423115931e-01 9.099645743553121946e-01
-4.262357359402399459e-02 -5.677011170462592515e-01 9.215412164222847036e-01
-4.262357359402399459e-02 -5.677011170462592515e-01 9.215412164222847036e-01
-4.262357359402399459e-02 -5.677011170462592515e-01 9.215412164222847036e-01
-4.262357359402399459e-02 -5.677011170462592515e-01 9.215412164222847036e-01
-4.262357359402399459e-02 -5.677011170462592515e-01 9.215412164222847036e-01
-4.262362640839077732e-02 -5.721214700980421508e-01 9.359194789189185792e-01
-4.262362640839077732e-02 -5.721214700980421508e-01 9.359194789189185792e-01
-4.262362640839077732e-02 -5.721214700980421508e-01 9.359194789189185792e-01
-4.262362640839077732e-02 -5.721214700980421508e-01 9.359194789189185792e-01
-4.262362640839077732e-02 -5.721214700980421508e-01 9.359194789189185792e-01
-4.262366501981153244e-02 -5.720987711028857614e-01 9.464311220046283113e-01
-4.262366501981153244e-02 -5.720987711028857614e-01 9.464311220046283113e-01
-4.262366501981153244e-02 -5.720987711028857614e-01 9.464311220046283113e-01
-4.262366501981153244e-02 -5.720987711028857614e-01 9.464311220046283113e-01
-4.262368824085444041e-02 -5.701833799039209838e-01 9.527528677503481758e-01
-4.262368824085444041e-02 -5.701833799039209838e-01 9.527528677503481758e-01
-4.262368824085444041e-02 -5.701833799039209838e-01 9.527528677503481758e-01
-4.262368824085444041e-02 -5.701833799039209838e-01 9.527528677503481758e-01
-4.262368824085444041e-02 -5.701833799039209838e-01 9.527528677503481758e-01
-4.249307349862807559e-02 -5.642148604648421495e-01 9.580078956506995480e-01
-4.249307349862807559e-02 -5.642148604648421495e-01 9.580078956506995480e-01
-4.249307349862807559e-02 -5.642148604648421495e-01 9.580078956506995480e-01
-4.249307349862807559e-02 -5.642148604648421495e-01 9.580078956506995480e-01
-4.249307349862807559e-02 -5.642148604648421495e-01 9.580078956506995480e-01
-4.262370971079457171e-02 -5.568150099685529320e-01 9.585979322165915084e-01
-4.262370971079457171e-02 -5.568150099685529320e-01 9.585979322165915084e-01
-4.262370971079457171e-02 -5.568150099685529320e-01 9.585979322165915084e-01
-4.262370971079457171e-02 -5.568150099685529320e-01 9.585979322165915084e-01
-4.262370971079457171e-02 -5.568150099685529320e-01 9.585979322165915084e-01
-4.262370971079457171e-02 -5.568150099685529320e-01 9.585979322165915084e-01
-4.262370953973505794e-02 -5.410631468053920257e-01 9.585514205117176001e-01
-4.262370953973505794e-02 -5.410631468053920257e-01 9.585514205117176001e-01
-4.262370953973505794e-02 -5.410631468053920257e-01 9.585514205117176001e-01
-4.262370953973505794e-02 -5.410631468053920257e-01 9.585514205117176001e-01
-4.262370953973505794e-02 -5.410631468053920257e-01 9.585514205117176001e-01
-4.262370928247118107e-02 -5.277618036090437892e-01 9.584814313812163311e-01
-4.262370928247118107e-02 -5.277618036090437892e-01 9.584814313812163311e-01
-4.262370928247118107e-02 -5.277618036090437892e-01 9.584814313812163311e-01
-4.262370928247118107e-02 -5.277618036090437892e-01 9.584814313812163311e-01
-4.262370928247118107e-02 -5.277618036090437892e-01 9.584814313812163311e-01
-4.262370928247118107e-02 -5.277618036090437892e-01 9.584814313812163311e-01
-4.262370928247118107e-02 -5.277618036090437892e-01 9.584814313812163311e-01
-4.249307505401115487e-02 -5.231843273906934266e-01 9.584314866685488266e-01
-4.249307505401115487e-02 -5.231843273906934266e-01 9.584314866685488266e-01
-4.249307505401115487e-02 -5.231843273906934266e-01 9.584314866685488266e-01
-4.249307505401115487e-02 -5.231843273906934266e-01 9.584314866685488266e-01
-4.249307505401115487e-02 -5.231843273906934266e-01 9.584314866685488266e-01
-4.262370862170925673e-02 -5.098718461321939399e-01 9.583016100910890511e-01
-4.262370862170925673e-02 -5.098718461321939399e-01 9.583016100910890511e-01
-4.262370862170925673e-02 -5.098718461321939399e-01 9.583016100910890511e-01
-4.262370862170925673e-02 -5.098718461321939399e-01 9.583016100910890511e-01
-4.249307452167917082e-02 -5.070888879009802785e-01 9.582866227636825940e-01
-4.249307452167917082e-02 -5.070888879009802785e-01 9.582866227636825940e-01
-4.249307452167917082e-02 -5.070888879009802785e-01 9.582866227636825940e-01
-4.249307452167917082e-02 -5.070888879009802785e-01 9.582866227636825940e-01
-4.249307452167917082e-02 -5.070888879009802785e-01 9.582866227636825940e-01
-4.249307446655715276e-02 -5.066279868765195538e-01 9.582716179473205198e-01
-4.249307446655715276e-02 -5.066279868765195538e-01 9.582716179473205198e-01
-4.249307446655715276e-02 -5.066279868765195538e-01 9.582716179473205198e-01
-4.249307446655715276e-02 -5.066279868765195538e-01 9.582716179473205198e-01
-4.249307446655715276e-02 -5.066279868765195538e-01 9.582716179473205198e-01
-4.249307444836390724e-02 -5.063035769424397703e-01 9.582666661666955354e-01
-4.249307444836390724e-02 -5.063035769424397703e-01 9.582666661666955354e-01
-4.262370853613574317e-02 -5.052341592335984899e-01 9.582783304491345744e-01
-4.262370853613574317e-02 -5.052341592335984899e-01 9.582783304491345744e-01
-4.262370853613574317e-02 -5.052341592335984899e-01 9.582783304491345744e-01
-4.262370853613574317e-02 -5.052341592335984899e-01 9.582783304491345744e-01
-4.262370852387249720e-02 -5.017600805523916296e-01 9.582750046250358977e-01
-4.262370852387249720e-02 -5.017600805523916296e-01 9.582750046250358977e-01
-4.262370852387249720e-02 -5.017600805523916296e-01 9.582750046250358977e-01
-4.262370852387249720e-02 -5.017600805523916296e-01 9.582750046250358977e-01
-4.262370852387249720e-02 -5.017600805523916296e-01 9.582750046250358977e-01
-4.262370854852091939e-02 -4.996782682168668943e-01 9.582817226112168019e-01
-4.262370854852091939e-02 -4.996782682168668943e-01 9.582817226112168019e-01
-4.262370854852091939e-02 -4.996782682168668943e-01 9.582817226112168019e-01
-4.262370854852091939e-02 -4.996782682168668943e-01 9.582817226112168019e-01
-4.262370854852091939e-02 -4.996782682168668943e-01 9.582817226112168019e-01
-4.262370852402651289e-02 -4.903442189816717978e-01 9.582750884907920153e-01
-4.262370852402651289e-02 -4.903442189816717978e-01 9.582750884907920153e-01
-4.262370852402651289e-02 -4.903442189816717978e-01 9.582750884907920153e-01
-4.262370852402651289e-02 -4.903442189816717978e-01 9.582750884907920153e-01
-4.262370854877788051e-02 -4.806330892212337114e-01 9.582818625251712241e-01
-4.262370854877788051e-02 -4.806330892212337114e-01 9.582818625251712241e-01
-4.262370854877788051e-02 -4.806330892212337114e-01 9.582818625251712241e-01
-4.249307447931298387e-02 -4.735991012654351406e-01 9.582752119376616307e-01
-4.249307447931298387e-02 -4.735991012654351406e-01 9.582752119376616307e-01
-4.262370851202008232e-02 -4.678273554256771050e-01 9.582719025630590526e-01
-4.262370851202008232e-02 -4.678273554256771050e-01 9.582719025630590526e-01
-4.262370851202008232e-02 -4.678273554256771050e-01 9.582719025630590526e-01
-4.262370851202008232e-02 -4.678273554256771050e-01 9.582719025630590526e-01
-4.262370851202008232e-02 -4.678273554256771050e-01 9.582719025630590526e-01
-4.249307449187997299e-02 -4.545646892846030296e-01 9.582787031186693616e-01
-4.249307449187997299e-02 -4.545646892846030296e-01 9.582787031186693616e-01
-4.249307449187997299e-02 -4.545646892846030296e-01 9.582787031186693616e-01
-4.249307449187997299e-02 -4.545646892846030296e-01 9.582787031186693616e-01
-4.262370852468427840e-02 -4.415874115748446016e-01 9.582754466789574765e-01
-4.262370852468427840e-02 -4.415874115748446016e-01 9.582754466789574765e-01
-4.262370852468427840e-02 -4.415874115748446016e-01 9.582754466789574765e-01
-4.262370854935113029e-02 -4.381408587789782372e-01 9.582821746911001082e-01
-4.262370854935113029e-02 -4.381408587789782372e-01 9.582821746911001082e-01
-4.262370854935113029e-02 -4.381408587789782372e-01 9.582821746911001082e-01
-4.262370854935113029e-02 -4.381408587789782372e-01 9.582821746911001082e-01
-4.262370852479574479e-02 -4.333295850974705488e-01 9.582755073444493288e-01
-4.262370852479574479e-02 -4.333295850974705488e-01 9.582755073444493288e-01
-4.262370852479574479e-02 -4.333295850974705488e-01 9.582755073444493288e-01
-4.262370852479574479e-02 -4.333295850974705488e-01 9.582755073444493288e-01
-4.262370852479574479e-02 -4.333295850974705488e-01 9.582755073444493288e-01
-4.262370852482576244e-02 -4.310993241622753658e-01 9.582755237288913541e-01
-4.262370852482576244e-02 -4.310993241622753658e-01 9.582755237288913541e-01
-4.262370852482576244e-02 -4.310993241622753658e-01 9.582755237288913541e-01
-4.262370852482576244e-02 -4.310993241622753658e-01 9.582755237288913541e-01
-4.249307447989536524e-02 -4.304316894968587270e-01 9.582755290637583467e-01
-4.249307447989536524e-02 -4.304316894968587270e-01 9.582755290637583467e-01
-4.249307447989536524e-02 -4.304316894968587270e-01 9.582755290637583467e-01
-4.262370851252451215e-02 -4.304385140900317541e-01 9.582721772373292701e-01
-4.262370851252451215e-02 -4.304385140900317541e-01 9.582721772373292701e-01
-4.262370854945492227e-02 -4.304468935499217164e-01 9.582822312142285082e-01
-4.262370854945492227e-02 -4.304468935499217164e-01 9.582822312142285082e-01
-4.262370856765217847e-02 -4.304768266200024174e-01 9.582871851582055456e-01
-4.262370856765217847e-02 -4.304768266200024174e-01 9.582871851582055456e-01
-4.262370856765217847e-02 -4.304768266200024174e-01 9.582871851582055456e-01
-4.262370856765217847e-02 -4.304768266200024174e-01 9.582871851582055456e-01
-4.262370856765217847e-02 -4.304768266200024174e-01 9.582871851582055456e-01
-4.262370849432670084e-02 -4.304552663764389386e-01 9.582672229503818029e-01
-4.262370849432670084e-02 -4.304552663764389386e-01 9.582672229503818029e-01
-4.262370849432670084e-02 -4.304552663764389386e-01 9.582672229503818029e-01
-4.262370849432670084e-02 -4.304552663764389386e-01 9.582672229503818029e-01
-4.262370849432670084e-02 -4.304552663764389386e-01 9.582672229503818029e-01
-4.262370853719157915e-02 -4.269752089895602065e-01 9.582789053725413453e-01
-4.262370853719157915e-02 -4.269752089895602065e-01 9.582789053725413453e-01
-4.249307449228405253e-02 -4.246160232857605354e-01 9.582789231342588865e-01
-4.249307449228405253e-02 -4.246160232857605354e-01 9.582789231342588865e-01
-4.249307449228405253e-02 -4.246160232857605354e-01 9.582789231342588865e-01
-4.249307449228405253e-02 -4.246160232857605354e-01 9.582789231342588865e-01
-4.249307449228405253e-02 -4.246160232857605354e-01 9.582789231342588865e-01
-4.262370851268774269e-02 -4.183426829513001710e-01 9.582722660984297480e-01
-4.262370851268774269e-02 -4.183426829513001710e-01 9.582722660984297480e-01
-4.262370851268774269e-02 -4.183426829513001710e-01 9.582722660984297480e-01
-4.262370851268774269e-02 -4.183426829513001710e-01 9.582722660984297480e-01
-4.249307452303332372e-02 -4.067188939498588285e-01 9.582873601241849171e-01
-4.249307452303332372e-02 -4.067188939498588285e-01 9.582873601241849171e-01
-4.249307452303332372e-02 -4.067188939498588285e-01 9.582873601241849171e-01
-4.249307452303332372e-02 -4.067188939498588285e-01 9.582873601241849171e-01
-4.249307452303332372e-02 -4.067188939498588285e-01 9.582873601241849171e-01
-4.262370852519764552e-02 -4.035449327298310518e-01 9.582757261551254624e-01
-4.262370852519764552e-02 -4.035449327298310518e-01 9.582757261551254624e-01
-4.262370852519764552e-02 -4.035449327298310518e-01 9.582757261551254624e-01
-4.262370852519764552e-02 -4.035449327298310518e-01 9.582757261551254624e-01
-4.249307450495617977e-02 -3.977858893986234712e-01 9.582824715859434850e-01
-4.249307450495617977e-02 -3.977858893986234712e-01 9.582824715859434850e-01
-4.249307450495617977e-02 -3.977858893986234712e-01 9.582824715859434850e-01
-4.262370854990384095e-02 -3.971749850367645163e-01 9.582824756437657854e-01
-4.262370854990384095e-02 -3.971749850367645163e-01 9.582824756437657854e-01
-4.262370854990384095e-02 -3.971749850367645163e-01 9.582824756437657854e-01
-4.262370854990384095e-02 -3.971749850367645163e-01 9.582824756437657854e-01
-4.249307450496916938e-02 -3.968233939468988059e-01 9.582824786568429065e-01
-4.249307450496916938e-02 -3.968233939468988059e-01 9.582824786568429065e-01
-4.249307450496916938e-02 -3.968233939468988059e-01 9.582824786568429065e-01
-4.249307450496916938e-02 -3.968233939468988059e-01 9.582824786568429065e-01
-4.249307450496916938e-02 -3.968233939468988059e-01 9.582824786568429065e-01
-4.249307452316738315e-02 -3.967826906400656606e-01 9.582874331197444029e-01
-4.249307452316738315e-02 -3.967826906400656606e-01 9.582874331197444029e-01
-4.249307452316738315e-02 -3.967826906400656606e-01 9.582874331197444029e-01
-4.249307452316738315e-02 -3.967826906400656606e-01 9.582874331197444029e-01
-4.249307452316738315e-02 -3.967826906400656606e-01 9.582874331197444029e-01
-4.249307450496911387e-02 -3.968257880677443783e-01 9.582824786392546423e-01
-4.249307450496911387e-02 -3.968257880677443783e-01 9.582824786392546423e-01
-4.249307448034859991e-02 -3.968377586473514906e-01 9.582757758590081387e-01
-4.249307448034859991e-02 -3.968377586473514906e-01 9.582757758590081387e-01
-4.249307448034859991e-02 -3.968377586473514906e-01 9.582757758590081387e-01
-4.249307448034859991e-02 -3.968377586473514906e-01 9.582757758590081387e-01
-4.249307448034859991e-02 -3.968377586473514906e-01 9.582757758590081387e-01
-4.262370856810605152e-02 -3.968397917833044186e-01 9.582874322701152581e-01
-4.262370856810605152e-02 -3.968397917833044186e-01 9.582874322701152581e-01
-4.249307450496868366e-02 -3.968593057595816154e-01 9.582824783930194990e-01
-4.249307450496868366e-02 -3.968593057595816154e-01 9.582824783930194990e-01
-4.249307450496868366e-02 -3.968593057595816154e-01 9.582824783930194990e-01
-4.249307450496868366e-02 -3.968593057595816154e-01 9.582824783930194990e-01
-4.249307450496868366e-02 -3.968593057595816154e-01 9.582824783930194990e-01
-4.249307452316575945e-02 -3.969012061632328781e-01 9.582874322490793073e-01
-4.249307452316575945e-02 -3.969012061632328781e-01 9.582874322490793073e-01
-4.262370860476807216e-02 -3.969092213244875822e-01 9.582974129431636179e-01
-4.262370860476807216e-02 -3.969092213244875822e-01 9.582974129431636179e-01
-4.262370860476807216e-02 -3.969092213244875822e-01 9.582974129431636179e-01
