1.422203393424852913e-01 -5.450689726083296494e-01 7.145536026334512458e-01
1.439901026216449387e-01 -5.595041044992102863e-01 7.145601390812262865e-01
1.439901026216449387e-01 -5.595041044992102863e-01 7.145601390812262865e-01
1.440060923646845625e-01 -5.596381763954716426e-01 7.145601970672332826e-01
1.440060923646845625e-01 -5.596381763954716426e-01 7.145601970672332826e-01
1.440060923646845625e-01 -5.596381763954716426e-01 7.145601970672332826e-01
1.452171162292300033e-01 -5.692533327741567950e-01 7.145569768410354738e-01
1.452171162292300033e-01 -5.692533327741567950e-01 7.145569768410354738e-01
1.452983033009097869e-01 -5.698709963589415617e-01 7.145567699199586453e-01
1.452983033009097869e-01 -5.698709963589415617e-01 7.145567699199586453e-01
1.472260110483735174e-01 -5.829238521028448083e-01 7.145533595101181135e-01
1.472260110483735174e-01 -5.829238521028448083e-01 7.145533595101181135e-01
1.472461661709459080e-01 -5.830711798646239785e-01 7.145533210376853184e-01
1.472461661709459080e-01 -5.830711798646239785e-01 7.145533210376853184e-01
1.472461661709459080e-01 -5.830711798646239785e-01 7.145533210376853184e-01
1.484721882182473696e-01 -5.934083232986532286e-01 7.145562238538796240e-01
1.486207518685002671e-01 -5.946978841575173425e-01 7.145565859360608618e-01
1.489319642619404138e-01 -5.971719318550868794e-01 7.145533229441958234e-01
1.492821790750637201e-01 -5.998080487031447472e-01 7.145498453827443530e-01
1.492821790750637201e-01 -5.998080487031447472e-01 7.145498453827443530e-01
1.497923540865718217e-01 -6.034958676885777695e-01 7.145531693951592267e-01
1.497923540865718217e-01 -6.034958676885777695e-01 7.145531693951592267e-01
1.497923540865718217e-01 -6.034958676885777695e-01 7.145531693951592267e-01
1.497923540865718217e-01 -6.034958676885777695e-01 7.145531693951592267e-01
1.501597692475629964e-01 -6.064653936972208559e-01 7.145598500920903318e-01
1.501597692475629964e-01 -6.064653936972208559e-01 7.145598500920903318e-01
1.501597692475629964e-01 -6.064653936972208559e-01 7.145598500920903318e-01
1.501597692475629964e-01 -6.064653936972208559e-01 7.145598500920903318e-01
1.501597692475629964e-01 -6.064653936972208559e-01 7.145598500920903318e-01
1.527690122109235382e-01 -6.265842963342665994e-01 7.145531820120905042e-01
1.527690122109235382e-01 -6.265842963342665994e-01 7.145531820120905042e-01
1.528529968069616829e-01 -6.271503965412010828e-01 7.145529941443442556e-01
1.528529968069616829e-01 -6.271503965412010828e-01 7.145529941443442556e-01
1.528529968069616829e-01 -6.271503965412010828e-01 7.145529941443442556e-01
1.528529968069616829e-01 -6.271503965412010828e-01 7.145529941443442556e-01
1.528529968069616829e-01 -6.271503965412010828e-01 7.145529941443442556e-01
1.547252055519731107e-01 -6.413495433539359025e-01 7.145528889359084035e-01
1.551477934777284184e-01 -6.445180907757996902e-01 7.145528654523508605e-01
1.558692222256612137e-01 -6.498529300003884623e-01 7.145561772576725090e-01
1.558692222256612137e-01 -6.498529300003884623e-01 7.145561772576725090e-01
1.558692222256612137e-01 -6.498529300003884623e-01 7.145561772576725090e-01
1.558692222256612137e-01 -6.498529300003884623e-01 7.145561772576725090e-01
1.558692222256612137e-01 -6.498529300003884623e-01 7.145561772576725090e-01
1.567327456398300844e-01 -6.566535137692721680e-01 7.145644323921404029e-01
1.567327456398300844e-01 -6.566535137692721680e-01 7.145644323921404029e-01
1.572913952437654805e-01 -6.607133950068845296e-01 7.145560967866364521e-01
1.572913952437654805e-01 -6.607133950068845296e-01 7.145560967866364521e-01
1.573505945775826032e-01 -6.611392324246525565e-01 7.145556932799845828e-01
1.577470915821970465e-01 -6.642815117870288777e-01 7.145527190127802797e-01
1.577470915821970465e-01 -6.642815117870288777e-01 7.145527190127802797e-01
1.577470915821970465e-01 -6.642815117870288777e-01 7.145527190127802797e-01
1.577470915821970465e-01 -6.642815117870288777e-01 7.145527190127802797e-01
1.585513600443217430e-01 -6.704249108671607171e-01 7.145676816939039444e-01
1.585513600443217430e-01 -6.704249108671607171e-01 7.145676816939039444e-01
1.586108453345216884e-01 -6.708841613649865199e-01 7.145633903030418344e-01
1.588208616679445684e-01 -6.723897363027575569e-01 7.145493075815950723e-01
1.588208616679445684e-01 -6.723897363027575569e-01 7.145493075815950723e-01
1.594175726505738244e-01 -6.757455355178821899e-01 7.145460045150558992e-01
1.594175726505738244e-01 -6.757455355178821899e-01 7.145460045150558992e-01
1.594175726505738244e-01 -6.757455355178821899e-01 7.145460045150558992e-01
1.594175726505738244e-01 -6.757455355178821899e-01 7.145460045150558992e-01
1.600060039511524979e-01 -6.809900991537884973e-01 7.145522122691295719e-01
1.603676189173289801e-01 -6.841241262399884171e-01 7.145559233211702388e-01
1.603676189173289801e-01 -6.841241262399884171e-01 7.145559233211702388e-01
1.603676189173289801e-01 -6.841241262399884171e-01 7.145559233211702388e-01
1.603676189173289801e-01 -6.841241262399884171e-01 7.145559233211702388e-01
1.618275755089847445e-01 -6.944968474147471538e-01 7.145425142574773902e-01
1.618275755089847445e-01 -6.944968474147471538e-01 7.145425142574773902e-01
1.620346123764458968e-01 -6.960578328864983622e-01 7.145451297534293200e-01
1.626377909441585057e-01 -7.004256148325064268e-01 7.145524514938548233e-01
1.626377909441585057e-01 -7.004256148325064268e-01 7.145524514938548233e-01
1.626377909441585057e-01 -7.004256148325064268e-01 7.145524514938548233e-01
1.626377909441585057e-01 -7.004256148325064268e-01 7.145524514938548233e-01
1.641989129559942029e-01 -7.130414089308355630e-01 7.145523576937181653e-01
1.641989129559942029e-01 -7.130414089308355630e-01 7.145523576937181653e-01
1.649077802733789067e-01 -7.188347956853693432e-01 7.145489634470950646e-01
1.649077802733789067e-01 -7.188347956853693432e-01 7.145489634470950646e-01
1.649077802733789067e-01 -7.188347956853693432e-01 7.145489634470950646e-01
1.649077802733789067e-01 -7.188347956853693432e-01 7.145489634470950646e-01
1.649077802733789067e-01 -7.188347956853693432e-01 7.145489634470950646e-01
1.654303807890958322e-01 -7.226604771280600303e-01 7.145519408043845555e-01
1.660164038674287468e-01 -7.273685803360102620e-01 7.145556029146289401e-01
1.660164038674287468e-01 -7.273685803360102620e-01 7.145556029146289401e-01
1.660164038674287468e-01 -7.273685803360102620e-01 7.145556029146289401e-01
1.672925727545108987e-01 -7.366728232742525417e-01 7.145491811453228426e-01
1.673567008165720293e-01 -7.371856857522640638e-01 7.145488274555075181e-01
1.673567008165720293e-01 -7.371856857522640638e-01 7.145488274555075181e-01
1.674460195762668691e-01 -7.379887884061734349e-01 7.145488215126766240e-01
1.674460195762668691e-01 -7.379887884061734349e-01 7.145488215126766240e-01
1.674460195762668691e-01 -7.379887884061734349e-01 7.145488215126766240e-01
1.675260394641095441e-01 -7.387608733627223367e-01 7.145488158026828129e-01
1.675260394641095441e-01 -7.387608733627223367e-01 7.145488158026828129e-01
1.675260394641095441e-01 -7.387608733627223367e-01 7.145488158026828129e-01
1.675260394641095441e-01 -7.387608733627223367e-01 7.145488158026828129e-01
1.679049228650904557e-01 -7.408323458966094011e-01 7.145570404550850574e-01
1.680082881080067203e-01 -7.412870211591202629e-01 7.145588514216669740e-01
1.680374958042457345e-01 -7.412850762429548102e-01 7.145615102767396420e-01
1.680374958042457345e-01 -7.412850762429548102e-01 7.145615102767396420e-01
1.680374958042457345e-01 -7.412850762429548102e-01 7.145615102767396420e-01
1.679977261039429792e-01 -7.412877238607907815e-01 7.145638055855445536e-01
1.679977261039429792e-01 -7.412877238607907815e-01 7.145638055855445536e-01
1.679977261039429792e-01 -7.412877238607907815e-01 7.145638055855445536e-01
1.679977261039429792e-01 -7.412877238607907815e-01 7.145638055855445536e-01
1.680375424835754694e-01 -7.412413486980088395e-01 7.145509611989375731e-01
1.680375424835754694e-01 -7.412413486980088395e-01 7.145509611989375731e-01
1.680375424835754694e-01 -7.412413486980088395e-01 7.145509611989375731e-01
1.679931675248148848e-01 -7.412375924668533900e-01 7.145487977526580048e-01
1.679931675248148848e-01 -7.412375924668533900e-01 7.145487977526580048e-01
1.679931675248148848e-01 -7.412375924668533900e-01 7.145487977526580048e-01
1.679931675248148848e-01 -7.412375924668533900e-01 7.145487977526580048e-01
1.678842613647900106e-01 -7.411797566873689069e-01 7.145521492076915004e-01
1.678842613647900106e-01 -7.411797566873689069e-01 7.145521492076915004e-01
1.678462286422513217e-01 -7.411751620775940408e-01 7.145555006067049186e-01
1.678462286422513217e-01 -7.411751620775940408e-01 7.145555006067049186e-01
1.678462286422513217e-01 -7.411751620775940408e-01 7.145555006067049186e-01
1.678462286422513217e-01 -7.411751620775940408e-01 7.145555006067049186e-01
1.678462286422513217e-01 -7.411751620775940408e-01 7.145555006067049186e-01
1.678774673924761096e-01 -7.411271080274283163e-01 7.145523599828570438e-01
1.678774673924761096e-01 -7.411271080274283163e-01 7.145523599828570438e-01
1.678774673924761096e-01 -7.411271080274283163e-01 7.145523599828570438e-01
1.679077638198432088e-01 -7.411218024749207656e-01 7.145521496211589829e-01
1.679209386480019495e-01 -7.411219861297813072e-01 7.145505504216637105e-01
1.679209386480019495e-01 -7.411219861297813072e-01 7.145505504216637105e-01
1.678852893098812249e-01 -7.411257602947167733e-01 7.145487982573220931e-01
1.678852893098812249e-01 -7.411257602947167733e-01 7.145487982573220931e-01
1.678852893098812249e-01 -7.411257602947167733e-01 7.145487982573220931e-01
1.678156048487249030e-01 -7.411234756800867407e-01 7.145545527681351761e-01
1.678380519471770471e-01 -7.411207432132805861e-01 7.145555010113304739e-01
1.680064403179062638e-01 -7.411250700162095306e-01 7.145555012578586052e-01
1.680064403179062638e-01 -7.411250700162095306e-01 7.145555012578586052e-01
1.680064403179062638e-01 -7.411250700162095306e-01 7.145555012578586052e-01
1.680064403179062638e-01 -7.411250700162095306e-01 7.145555012578586052e-01
1.680095738947786077e-01 -7.411249316726100655e-01 7.145555012626716440e-01
1.679273393898781108e-01 -7.411240518659580889e-01 7.145555010776082350e-01
1.678780297592064041e-01 -7.411236111101714430e-01 7.145555009673119073e-01
1.678780297592064041e-01 -7.411236111101714430e-01 7.145555009673119073e-01
1.678780297592064041e-01 -7.411236111101714430e-01 7.145555009673119073e-01
1.678476010005226504e-01 -7.411243561681235548e-01 7.145508536509282971e-01
1.678688442951200843e-01 -7.411218012618184803e-01 7.145487982924983994e-01
1.678688442951200843e-01 -7.411218012618184803e-01 7.145487982924983994e-01
1.678688442951200843e-01 -7.411218012618184803e-01 7.145487982924983994e-01
1.678688442951200843e-01 -7.411218012618184803e-01 7.145487982924983994e-01
1.679113721158048966e-01 -7.411245241519850424e-01 7.145565192421736711e-01
1.680121115840600143e-01 -7.411303521391285898e-01 7.145737879117904923e-01
1.679474760166768943e-01 -7.411319749661390288e-01 7.145720532964602301e-01
1.679474760166768943e-01 -7.411319749661390288e-01 7.145720532964602301e-01
1.678825148115533905e-01 -7.411339231871169053e-01 7.145704362349092342e-01
1.680005867049475243e-01 -7.411385887571255715e-01 7.145765708378367664e-01
1.680123531015270122e-01 -7.411389093104856496e-01 7.145771391966243558e-01
1.680123531015270122e-01 -7.411389093104856496e-01 7.145771391966243558e-01
1.680123531015270122e-01 -7.411389093104856496e-01 7.145771391966243558e-01
1.679812455542177563e-01 -7.411386973482482210e-01 7.145696419552011180e-01
1.680035717232396808e-01 -7.411362377550432257e-01 7.145671580398517131e-01
1.680035717232396808e-01 -7.411362377550432257e-01 7.145671580398517131e-01
1.680035717232396808e-01 -7.411362377550432257e-01 7.145671580398517131e-01
1.680035717232396808e-01 -7.411362377550432257e-01 7.145671580398517131e-01
1.679729085654023124e-01 -7.411528300653089651e-01 7.145588524242917350e-01
1.679729085654023124e-01 -7.411528300653089651e-01 7.145588524242917350e-01
1.679729085654023124e-01 -7.411528300653089651e-01 7.145588524242917350e-01
1.679729085654023124e-01 -7.411528300653089651e-01 7.145588524242917350e-01
1.679729085654023124e-01 -7.411528300653089651e-01 7.145588524242917350e-01
1.679673287718948527e-01 -7.411468061300503507e-01 7.145671548445149401e-01
1.679673287718948527e-01 -7.411468061300503507e-01 7.145671548445149401e-01
1.679673741660530628e-01 -7.411468010656001582e-01 7.145671579783411387e-01
1.679673741660530628e-01 -7.411468010656001582e-01 7.145671579783411387e-01
1.679806851348742969e-01 -7.411422084548328071e-01 7.145701597706776154e-01
1.679806851348742969e-01 -7.411422084548328071e-01 7.145701597706776154e-01
1.679866374403861662e-01 -7.411412631503736526e-01 7.145704365043192841e-01
1.679866374403861662e-01 -7.411412631503736526e-01 7.145704365043192841e-01
1.679866374403861662e-01 -7.411412631503736526e-01 7.145704365043192841e-01
1.680548229711885388e-01 -7.411381239082709405e-01 7.145651122220368912e-01
1.680548229711885388e-01 -7.411381239082709405e-01 7.145651122220368912e-01
1.680548229711885388e-01 -7.411381239082709405e-01 7.145651122220368912e-01
1.680103260237210683e-01 -7.411419411313702188e-01 7.145638066496804441e-01
1.680103260237210683e-01 -7.411419411313702188e-01 7.145638066496804441e-01
1.680103260237210683e-01 -7.411419411313702188e-01 7.145638066496804441e-01
1.680103260237210683e-01 -7.411419411313702188e-01 7.145638066496804441e-01
1.679767347428764157e-01 -7.411364167702574335e-01 7.145638067011368388e-01
1.679849154137248723e-01 -7.411346464659268607e-01 7.145638067113834202e-01
1.678880780580189469e-01 -7.411471009625489881e-01 7.145671576476129161e-01
1.678880780580189469e-01 -7.411471009625489881e-01 7.145671576476129161e-01
1.678880780580189469e-01 -7.411471009625489881e-01 7.145671576476129161e-01
1.678880780580189469e-01 -7.411471009625489881e-01 7.145671576476129161e-01
1.678880780580189469e-01 -7.411471009625489881e-01 7.145671576476129161e-01
1.679366765816994456e-01 -7.411440006232689059e-01 7.145643386061677482e-01
1.680019367171522449e-01 -7.411401251069215101e-01 7.145588525034871630e-01
1.684492128151495738e-01 -7.446112302343104172e-01 7.145627497928803695e-01
1.684492128151495738e-01 -7.446112302343104172e-01 7.145627497928803695e-01
1.684492128151495738e-01 -7.446112302343104172e-01 7.145627497928803695e-01
1.684492128151495738e-01 -7.446112302343104172e-01 7.145627497928803695e-01
1.685691190121300365e-01 -7.455233546736221850e-01 7.145637741938705156e-01
1.683481977790668993e-01 -7.446516800590681218e-01 7.145637804049350672e-01
1.683071437319081931e-01 -7.444373156669299441e-01 7.145637819277761427e-01
1.682872375751712224e-01 -7.436032887042814954e-01 7.145556173254887788e-01
1.682266453837711617e-01 -7.429083949853492186e-01 7.145487853660708044e-01
1.682266453837711617e-01 -7.429083949853492186e-01 7.145487853660708044e-01
1.682266453837711617e-01 -7.429083949853492186e-01 7.145487853660708044e-01
1.682266453837711617e-01 -7.429083949853492186e-01 7.145487853660708044e-01
1.678587050404209413e-01 -7.410112585679852204e-01 7.145621285982483029e-01
1.678125367627182341e-01 -7.407722877279551144e-01 7.145638090943773335e-01
1.670364935184012189e-01 -7.340267309888377500e-01 7.145511967395917763e-01
1.668892628516058518e-01 -7.327773391541159143e-01 7.145488604372334240e-01
1.668892628516058518e-01 -7.327773391541159143e-01 7.145488604372334240e-01
1.668892628516058518e-01 -7.327773391541159143e-01 7.145488604372334240e-01
1.658851136043908159e-01 -7.261350694333074118e-01 7.145460265575012127e-01
1.658851136043908159e-01 -7.261350694333074118e-01 7.145460265575012127e-01
1.657532293854756533e-01 -7.252233016541667077e-01 7.145456376198826565e-01
1.657532293854756533e-01 -7.252233016541667077e-01 7.145456376198826565e-01
1.657532293854756533e-01 -7.252233016541667077e-01 7.145456376198826565e-01
1.647353291914858131e-01 -7.166624228764975069e-01 7.145483023214913576e-01
1.644502842663233821e-01 -7.144344320297589812e-01 7.145489963673101741e-01
1.644502842663233821e-01 -7.144344320297589812e-01 7.145489963673101741e-01
1.644502842663233821e-01 -7.144344320297589812e-01 7.145489963673101741e-01
1.644502842663233821e-01 -7.144344320297589812e-01 7.145489963673101741e-01
1.626877213849895198e-01 -7.015326485580091198e-01 7.145461295769141019e-01
1.626877213849895198e-01 -7.015326485580091198e-01 7.145461295769141019e-01
1.621428771539894509e-01 -6.968380572840510156e-01 7.145513223192717644e-01
1.621428771539894509e-01 -6.968380572840510156e-01 7.145513223192717644e-01
1.620736751305196788e-01 -6.961372718313754149e-01 7.145524832738985310e-01
1.620736751305196788e-01 -6.961372718313754149e-01 7.145524832738985310e-01
1.620736751305196788e-01 -6.961372718313754149e-01 7.145524832738985310e-01
1.611093805405216517e-01 -6.892887859796044125e-01 7.145525340475662457e-01
1.611093805405216517e-01 -6.892887859796044125e-01 7.145525340475662457e-01
1.609275384395668917e-01 -6.879051094581469794e-01 7.145525443000454446e-01
1.609275384395668917e-01 -6.879051094581469794e-01 7.145525443000454446e-01
1.607636881351473535e-01 -6.866583365112783888e-01 7.145539555016288125e-01
1.607636881351473535e-01 -6.866583365112783888e-01 7.145539555016288125e-01
1.605540597922468227e-01 -6.849233756914338000e-01 7.145559177295135456e-01
1.600452610821584132e-01 -6.816129792658006670e-01 7.145496050222452933e-01
1.600452610821584132e-01 -6.816129792658006670e-01 7.145496050222452933e-01
1.597656449567428916e-01 -6.797086182161068413e-01 7.145459748680635936e-01
1.597656449567428916e-01 -6.797086182161068413e-01 7.145459748680635936e-01
1.594709072256390581e-01 -6.776231867990727409e-01 7.145459903256714540e-01
1.594709072256390581e-01 -6.776231867990727409e-01 7.145459903256714540e-01
1.594304172301526101e-01 -6.772616503270101340e-01 7.145459930027743267e-01
1.594239123383580092e-01 -6.770670663420347291e-01 7.145539897777805072e-01
1.594230787907783553e-01 -6.770183745368132389e-01 7.145559759798802979e-01
1.594230787907783553e-01 -6.770183745368132389e-01 7.145559759798802979e-01
1.594230787907783553e-01 -6.770183745368132389e-01 7.145559759798802979e-01
1.594601220959093457e-01 -6.770427512236757428e-01 7.145501613205151870e-01
1.594601220959093457e-01 -6.770427512236757428e-01 7.145501613205151870e-01
1.594449759727856186e-01 -6.770630537793311809e-01 7.145492729466580428e-01
1.594449759727856186e-01 -6.770630537793311809e-01 7.145492729466580428e-01
1.594342345908484060e-01 -6.770751561407192254e-01 7.145492728654579961e-01
1.594342345908484060e-01 -6.770751561407192254e-01 7.145492728654579961e-01
1.594342345908484060e-01 -6.770751561407192254e-01 7.145492728654579961e-01
1.594373025171811620e-01 -6.770905888292934049e-01 7.145520514502760046e-01
1.594375626001418855e-01 -6.770941143315267752e-01 7.145526240709043631e-01
1.593981961173221440e-01 -6.767970719769268451e-01 7.145476334347979908e-01
1.593348164763933872e-01 -6.765007001459260039e-01 7.145426472938884999e-01
1.593348164763933872e-01 -6.765007001459260039e-01 7.145426472938884999e-01
1.593348164763933872e-01 -6.765007001459260039e-01 7.145426472938884999e-01
1.593348164763933872e-01 -6.765007001459260039e-01 7.145426472938884999e-01
1.591588667717633576e-01 -6.743109958350329558e-01 7.145426636765427331e-01
1.591588667717633576e-01 -6.743109958350329558e-01 7.145426636765427331e-01
1.589932334857131480e-01 -6.726995496586094525e-01 7.145426757500160653e-01
1.589932334857131480e-01 -6.726995496586094525e-01 7.145426757500160653e-01
1.589932334857131480e-01 -6.726995496586094525e-01 7.145426757500160653e-01
1.579770492787551106e-01 -6.660239949684476635e-01 7.145548751615804495e-01
1.579770492787551106e-01 -6.660239949684476635e-01 7.145548751615804495e-01
1.578847066259932708e-01 -6.653739476166234956e-01 7.145560622642577187e-01
1.578847066259932708e-01 -6.653739476166234956e-01 7.145560622642577187e-01
1.576300548617724506e-01 -6.632159938511952291e-01 7.145524738450417246e-01
1.573543573063599932e-01 -6.613653307874600706e-01 7.145493892802923241e-01
1.573543573063599932e-01 -6.613653307874600706e-01 7.145493892802923241e-01
1.573543573063599932e-01 -6.613653307874600706e-01 7.145493892802923241e-01
1.573543573063599932e-01 -6.613653307874600706e-01 7.145493892802923241e-01
1.556938788673112584e-01 -6.487738022620064271e-01 7.145494825825644547e-01
1.556938788673112584e-01 -6.487738022620064271e-01 7.145494825825644547e-01
1.542845043380487446e-01 -6.379170760832848508e-01 7.145594197441079709e-01
1.542845043380487446e-01 -6.379170760832848508e-01 7.145594197441079709e-01
1.542554559753189503e-01 -6.376997841543640133e-01 7.145596186662526161e-01
1.542554559753189503e-01 -6.376997841543640133e-01 7.145596186662526161e-01
1.542554559753189503e-01 -6.376997841543640133e-01 7.145596186662526161e-01
1.533494449751421906e-01 -6.307542846703212414e-01 7.145455717868371970e-01
1.533494449751421906e-01 -6.307542846703212414e-01 7.145455717868371970e-01
1.531879425838811593e-01 -6.294802730392774492e-01 7.145429956849310704e-01
1.531879425838811593e-01 -6.294802730392774492e-01 7.145429956849310704e-01
1.523893315063754583e-01 -6.238188705528440181e-01 7.145509113094571374e-01
1.522316601909346478e-01 -6.223000637041896654e-01 7.145530300756900433e-01
1.522316601909346478e-01 -6.223000637041896654e-01 7.145530300756900433e-01
1.519123179692380421e-01 -6.198542821446272333e-01 7.145496968552137451e-01
1.519123179692380421e-01 -6.198542821446272333e-01 7.145496968552137451e-01
1.519123179692380421e-01 -6.198542821446272333e-01 7.145496968552137451e-01
1.519123179692380421e-01 -6.198542821446272333e-01 7.145496968552137451e-01
1.514537904586219508e-01 -6.161985068621618211e-01 7.145530363744776459e-01
1.514537904586219508e-01 -6.161985068621618211e-01 7.145530363744776459e-01
1.514537904586219508e-01 -6.161985068621618211e-01 7.145530363744776459e-01
1.514481439255169204e-01 -6.161555879042103223e-01 7.145530755966140735e-01
1.514481439255169204e-01 -6.161555879042103223e-01 7.145530755966140735e-01
1.514508115860935256e-01 -6.159639480332759209e-01 7.145530770808887766e-01
1.514350841883672361e-01 -6.152513622008274341e-01 7.145530826113488665e-01
1.514350841883672361e-01 -6.152513622008274341e-01 7.145530826113488665e-01
1.514350841883672361e-01 -6.152513622008274341e-01 7.145530826113488665e-01
1.514350841883672361e-01 -6.152513622008274341e-01 7.145530826113488665e-01
1.514396427116382060e-01 -6.152383894087031235e-01 7.145530826992900764e-01
1.514396427116382060e-01 -6.152383894087031235e-01 7.145530826992900764e-01
1.514396427116382060e-01 -6.152383894087031235e-01 7.145530826992900764e-01
1.514396427116382060e-01 -6.152383894087031235e-01 7.145530826992900764e-01
1.512817728113667326e-01 -6.152288369177268956e-01 7.145564338290861794e-01
1.512817728113667326e-01 -6.152288369177268956e-01 7.145564338290861794e-01
1.512817728113667326e-01 -6.152288369177268956e-01 7.145564338290861794e-01
1.511147170768952219e-01 -6.138142684855758535e-01 7.145497416024482185e-01
1.511147170768952219e-01 -6.138142684855758535e-01 7.145497416024482185e-01
1.511147170768952219e-01 -6.138142684855758535e-01 7.145497416024482185e-01
1.511147170768952219e-01 -6.138142684855758535e-01 7.145497416024482185e-01
1.508681725345393521e-01 -6.121615900934325172e-01 7.145551830288922046e-01
1.508681725345393521e-01 -6.121615900934325172e-01 7.145551830288922046e-01
1.506969388232581308e-01 -6.107500034362735031e-01 7.145598183573977913e-01
1.499344815127687525e-01 -6.048726346031190193e-01 7.145498078612363413e-01
1.499344815127687525e-01 -6.048726346031190193e-01 7.145498078612363413e-01
1.499344815127687525e-01 -6.048726346031190193e-01 7.145498078612363413e-01
1.499344815127687525e-01 -6.048726346031190193e-01 7.145498078612363413e-01
1.490582091775857765e-01 -5.984191444943145477e-01 7.145565583876543059e-01
1.490582091775857765e-01 -5.984191444943145477e-01 7.145565583876543059e-01
1.490306193826473613e-01 -5.981204325187348125e-01 7.145558583183218015e-01
1.488491560938699221e-01 -5.955661338726858656e-01 7.145498771331981747e-01
1.488491560938699221e-01 -5.955661338726858656e-01 7.145498771331981747e-01
1.488491560938699221e-01 -5.955661338726858656e-01 7.145498771331981747e-01
1.488491560938699221e-01 -5.955661338726858656e-01 7.145498771331981747e-01
1.473654122649355191e-01 -5.845096170435170047e-01 7.145533104102091970e-01
1.473654122649355191e-01 -5.845096170435170047e-01 7.145533104102091970e-01
1.473654122649355191e-01 -5.845096170435170047e-01 7.145533104102091970e-01
1.473654122649355191e-01 -5.845096170435170047e-01 7.145533104102091970e-01
1.473654122649355191e-01 -5.845096170435170047e-01 7.145533104102091970e-01
1.453067441703383977e-01 -5.696266905315350293e-01 7.145500690181377790e-01
1.453067441703383977e-01 -5.696266905315350293e-01 7.145500690181377790e-01
1.453067441703383977e-01 -5.696266905315350293e-01 7.145500690181377790e-01
1.453067441703383977e-01 -5.696266905315350293e-01 7.145500690181377790e-01
1.447134070586276744e-01 -5.652758409573818144e-01 7.145542954511322487e-01
1.443610979749977707e-01 -5.626746586172557407e-01 7.145568232470214109e-01
1.443610979749977707e-01 -5.626746586172557407e-01 7.145568232470214109e-01
1.443610979749977707e-01 -5.626746586172557407e-01 7.145568232470214109e-01
1.443610979749977707e-01 -5.626746586172557407e-01 7.145568232470214109e-01
1.435198845563871728e-01 -5.559936323595143781e-01 7.145535213883699166e-01
1.435198845563871728e-01 -5.559936323595143781e-01 7.145535213883699166e-01
1.435030405038841272e-01 -5.556141977156111578e-01 7.145557046581103577e-01
1.433835524437409581e-01 -5.539664943520694607e-01 7.145651935613149819e-01
1.433835524437409581e-01 -5.539664943520694607e-01 7.145651935613149819e-01
1.433835524437409581e-01 -5.539664943520694607e-01 7.145651935613149819e-01
1.433835524437409581e-01 -5.539664943520694607e-01 7.145651935613149819e-01
1.430274328153036956e-01 -5.513978824196512640e-01 7.145547281412862883e-01
1.429845081245845473e-01 -5.511104022358475074e-01 7.145535578827016954e-01
1.429649765181980059e-01 -5.510462215060045743e-01 7.145506697514830696e-01
1.429649765181980059e-01 -5.510462215060045743e-01 7.145506697514830696e-01
1.429576439898718743e-01 -5.509629477600493930e-01 7.145469291362175346e-01
1.429576439898718743e-01 -5.509629477600493930e-01 7.145469291362175346e-01
1.429576439898718743e-01 -5.509629477600493930e-01 7.145469291362175346e-01
1.429946055098175739e-01 -5.509705998189733389e-01 7.145551563515721849e-01
1.429904283028295975e-01 -5.509724520679645243e-01 7.145569102402259398e-01
1.429904283028295975e-01 -5.509724520679645243e-01 7.145569102402259398e-01
1.429904283028295975e-01 -5.509724520679645243e-01 7.145569102402259398e-01
1.428526995446056935e-01 -5.510192695174076505e-01 7.145681791565750007e-01
1.428526995446056935e-01 -5.510192695174076505e-01 7.145681791565750007e-01
1.428526995446056935e-01 -5.510192695174076505e-01 7.145681791565750007e-01
1.428313609775729853e-01 -5.510213382254660619e-01 7.145685664402505743e-01
1.428313609775729853e-01 -5.510213382254660619e-01 7.145685664402505743e-01
1.428313609775729853e-01 -5.510213382254660619e-01 7.145685664402505743e-01
1.428313609775729853e-01 -5.510213382254660619e-01 7.145685664402505743e-01
1.428765384331289190e-01 -5.510561457862837020e-01 7.145608863641463859e-01
1.428838435003742802e-01 -5.510752066928592541e-01 7.145569091706955867e-01
1.428838435003742802e-01 -5.510752066928592541e-01 7.145569091706955867e-01
1.428837754246744529e-01 -5.510851672245573596e-01 7.145502064080373472e-01
1.428837754246744529e-01 -5.510851672245573596e-01 7.145502064080373472e-01
1.428773214521166235e-01 -5.511203249740352916e-01 7.145602601826718248e-01
1.428773214521166235e-01 -5.511203249740352916e-01 7.145602601826718248e-01
1.428773214521166235e-01 -5.511203249740352916e-01 7.145602601826718248e-01
1.428773214521166235e-01 -5.511203249740352916e-01 7.145602601826718248e-01
1.428773214521166235e-01 -5.511203249740352916e-01 7.145602601826718248e-01
1.428884528384010144e-01 -5.511205370464293818e-01 7.145569088365193444e-01
1.428884528384010144e-01 -5.511205370464293818e-01 7.145569088365193444e-01
1.429884262698298547e-01 -5.511364826649428617e-01 7.145502063429827189e-01
1.429884262698298547e-01 -5.511364826649428617e-01 7.145502063429827189e-01
1.429459296527180456e-01 -5.511385163268407439e-01 7.145509987143654484e-01
1.428608274959920488e-01 -5.511421330252503914e-01 7.145535573409148578e-01
1.428608274959920488e-01 -5.511421330252503914e-01 7.145535573409148578e-01
1.428608274959920488e-01 -5.511421330252503914e-01 7.145535573409148578e-01
1.428608274959920488e-01 -5.511421330252503914e-01 7.145535573409148578e-01
1.428667245330586255e-01 -5.511425568489026761e-01 7.145573246577762161e-01
1.428667245330586255e-01 -5.511425568489026761e-01 7.145573246577762161e-01
1.428327124514898183e-01 -5.511482502213354007e-01 7.145528315450929702e-01
1.428538053127156038e-01 -5.511491071715746148e-01 7.145502059419974739e-01
1.428538053127156038e-01 -5.511491071715746148e-01 7.145502059419974739e-01
1.428538053127156038e-01 -5.511491071715746148e-01 7.145502059419974739e-01
1.428538053127156038e-01 -5.511491071715746148e-01 7.145502059419974739e-01
1.428741671558895199e-01 -5.511446829032540240e-01 7.145478258910930025e-01
1.428739960729757397e-01 -5.511433819652806765e-01 7.145469274863721632e-01
1.428742860899451239e-01 -5.511455873383243054e-01 7.145500186029360989e-01
1.428734692142854534e-01 -5.511511050243104171e-01 7.145569086167145034e-01
1.428722931710298960e-01 -5.511487007853740350e-01 7.145569086370155976e-01
1.428722931710298960e-01 -5.511487007853740350e-01 7.145569086370155976e-01
1.428717169260120823e-01 -5.511443195271599205e-01 7.145569086694794070e-01
1.428717169260120823e-01 -5.511443195271599205e-01 7.145569086694794070e-01
1.428717169260120823e-01 -5.511443195271599205e-01 7.145569086694794070e-01
1.428721632304302547e-01 -5.511477126968614693e-01 7.145521178712783694e-01
1.428818105287232854e-01 -5.511484716439881693e-01 7.145502059419972518e-01
1.428818105287232854e-01 -5.511484716439881693e-01 7.145502059419972518e-01
1.428818105287232854e-01 -5.511484716439881693e-01 7.145502059419972518e-01
1.428818105287232854e-01 -5.511484716439881693e-01 7.145502059419972518e-01
1.428891622838282527e-01 -5.511387372759125602e-01 7.145469275214526572e-01
1.428891622838282527e-01 -5.511387372759125602e-01 7.145469275214526572e-01
1.428881729546595536e-01 -5.511445941347409283e-01 7.145560460713260564e-01
1.428881729546595536e-01 -5.511445941347409283e-01 7.145560460713260564e-01
1.428872050877315059e-01 -5.511452754747570015e-01 7.145569086517947754e-01
1.428872050877315059e-01 -5.511452754747570015e-01 7.145569086517947754e-01
1.428872050877315059e-01 -5.511452754747570015e-01 7.145569086517947754e-01
1.429231618825088368e-01 -5.511409332978152165e-01 7.145580498348010901e-01
1.430055735241315684e-01 -5.511314711759570661e-01 7.145602604078712394e-01
1.430055735241315684e-01 -5.511314711759570661e-01 7.145602604078712394e-01
1.430055735241315684e-01 -5.511314711759570661e-01 7.145602604078712394e-01
1.430001334872536833e-01 -5.511358805813366679e-01 7.145527273372606070e-01
1.430001334872536833e-01 -5.511358805813366679e-01 7.145527273372606070e-01
1.430186656628291975e-01 -5.511368728342322942e-01 7.145502063254907110e-01
1.430237042030048644e-01 -5.511282962800655438e-01 7.145535577331543209e-01
1.430237042030048644e-01 -5.511282962800655438e-01 7.145535577331543209e-01
1.430137871991016829e-01 -5.511330648134963317e-01 7.145525663915145431e-01
1.430087993281609626e-01 -5.511438914580768511e-01 7.145502062727258075e-01
1.430087993281609626e-01 -5.511438914580768511e-01 7.145502062727258075e-01
1.430087993281609626e-01 -5.511438914580768511e-01 7.145502062727258075e-01
1.430263911708500868e-01 -5.511408529772288123e-01 7.145524182479235931e-01
1.429979749341382944e-01 -5.511402240016832765e-01 7.145535576540549272e-01
1.429979749341382944e-01 -5.511402240016832765e-01 7.145535576540549272e-01
1.429979749341382944e-01 -5.511402240016832765e-01 7.145535576540549272e-01
1.429979749341382944e-01 -5.511402240016832765e-01 7.145535576540549272e-01
1.430186245405296874e-01 -5.511346520583650932e-01 7.145553947774192505e-01
1.430272767741019024e-01 -5.511309492722901160e-01 7.145569090617188701e-01
1.430272767741019024e-01 -5.511309492722901160e-01 7.145569090617188701e-01
1.430272767741019024e-01 -5.511309492722901160e-01 7.145569090617188701e-01
1.430272767741019024e-01 -5.511309492722901160e-01 7.145569090617188701e-01
1.429022470047780768e-01 -5.511372728595315129e-01 7.145642663558422480e-01
1.428873172240266443e-01 -5.511380889189707588e-01 7.145652142145899610e-01
1.428873172240266443e-01 -5.511380889189707588e-01 7.145652142145899610e-01
1.428873172240266443e-01 -5.511380889189707588e-01 7.145652142145899610e-01
1.428867914410585638e-01 -5.511340916874932772e-01 7.145616469427620299e-01
1.428700033264933000e-01 -5.511254737918969138e-01 7.145535574551902247e-01
1.428700033264933000e-01 -5.511254737918969138e-01 7.145535574551902247e-01
1.428661285639749035e-01 -5.511440046703975915e-01 7.145569086694791849e-01
1.428661285639749035e-01 -5.511440046703975915e-01 7.145569086694791849e-01
1.428661285639749035e-01 -5.511440046703975915e-01 7.145569086694791849e-01
1.428661285639749035e-01 -5.511440046703975915e-01 7.145569086694791849e-01
1.428731806882431732e-01 -5.511371820696384649e-01 7.145569087154182153e-01
1.428731806882431732e-01 -5.511371820696384649e-01 7.145569087154182153e-01
1.428799015969987596e-01 -5.511303765398259946e-01 7.145569087661663987e-01
1.428799015969987596e-01 -5.511303765398259946e-01 7.145569087661663987e-01
1.428799015969987596e-01 -5.511303765398259946e-01 7.145569087661663987e-01
1.428838671976940256e-01 -5.511303990360270078e-01 7.145590276398539054e-01
1.428744184719268617e-01 -5.511309929978585043e-01 7.145602601123189901e-01
1.428698933442832386e-01 -5.511304547645426988e-01 7.145619630286231816e-01
1.428883802701077510e-01 -5.511272290131737916e-01 7.145652142937849449e-01
1.428883802701077510e-01 -5.511272290131737916e-01 7.145652142937849449e-01
1.428962313202333523e-01 -5.511341303967900451e-01 7.145652142410203744e-01
1.428962313202333523e-01 -5.511341303967900451e-01 7.145652142410203744e-01
1.428962313202333523e-01 -5.511341303967900451e-01 7.145652142410203744e-01
1.428962313202333523e-01 -5.511341303967900451e-01 7.145652142410203744e-01
1.428445210423478495e-01 -5.511321999945375527e-01 7.145541468980897148e-01
1.428785038210717839e-01 -5.511274661004056385e-01 7.145469276006476411e-01
1.428534212302435547e-01 -5.511294423661963204e-01 7.145556451463745962e-01
1.428534212302435547e-01 -5.511294423661963204e-01 7.145556451463745962e-01
1.428644171040905075e-01 -5.511289255882931837e-01 7.145602601299073653e-01
1.428644171040905075e-01 -5.511289255882931837e-01 7.145602601299073653e-01
1.428644171040905075e-01 -5.511289255882931837e-01 7.145602601299073653e-01
1.428763652332026290e-01 -5.511262047153451249e-01 7.145602601431062517e-01
1.428763652332026290e-01 -5.511262047153451249e-01 7.145602601431062517e-01
1.428763652332026290e-01 -5.511262047153451249e-01 7.145602601431062517e-01
1.428763652332026290e-01 -5.511262047153451249e-01 7.145602601431062517e-01
1.428793977068867349e-01 -5.511252057923269332e-01 7.145602601474958515e-01
1.428793977068867349e-01 -5.511252057923269332e-01 7.145602601474958515e-01
1.428793977068867349e-01 -5.511252057923269332e-01 7.145602601474958515e-01
1.424328248892540727e-01 -5.475959142037338800e-01 7.145602862978054359e-01
1.423205309016393749e-01 -5.468498555078017409e-01 7.145602918294243766e-01
1.423205309016393749e-01 -5.468498555078017409e-01 7.145602918294243766e-01
1.423205309016393749e-01 -5.468498555078017409e-01 7.145602918294243766e-01
1.423205309016393749e-01 -5.468498555078017409e-01 7.145602918294243766e-01
1.426265530619108268e-01 -5.492268526107167981e-01 7.145521356509352273e-01
1.426968016297841535e-01 -5.497870344805790843e-01 7.145502160329847419e-01
1.427898833739063567e-01 -5.505231564222392571e-01 7.145543965200320535e-01
1.429241425084540607e-01 -5.515530487308411001e-01 7.145602569850333374e-01
1.429241425084540607e-01 -5.515530487308411001e-01 7.145602569850333374e-01
1.429241425084540607e-01 -5.515530487308411001e-01 7.145602569850333374e-01
1.429241425084540607e-01 -5.515530487308411001e-01 7.145602569850333374e-01
1.434923382707469219e-01 -5.557371735457905526e-01 7.145529073934322462e-01
1.437068187738007041e-01 -5.573021231866148728e-01 7.145501603365507215e-01
1.442672199861797788e-01 -5.615012130335111928e-01 7.145501292210567623e-01
1.442672199861797788e-01 -5.615012130335111928e-01 7.145501292210567623e-01
1.442672199861797788e-01 -5.615012130335111928e-01 7.145501292210567623e-01
1.442672199861797788e-01 -5.615012130335111928e-01 7.145501292210567623e-01
1.442672199861797788e-01 -5.615012130335111928e-01 7.145501292210567623e-01
1.454201790026125041e-01 -5.704266433153719618e-01 7.145534144403803412e-01
1.454201790026125041e-01 -5.704266433153719618e-01 7.145534144403803412e-01
1.454201790026125041e-01 -5.704266433153719618e-01 7.145534144403803412e-01
1.454201790026125041e-01 -5.704266433153719618e-01 7.145534144403803412e-01
1.470182860032015482e-01 -5.827682527279858249e-01 7.145631862133765555e-01
1.470182860032015482e-01 -5.827682527279858249e-01 7.145631862133765555e-01
1.476982529982139858e-01 -5.877513743767144305e-01 7.145587386637670679e-01
1.476982529982139858e-01 -5.877513743767144305e-01 7.145587386637670679e-01
1.478217667947472613e-01 -5.886795359790638615e-01 7.145566305336511492e-01
1.478217667947472613e-01 -5.886795359790638615e-01 7.145566305336511492e-01
1.478217667947472613e-01 -5.886795359790638615e-01 7.145566305336511492e-01
1.480796053901979048e-01 -5.902793291727459479e-01 7.145543984330281484e-01
1.480796053901979048e-01 -5.902793291727459479e-01 7.145543984330281484e-01
1.485732157050056179e-01 -5.935100776396502464e-01 7.145498923603317287e-01
1.489930919272094423e-01 -5.974775465205710567e-01 7.145544939635772863e-01
1.491978474213281336e-01 -5.992509169848629913e-01 7.145565522085709498e-01
1.491978474213281336e-01 -5.992509169848629913e-01 7.145565522085709498e-01
1.491978474213281336e-01 -5.992509169848629913e-01 7.145565522085709498e-01
1.496968516468599741e-01 -6.031395280279255866e-01 7.145539812286194614e-01
1.498664499843891940e-01 -6.043764997831209129e-01 7.145531628871312213e-01
1.498664499843891940e-01 -6.043764997831209129e-01 7.145531628871312213e-01
1.498664499843891940e-01 -6.043764997831209129e-01 7.145531628871312213e-01
1.498664499843891940e-01 -6.043764997831209129e-01 7.145531628871312213e-01
1.501985281912709413e-01 -6.059422839672966576e-01 7.145586311030243110e-01
1.502810044387808963e-01 -6.062913062747529169e-01 7.145598516804250178e-01
1.502284757483030031e-01 -6.063987803458150694e-01 7.145552641046458708e-01
1.501766673342619929e-01 -6.064496873937419430e-01 7.145531475053141790e-01
1.501507076812795272e-01 -6.064445485018125082e-01 7.145484357104174844e-01
1.501507076812795272e-01 -6.064445485018125082e-01 7.145484357104174844e-01
1.501673734585770859e-01 -6.064373983235975540e-01 7.145431664188944820e-01
1.501834823369946892e-01 -6.064237454778329539e-01 7.145503252954722440e-01
1.501516450218886856e-01 -6.064136120470084990e-01 7.145564991328788862e-01
1.501516450218886856e-01 -6.064136120470084990e-01 7.145564991328788862e-01
1.501516450218886856e-01 -6.064136120470084990e-01 7.145564991328788862e-01
1.501467383607676676e-01 -6.062999063055979354e-01 7.145632413853053588e-01
1.501467383607676676e-01 -6.062999063055979354e-01 7.145632413853053588e-01
1.501355772393439536e-01 -6.062739473007493496e-01 7.145648056807104576e-01
1.501223408438568108e-01 -6.062716608814987529e-01 7.145689711517582143e-01
1.501204246855332158e-01 -6.062694430650190647e-01 7.145714355528416384e-01
1.501204246855332158e-01 -6.062694430650190647e-01 7.145714355528416384e-01
1.501204246855332158e-01 -6.062694430650190647e-01 7.145714355528416384e-01
1.502393061689093201e-01 -6.062711773277269511e-01 7.145688172458480869e-01
1.502393061689093201e-01 -6.062711773277269511e-01 7.145688172458480869e-01
1.502786472676367335e-01 -6.062648165731047145e-01 7.145702616966410625e-01
1.502786472676367335e-01 -6.062648165731047145e-01 7.145702616966410625e-01
1.502769324889163538e-01 -6.062608242889071519e-01 7.145714359099042401e-01
1.502769324889163538e-01 -6.062608242889071519e-01 7.145714359099042401e-01
1.502769324889163538e-01 -6.062608242889071519e-01 7.145714359099042401e-01
1.502736652634196757e-01 -6.062530206982340575e-01 7.145714359653664305e-01
1.502736652634196757e-01 -6.062530206982340575e-01 7.145714359653664305e-01
1.502654399641817629e-01 -6.062515441447364761e-01 7.145714359803534421e-01
1.502654399641817629e-01 -6.062515441447364761e-01 7.145714359803534421e-01
1.502654399641817629e-01 -6.062515441447364761e-01 7.145714359803534421e-01
1.502513938236410274e-01 -6.062391440833621026e-01 7.145714360784874986e-01
1.502511073457648005e-01 -6.062369657086275065e-01 7.145714360946288091e-01
1.502511073457648005e-01 -6.062369657086275065e-01 7.145714360946288091e-01
1.502511073457648005e-01 -6.062369657086275065e-01 7.145714360946288091e-01
1.502510116443047106e-01 -6.062362378956800413e-01 7.145678843124746438e-01
1.502777136345828934e-01 -6.062333232540835226e-01 7.145598521113848411e-01
1.502777136345828934e-01 -6.062333232540835226e-01 7.145598521113848411e-01
1.502777136345828934e-01 -6.062333232540835226e-01 7.145598521113848411e-01
1.502777136345828934e-01 -6.062333232540835226e-01 7.145598521113848411e-01
1.502746985176724726e-01 -6.062193891519236377e-01 7.145646238972285236e-01
1.502746985176724726e-01 -6.062193891519236377e-01 7.145646238972285236e-01
1.502746985176724726e-01 -6.062193891519236377e-01 7.145646238972285236e-01
1.502720437493234307e-01 -6.062190089692240935e-01 7.145648063808880401e-01
1.502720437493234307e-01 -6.062190089692240935e-01 7.145648063808880401e-01
1.502603893854181638e-01 -6.062178407839124983e-01 7.145648063983800480e-01
1.502603893854181638e-01 -6.062178407839124983e-01 7.145648063983800480e-01
1.502603893854181638e-01 -6.062178407839124983e-01 7.145648063983800480e-01
1.502603893854181638e-01 -6.062178407839124983e-01 7.145648063983800480e-01
1.502332420827071080e-01 -6.062168728629732106e-01 7.145648064142193778e-01
1.502332420827071080e-01 -6.062168728629732106e-01 7.145648064142193778e-01
1.502332420827071080e-01 -6.062168728629732106e-01 7.145648064142193778e-01
1.502332420827071080e-01 -6.062168728629732106e-01 7.145648064142193778e-01
1.502544572211822749e-01 -6.062148204405187757e-01 7.145648064159687562e-01
1.502544572211822749e-01 -6.062148204405187757e-01 7.145648064159687562e-01
1.502544572211822749e-01 -6.062148204405187757e-01 7.145648064159687562e-01
1.502685603943887671e-01 -6.062142119649354122e-01 7.145609674160130487e-01
1.502685603943887671e-01 -6.062142119649354122e-01 7.145609674160130487e-01
1.502645918820202375e-01 -6.062144842267280787e-01 7.145598522520907325e-01
1.502645918820202375e-01 -6.062144842267280787e-01 7.145598522520907325e-01
1.502645918820202375e-01 -6.062144842267280787e-01 7.145598522520907325e-01
1.502542781909272374e-01 -6.062195810857498035e-01 7.145697904809497070e-01
1.502543666514137843e-01 -6.062202537077878706e-01 7.145714362178423595e-01
1.502543666514137843e-01 -6.062202537077878706e-01 7.145714362178423595e-01
1.502543666514137843e-01 -6.062202537077878706e-01 7.145714362178423595e-01
1.502641225581841100e-01 -6.062220178173859386e-01 7.145617303836957479e-01
1.502641225581841100e-01 -6.062220178173859386e-01 7.145617303836957479e-01
1.502637470288522570e-01 -6.062230158760060217e-01 7.145598521905797140e-01
1.502630145921768634e-01 -6.062236965288856361e-01 7.145580895800539567e-01
1.502808435427967493e-01 -6.062221629508718346e-01 7.145565008444274557e-01
1.503048918618885010e-01 -6.062200941438380397e-01 7.145639544925883602e-01
1.503048918485955510e-01 -6.062200941611597393e-01 7.145681577006103291e-01
1.503048918485955510e-01 -6.062200941611597393e-01 7.145681577006103291e-01
1.503048918485955510e-01 -6.062200941611597393e-01 7.145681577006103291e-01
1.503048918485955510e-01 -6.062200941611597393e-01 7.145681577006103291e-01
1.503174414750250709e-01 -6.062117164212731391e-01 7.145648595846049167e-01
1.503174241393357424e-01 -6.062115847200861829e-01 7.145648064159684232e-01
1.503176701068802412e-01 -6.062134534889468407e-01 7.145700260062308740e-01
1.503176701068802412e-01 -6.062134534889468407e-01 7.145700260062308740e-01
1.503176701068802412e-01 -6.062134534889468407e-01 7.145700260062308740e-01
1.503176701068802412e-01 -6.062134534889468407e-01 7.145700260062308740e-01
1.502704097414078732e-01 -6.062167091728172252e-01 7.145714362353344784e-01
1.502704097414078732e-01 -6.062167091728172252e-01 7.145714362353344784e-01
1.502704097414078732e-01 -6.062167091728172252e-01 7.145714362353344784e-01
1.502824973203293890e-01 -6.062163777187236091e-01 7.145646783507512145e-01
1.502627891107667091e-01 -6.062174275188287886e-01 7.145598522345024683e-01
1.502627891107667091e-01 -6.062174275188287886e-01 7.145598522345024683e-01
1.502627891107667091e-01 -6.062174275188287886e-01 7.145598522345024683e-01
1.502627891107667091e-01 -6.062174275188287886e-01 7.145598522345024683e-01
1.502532875808828827e-01 -6.062173628201578124e-01 7.145644427229702611e-01
1.502532875808828827e-01 -6.062173628201578124e-01 7.145644427229702611e-01
1.502532875808828827e-01 -6.062173628201578124e-01 7.145644427229702611e-01
1.502635352013199643e-01 -6.062192276570735894e-01 7.145648063808880401e-01
1.502635352013199643e-01 -6.062192276570735894e-01 7.145648063808880401e-01
1.502635352013199643e-01 -6.062192276570735894e-01 7.145648063808880401e-01
1.502649028976796863e-01 -6.062226364147105251e-01 7.145576386863671248e-01
1.502649028976796863e-01 -6.062226364147105251e-01 7.145576386863671248e-01
1.502742857957062861e-01 -6.062225915213230731e-01 7.145565008444271227e-01
1.503030278745297599e-01 -6.062178671583888789e-01 7.145636137980909686e-01
1.503030278745297599e-01 -6.062178671583888789e-01 7.145636137980909686e-01
1.503029604642866224e-01 -6.062173549868661304e-01 7.145648063808881512e-01
1.503029604642866224e-01 -6.062173549868661304e-01 7.145648063808881512e-01
1.502792042842405196e-01 -6.062182580470663051e-01 7.145605734459798963e-01
1.502792042842405196e-01 -6.062182580470663051e-01 7.145605734459798963e-01
1.502742746568431487e-01 -6.062186938419209525e-01 7.145598522170102385e-01
1.502641386699767045e-01 -6.062168266307284004e-01 7.145598522372494932e-01
1.502641386699767045e-01 -6.062168266307284004e-01 7.145598522372494932e-01
1.503090565231205433e-01 -6.062168704085593163e-01 7.145571593574070457e-01
1.503090565231205433e-01 -6.062168704085593163e-01 7.145571593574070457e-01
1.503090565231205433e-01 -6.062168704085593163e-01 7.145571593574070457e-01
1.503090565231205433e-01 -6.062168704085593163e-01 7.145571593574070457e-01
1.503016837961888286e-01 -6.062181750347144238e-01 7.145565008708573140e-01
1.503473252887660150e-01 -6.062231281253572801e-01 7.145632961791807958e-01
1.503841253171446790e-01 -6.062225573138658730e-01 7.145648066685494904e-01
1.503841253171446790e-01 -6.062225573138658730e-01 7.145648066685494904e-01
1.503841253171446790e-01 -6.062225573138658730e-01 7.145648066685494904e-01
1.504106059583402433e-01 -6.062154709676039754e-01 7.145577690655793290e-01
1.504095500140609776e-01 -6.062074440226166150e-01 7.145465200720994003e-01
1.504095500140609776e-01 -6.062074440226166150e-01 7.145465200720994003e-01
1.504095500140609776e-01 -6.062074440226166150e-01 7.145465200720994003e-01
1.504095500140609776e-01 -6.062074440226166150e-01 7.145465200720994003e-01
1.503747325908374177e-01 -6.062166051967056157e-01 7.145563397927902072e-01
1.503747325908374177e-01 -6.062166051967056157e-01 7.145563397927902072e-01
1.503747325908374177e-01 -6.062166051967056157e-01 7.145563397927902072e-01
1.503908933926258740e-01 -6.062164694954992328e-01 7.145565012025378859e-01
1.503908933926258740e-01 -6.062164694954992328e-01 7.145565012025378859e-01
1.503908933926258740e-01 -6.062164694954992328e-01 7.145565012025378859e-01
1.503908933926258740e-01 -6.062164694954992328e-01 7.145565012025378859e-01
1.503975847660038168e-01 -6.062197644752460590e-01 7.145565011761074725e-01
1.503975847660038168e-01 -6.062197644752460590e-01 7.145565011761074725e-01
1.503975847660038168e-01 -6.062197644752460590e-01 7.145565011761074725e-01
1.503975847660038168e-01 -6.062197644752460590e-01 7.145565011761074725e-01
1.504160149636356025e-01 -6.062151032557161479e-01 7.145474602007532150e-01
1.504160149636356025e-01 -6.062151032557161479e-01 7.145474602007532150e-01
1.504089612108067964e-01 -6.062128068102147216e-01 7.145382145268924790e-01
1.504089612108067964e-01 -6.062128068102147216e-01 7.145382145268924790e-01
1.504089612108067964e-01 -6.062128068102147216e-01 7.145382145268924790e-01
1.503852868574312995e-01 -6.062191245223711444e-01 7.145519764425695142e-01
1.503852868574312995e-01 -6.062191245223711444e-01 7.145519764425695142e-01
1.503788476171240285e-01 -6.062182856388427243e-01 7.145583040656336982e-01
1.503788476171240285e-01 -6.062182856388427243e-01 7.145583040656336982e-01
1.503831255036077175e-01 -6.062170477160765403e-01 7.145598525486903663e-01
1.503965087701681358e-01 -6.062214035675606016e-01 7.145631542381472023e-01
1.503979661579012417e-01 -6.062243327816426719e-01 7.145648066508650809e-01
1.503979661579012417e-01 -6.062243327816426719e-01 7.145648066508650809e-01
1.503979661579012417e-01 -6.062243327816426719e-01 7.145648066508650809e-01
1.503992786891130695e-01 -6.062129580672063200e-01 7.145531498738770804e-01
1.503992786891130695e-01 -6.062129580672063200e-01 7.145531498738770804e-01
1.503992786891130695e-01 -6.062129580672063200e-01 7.145531498738770804e-01
1.503992786891130695e-01 -6.062129580672063200e-01 7.145531498738770804e-01
1.503992786891130695e-01 -6.062129580672063200e-01 7.145531498738770804e-01
1.503911145277495309e-01 -6.062218793635649750e-01 7.145648066685496014e-01
1.503911145277495309e-01 -6.062218793635649750e-01 7.145648066685496014e-01
1.504094810314878794e-01 -6.062162307812126727e-01 7.145573245958113384e-01
1.504094810314878794e-01 -6.062162307812126727e-01 7.145573245958113384e-01
1.504094810314878794e-01 -6.062162307812126727e-01 7.145573245958113384e-01
1.503918776739717189e-01 -6.062159144680971945e-01 7.145565012025375529e-01
1.503918776739717189e-01 -6.062159144680971945e-01 7.145565012025375529e-01
1.503918776739717189e-01 -6.062159144680971945e-01 7.145565012025375529e-01
1.503918776739717189e-01 -6.062159144680971945e-01 7.145565012025375529e-01
1.504055535899118112e-01 -6.062124469373906255e-01 7.145545830567859857e-01
1.504133981430009481e-01 -6.062098640804103322e-01 7.145531498914653445e-01
1.504133981430009481e-01 -6.062098640804103322e-01 7.145531498914653445e-01
1.504133981430009481e-01 -6.062098640804103322e-01 7.145531498914653445e-01
1.504133981430009481e-01 -6.062098640804103322e-01 7.145531498914653445e-01
1.503935401006259442e-01 -6.062142497648936867e-01 7.145531498724945196e-01
1.503999186562090251e-01 -6.062163291147062427e-01 7.145531498563849615e-01
1.504042748808630259e-01 -6.062128263366606262e-01 7.145507233311513273e-01
1.504041029864490453e-01 -6.062115199001447685e-01 7.145497985453128642e-01
1.504041029864490453e-01 -6.062115199001447685e-01 7.145497985453128642e-01
1.504041029864490453e-01 -6.062115199001447685e-01 7.145497985453128642e-01
1.504041029864490453e-01 -6.062115199001447685e-01 7.145497985453128642e-01
1.503923433504941454e-01 -6.062220501803625705e-01 7.145497984662136925e-01
1.503923433504941454e-01 -6.062220501803625705e-01 7.145497984662136925e-01
1.503909430052052798e-01 -6.062205792356178957e-01 7.145497984758479859e-01
1.503967345074982975e-01 -6.062126951807049746e-01 7.145497985277246000e-01
1.503967345074982975e-01 -6.062126951807049746e-01 7.145497985277246000e-01
1.503967345074982975e-01 -6.062126951807049746e-01 7.145497985277246000e-01
1.503967345074982975e-01 -6.062126951807049746e-01 7.145497985277246000e-01
1.504109022509928506e-01 -6.062177225821863136e-01 7.145358623473083703e-01
1.504109022509928506e-01 -6.062177225821863136e-01 7.145358623473083703e-01
1.504109022509928506e-01 -6.062177225821863136e-01 7.145358623473083703e-01
1.504100532749163555e-01 -6.062190276906119779e-01 7.145348631368169112e-01
1.504104923600142751e-01 -6.062146073261430734e-01 7.145528683210098375e-01
1.504104923600142751e-01 -6.062146073261430734e-01 7.145528683210098375e-01
1.504108176610862990e-01 -6.062145472395292778e-01 7.145531498563851835e-01
1.504292866008780927e-01 -6.062122075739330151e-01 7.145473995518342170e-01
1.504292866008780927e-01 -6.062122075739330151e-01 7.145473995518342170e-01
1.504274810594623535e-01 -6.062119828202270355e-01 7.145465200369227610e-01
1.504274810594623535e-01 -6.062119828202270355e-01 7.145465200369227610e-01
1.504274117941933331e-01 -6.062240235680106393e-01 7.145465199434553050e-01
1.504274117941933331e-01 -6.062240235680106393e-01 7.145465199434553050e-01
1.504274117941933331e-01 -6.062240235680106393e-01 7.145465199434553050e-01
1.504263047090746985e-01 -6.062245513391332219e-01 7.145465199401396239e-01
1.504263047090746985e-01 -6.062245513391332219e-01 7.145465199401396239e-01
1.504069687087775109e-01 -6.062232035006404063e-01 7.145446508392614415e-01
1.504069687087775109e-01 -6.062232035006404063e-01 7.145446508392614415e-01
1.504009646600386607e-01 -6.062211872326639384e-01 7.145431686292592621e-01
1.504009646600386607e-01 -6.062211872326639384e-01 7.145431686292592621e-01
1.504169337117481353e-01 -6.062220862829029722e-01 7.145501853725988450e-01
1.504125244072166412e-01 -6.062236055698626558e-01 7.145531497946818744e-01
1.504125244072166412e-01 -6.062236055698626558e-01 7.145531497946818744e-01
1.503843776412229494e-01 -6.062200774872087417e-01 7.145531498299551032e-01
1.503843776412229494e-01 -6.062200774872087417e-01 7.145531498299551032e-01
1.503843776412229494e-01 -6.062200774872087417e-01 7.145531498299551032e-01
1.503843776412229494e-01 -6.062200774872087417e-01 7.145531498299551032e-01
1.503712191238956164e-01 -6.062225956533848770e-01 7.145531498192910780e-01
1.504190899821733207e-01 -6.062199685126966608e-01 7.145531498123663949e-01
1.504190899821733207e-01 -6.062199685126966608e-01 7.145531498123663949e-01
1.504190899821733207e-01 -6.062199685126966608e-01 7.145531498123663949e-01
1.504190899821733207e-01 -6.062199685126966608e-01 7.145531498123663949e-01
1.504013743038464246e-01 -6.062110817787126349e-01 7.145932203345957134e-01
1.504013743038464246e-01 -6.062110817787126349e-01 7.145932203345957134e-01
1.504013743038464246e-01 -6.062110817787126349e-01 7.145932203345957134e-01
1.504013743038464246e-01 -6.062110817787126349e-01 7.145932203345957134e-01
1.504013743038464246e-01 -6.062110817787126349e-01 7.145932203345957134e-01
1.503849548588092333e-01 -6.062160295108240948e-01 7.160547714988513279e-01
1.503849548588092333e-01 -6.062160295108240948e-01 7.160547714988513279e-01
1.504062972448898250e-01 -6.062182775028853721e-01 7.208669367577535958e-01
1.503978742991193274e-01 -6.062215839713593901e-01 7.252964727476801654e-01
1.503907878029573930e-01 -6.062197259503676605e-01 7.261491903760824984e-01
1.503941384562753059e-01 -6.062159339079034037e-01 7.275965162273722031e-01
1.503941384562753059e-01 -6.062159339079034037e-01 7.275965162273722031e-01
1.504029432241918152e-01 -6.062158169059803647e-01 7.324998270701880143e-01
1.504029432241918152e-01 -6.062158169059803647e-01 7.324998270701880143e-01
1.503784140460077134e-01 -6.062163006015320876e-01 7.330042878526008554e-01
1.503784140460077134e-01 -6.062163006015320876e-01 7.330042878526008554e-01
1.501438985567729312e-01 -6.062207504850005702e-01 7.377031556041059313e-01
1.501438985567729312e-01 -6.062207504850005702e-01 7.377031556041059313e-01
1.501438985567729312e-01 -6.062207504850005702e-01 7.377031556041059313e-01
1.502626967876805331e-01 -6.062251675012162444e-01 7.560981849180781200e-01
1.502626967876805331e-01 -6.062251675012162444e-01 7.560981849180781200e-01
1.502167619628544948e-01 -6.062205008555074937e-01 7.605598466837591998e-01
1.502167619628544948e-01 -6.062205008555074937e-01 7.605598466837591998e-01
1.502167619628544948e-01 -6.062205008555074937e-01 7.605598466837591998e-01
1.502167619628544948e-01 -6.062205008555074937e-01 7.605598466837591998e-01
1.501893236671966447e-01 -6.062207485546198260e-01 7.650251978633189065e-01
1.501893236671966447e-01 -6.062207485546198260e-01 7.650251978633189065e-01
1.501365516854916982e-01 -6.062211781262575316e-01 7.691097860867484037e-01
1.501365516854916982e-01 -6.062211781262575316e-01 7.691097860867484037e-01
1.501365516854916982e-01 -6.062211781262575316e-01 7.691097860867484037e-01
1.501329524490179201e-01 -6.062228829991767043e-01 7.748892455664654344e-01
1.501238945825099091e-01 -6.062238877775558699e-01 7.766215370491459380e-01
1.501238945825099091e-01 -6.062238877775558699e-01 7.766215370491459380e-01
1.501238945825099091e-01 -6.062238877775558699e-01 7.766215370491459380e-01
1.501238945825099091e-01 -6.062238877775558699e-01 7.766215370491459380e-01
1.501346335304984125e-01 -6.062188136796711202e-01 7.793648324762709745e-01
1.501346335304984125e-01 -6.062188136796711202e-01 7.793648324762709745e-01
1.501346335304984125e-01 -6.062188136796711202e-01 7.793648324762709745e-01
1.501346335304984125e-01 -6.062188136796711202e-01 7.793648324762709745e-01
1.501957711455184086e-01 -6.062181820700376367e-01 7.794655089039057572e-01
1.502408411491103490e-01 -6.062189684501425591e-01 7.795431826890163451e-01
1.502408411491103490e-01 -6.062189684501425591e-01 7.795431826890163451e-01
1.501077909802372157e-01 -6.062251717605122714e-01 7.795398309946429682e-01
1.501077909802372157e-01 -6.062251717605122714e-01 7.795398309946429682e-01
1.501077909802372157e-01 -6.062251717605122714e-01 7.795398309946429682e-01
1.501077909802372157e-01 -6.062251717605122714e-01 7.795398309946429682e-01
1.501214160423799682e-01 -6.062249698527659714e-01 7.795314354792344247e-01
1.501276197734253970e-01 -6.062243575885384317e-01 7.795281741384597618e-01
1.501276197734253970e-01 -6.062243575885384317e-01 7.795281741384597618e-01
1.501228066739989375e-01 -6.062224412247828598e-01 7.795214714636464759e-01
1.501228066739989375e-01 -6.062224412247828598e-01 7.795214714636464759e-01
1.501169752894469800e-01 -6.062286095862248203e-01 7.795130930543420211e-01
1.501169752894469800e-01 -6.062286095862248203e-01 7.795130930543420211e-01
1.501169752894469800e-01 -6.062286095862248203e-01 7.795130930543420211e-01
1.501169752894469800e-01 -6.062286095862248203e-01 7.795130930543420211e-01
1.501169752894469800e-01 -6.062286095862248203e-01 7.795130930543420211e-01
1.502579593379391731e-01 -6.062200252208622686e-01 7.794948067183627982e-01
1.502579593379391731e-01 -6.062200252208622686e-01 7.794948067183627982e-01
1.502588698180943316e-01 -6.062200867688363193e-01 7.794945596128830534e-01
1.502677872980522356e-01 -6.062233469426876464e-01 7.794898525280549162e-01
1.502677872980522356e-01 -6.062233469426876464e-01 7.794898525280549162e-01
1.502677872980522356e-01 -6.062233469426876464e-01 7.794898525280549162e-01
1.501968242329779213e-01 -6.062155460032383480e-01 7.794844775298154227e-01
1.501968242329779213e-01 -6.062155460032383480e-01 7.794844775298154227e-01
1.501447876268728887e-01 -6.062156342581345170e-01 7.794831495841200164e-01
1.501447876268728887e-01 -6.062156342581345170e-01 7.794831495841200164e-01
1.501447876268728887e-01 -6.062156342581345170e-01 7.794831495841200164e-01
1.502412818504483549e-01 -6.062170929673011965e-01 7.814414106715240615e-01
1.502395194084865937e-01 -6.062192695067603054e-01 7.820397898620812249e-01
1.502395194084865937e-01 -6.062192695067603054e-01 7.820397898620812249e-01
1.502395194084865937e-01 -6.062192695067603054e-01 7.820397898620812249e-01
1.502395194084865937e-01 -6.062192695067603054e-01 7.820397898620812249e-01
1.501432822041570136e-01 -6.062262210421409669e-01 7.886140756711169653e-01
1.500990660931280918e-01 -6.062292404613095487e-01 7.910281727243433370e-01
1.500926458475680958e-01 -6.062295590571572523e-01 7.910281727243433370e-01
1.500926458475679848e-01 -6.062295590571572523e-01 7.910281727243434480e-01
1.500923743723913406e-01 -6.062275438298326824e-01 7.927903966391891544e-01
1.501184679013476408e-01 -6.062220230434627322e-01 7.961931071770468327e-01
1.501184679013476408e-01 -6.062220230434627322e-01 7.961931071770468327e-01
1.501785974568836668e-01 -6.062190701932373971e-01 7.984658309461980519e-01
1.502623832689263805e-01 -6.062155419121383337e-01 8.026698753868755087e-01
1.502623832689263805e-01 -6.062155419121383337e-01 8.026698753868755087e-01
1.502623832689263805e-01 -6.062155419121383337e-01 8.026698753868755087e-01
1.501805629206754700e-01 -6.062243719756869043e-01 8.121411129433802056e-01
1.501219555180244858e-01 -6.062306465265195898e-01 8.174898190857261548e-01
1.501219555180244858e-01 -6.062306465265195898e-01 8.174898190857261548e-01
1.502774603498092942e-01 -6.062171504055193783e-01 8.238798166162630832e-01
1.502774603498092942e-01 -6.062171504055193783e-01 8.238798166162630832e-01
1.502774603498092942e-01 -6.062171504055193783e-01 8.238798166162630832e-01
1.502774603498092942e-01 -6.062171504055193783e-01 8.238798166162630832e-01
1.501009991102122965e-01 -6.062240544720738367e-01 8.385472193503551441e-01
1.501009991102122965e-01 -6.062240544720738367e-01 8.385472193503551441e-01
1.501003983386866303e-01 -6.062236407174780295e-01 8.402781715767867476e-01
1.501003983386866303e-01 -6.062236407174780295e-01 8.402781715767867476e-01
1.501003983386866303e-01 -6.062236407174780295e-01 8.402781715767867476e-01
1.501156966391533620e-01 -6.062248009296000717e-01 8.443854340114260726e-01
1.501227302441470179e-01 -6.062244078543792547e-01 8.455365065282438586e-01
1.502089929828826498e-01 -6.062231729668079439e-01 8.469209682439189368e-01
1.502641264932668141e-01 -6.062233863089134811e-01 8.479064914053155988e-01
1.502641264932668141e-01 -6.062233863089134811e-01 8.479064914053155988e-01
1.502641264932668141e-01 -6.062233863089134811e-01 8.479064914053155988e-01
1.502641264932668141e-01 -6.062233863089134811e-01 8.479064914053155988e-01
1.501525247884004655e-01 -6.062233627482085385e-01 8.498868386852758139e-01
1.501193405264336089e-01 -6.062238891530493667e-01 8.505065528727092650e-01
1.501174748854616492e-01 -6.062265509558130150e-01 8.506007884131245866e-01
1.501174748854616492e-01 -6.062265509558130150e-01 8.506007884131245866e-01
1.501174748854616492e-01 -6.062265509558130150e-01 8.506007884131245866e-01
1.501189746948306536e-01 -6.062280611213990422e-01 8.506714973612736763e-01
1.501189746948306536e-01 -6.062280611213990422e-01 8.506714973612736763e-01
1.502308312682904823e-01 -6.062160561338147957e-01 8.506714976862822519e-01
1.502576863615580349e-01 -6.062130937483536375e-01 8.506714977711007375e-01
1.501832537732308848e-01 -6.062192292269807936e-01 8.506695838305182722e-01
1.501015428602602009e-01 -6.062257207350191246e-01 8.506681460415510543e-01
1.501015428602602009e-01 -6.062257207350191246e-01 8.506681460415510543e-01
1.501015428602602009e-01 -6.062257207350191246e-01 8.506681460415510543e-01
1.501015428602602009e-01 -6.062257207350191246e-01 8.506681460415510543e-01
1.501581677631273759e-01 -6.062298677093677091e-01 8.506421807105136734e-01
1.501581677631273759e-01 -6.062298677093677091e-01 8.506421807105136734e-01
1.501484933377600917e-01 -6.062320040390497544e-01 8.506348510843741995e-01
1.501484933377600917e-01 -6.062320040390497544e-01 8.506348510843741995e-01
1.500912646008218665e-01 -6.062207321124992720e-01 8.506123922436400475e-01
1.500912646008218665e-01 -6.062207321124992720e-01 8.506123922436400475e-01
1.500922909893103729e-01 -6.062191104994475443e-01 8.506097889579518068e-01
1.500922909893103729e-01 -6.062191104994475443e-01 8.506097889579518068e-01
1.500922909893103729e-01 -6.062191104994475443e-01 8.506097889579518068e-01
1.501077462494515846e-01 -6.062268336081299003e-01 8.506005311610481678e-01
1.501077462494515846e-01 -6.062268336081299003e-01 8.506005311610481678e-01
1.501077462494515846e-01 -6.062268336081299003e-01 8.506005311610481678e-01
1.501077462494515846e-01 -6.062268336081299003e-01 8.506005311610481678e-01
1.501077462494515846e-01 -6.062268336081299003e-01 8.506005311610481678e-01
1.501217180486153768e-01 -6.062280948829235072e-01 8.505981320226693176e-01
1.501217180486153768e-01 -6.062280948829235072e-01 8.505981320226693176e-01
1.501221818676063691e-01 -6.062208481169201191e-01 8.505708960717232037e-01
1.501221818676063691e-01 -6.062208481169201191e-01 8.505708960717232037e-01
1.501234832646705930e-01 -6.062195073249826427e-01 8.505665128617834192e-01
1.501234832646705930e-01 -6.062195073249826427e-01 8.505665128617834192e-01
1.500761830626700100e-01 -6.062244883970387965e-01 8.505493990923773673e-01
1.500761830626700100e-01 -6.062244883970387965e-01 8.505493990923773673e-01
1.500761830626700100e-01 -6.062244883970387965e-01 8.505493990923773673e-01
1.500761830626700100e-01 -6.062244883970387965e-01 8.505493990923773673e-01
1.501113776021724133e-01 -6.062228983289452700e-01 8.505482261510570741e-01
1.501113776021724133e-01 -6.062228983289452700e-01 8.505482261510570741e-01
1.501113776021724133e-01 -6.062228983289452700e-01 8.505482261510570741e-01
1.505753485415423087e-01 -6.097197615421302563e-01 8.505441344315624042e-01
1.505753485415423087e-01 -6.097197615421302563e-01 8.505441344315624042e-01
1.506908430677518784e-01 -6.106088422173292507e-01 8.505430937766483845e-01
1.507835613454255042e-01 -6.106057548952524838e-01 8.505407125393763534e-01
1.508208030162276891e-01 -6.106049912414812653e-01 8.505398156165748791e-01
1.508208030162276891e-01 -6.106049912414812653e-01 8.505398156165748791e-01
1.508208030162276891e-01 -6.106049912414812653e-01 8.505398156165748791e-01
1.507733819382166274e-01 -6.104068539204293709e-01 8.505342653854836010e-01
1.507782162868684939e-01 -6.103647722341808413e-01 8.505331147095226418e-01
1.507782162868684939e-01 -6.103647722341808413e-01 8.505331147095226418e-01
1.506629656494249403e-01 -6.098780846340015049e-01 8.505255456259441793e-01
1.505274702453960889e-01 -6.094017092897642263e-01 8.505181133353465484e-01
1.504925393974304859e-01 -6.086883312593911466e-01 8.505181187787146380e-01
1.504806070859687206e-01 -6.079885948047063504e-01 8.505181241053120234e-01
1.504806070859687206e-01 -6.079885948047063504e-01 8.505181241053120234e-01
1.504806070859687206e-01 -6.079885948047063504e-01 8.505181241053120234e-01
1.504806070859687206e-01 -6.079885948047063504e-01 8.505181241053120234e-01
1.498490738696445501e-01 -6.030278231488996887e-01 8.505248635504748522e-01
1.498490738696445501e-01 -6.030278231488996887e-01 8.505248635504748522e-01
1.498490738696445501e-01 -6.030278231488996887e-01 8.505248635504748522e-01
1.498490738696445501e-01 -6.030278231488996887e-01 8.505248635504748522e-01
1.485927584950931801e-01 -5.946200451653923524e-01 8.505249255843184697e-01
1.485927584950931801e-01 -5.946200451653923524e-01 8.505249255843184697e-01
1.484773534855164945e-01 -5.938286356114372833e-01 8.505249314222739221e-01
1.484773534855164945e-01 -5.938286356114372833e-01 8.505249314222739221e-01
1.484780093650618360e-01 -5.938286004913673199e-01 8.505249314222737000e-01
1.484780093650618360e-01 -5.938286004913673199e-01 8.505249314222737000e-01
1.484780093650618360e-01 -5.938286004913673199e-01 8.505249314222737000e-01
1.466988639460820310e-01 -5.800604247488529985e-01 8.505161343575677879e-01
1.466988639460820310e-01 -5.800604247488529985e-01 8.505161343575677879e-01
1.459492718785783127e-01 -5.737783832959169050e-01 8.505150989994709754e-01
1.459492718785783127e-01 -5.737783832959169050e-01 8.505150989994709754e-01
1.457007864757514093e-01 -5.715890342932068435e-01 8.505151153198663438e-01
1.450120157880714078e-01 -5.671552412109222008e-01 8.505201211464872291e-01
1.447750523338151574e-01 -5.656790119215979740e-01 8.505217886498003255e-01
1.441742378935791935e-01 -5.599849952310163026e-01 8.505218311421022248e-01
1.441742378935791935e-01 -5.599849952310163026e-01 8.505218311421022248e-01
1.441742378935791935e-01 -5.599849952310163026e-01 8.505218311421022248e-01
1.441742378935791935e-01 -5.599849952310163026e-01 8.505218311421022248e-01
1.441742378935791935e-01 -5.599849952310163026e-01 8.505218311421022248e-01
1.436307173572522189e-01 -5.563555867540820321e-01 8.505186025009561224e-01
1.430603513463817034e-01 -5.525937280287569475e-01 8.505152557737570840e-01
1.425724781619657211e-01 -5.489254669440463141e-01 8.505152829569090356e-01
1.423212010315388354e-01 -5.469942183902328781e-01 8.505152972669779432e-01
1.421031500482727306e-01 -5.453046454048566805e-01 8.505135162676766836e-01
1.421031500482727306e-01 -5.453046454048566805e-01 8.505135162676766836e-01
1.419145916020337350e-01 -5.438364902069472429e-01 8.505119693145112292e-01
1.416685263548698726e-01 -5.419105018288508102e-01 8.505083061560400060e-01
1.415837451372754241e-01 -5.412421868268967318e-01 8.505070343669237642e-01
1.415837451372754241e-01 -5.412421868268967318e-01 8.505070343669237642e-01
1.415837451372754241e-01 -5.412421868268967318e-01 8.505070343669237642e-01
1.412882007208293711e-01 -5.388643450669915458e-01 8.505133918758277511e-01
1.411821691079866992e-01 -5.381278264040851855e-01 8.505153629541006843e-01
1.411821691079866992e-01 -5.381278264040851855e-01 8.505153629541006843e-01
1.411062122389390716e-01 -5.375186874624042765e-01 8.505186459565707846e-01
1.411062122389390716e-01 -5.375186874624042765e-01 8.505186459565707846e-01
1.411062122389390716e-01 -5.375186874624042765e-01 8.505186459565707846e-01
1.411062122389390716e-01 -5.375186874624042765e-01 8.505186459565707846e-01
1.410641845934949568e-01 -5.372352743498128858e-01 8.505253507507651856e-01
1.410641845934949568e-01 -5.372352743498128858e-01 8.505253507507651856e-01
1.410641845934949568e-01 -5.372352743498128858e-01 8.505253507507651856e-01
1.410641845934949568e-01 -5.372352743498128858e-01 8.505253507507651856e-01
1.410641845934949568e-01 -5.372352743498128858e-01 8.505253507507651856e-01
1.410230912409452531e-01 -5.372777842997326081e-01 8.505043794615817498e-01
1.410230912409452531e-01 -5.372777842997326081e-01 8.505043794615817498e-01
1.410230912409452531e-01 -5.372777842997326081e-01 8.505043794615817498e-01
1.410230912409452531e-01 -5.372777842997326081e-01 8.505043794615817498e-01
1.410421160786309858e-01 -5.372783355658556914e-01 8.505037123948872013e-01
1.410421160786309858e-01 -5.372783355658556914e-01 8.505037123948872013e-01
1.410421160786309858e-01 -5.372783355658556914e-01 8.505037123948872013e-01
1.407754841216082853e-01 -5.340524713838372683e-01 8.505070879404805773e-01
1.407754841216082853e-01 -5.340524713838372683e-01 8.505070879404805773e-01
1.407754841216082853e-01 -5.340524713838372683e-01 8.505070879404805773e-01
1.407754841216082853e-01 -5.340524713838372683e-01 8.505070879404805773e-01
1.398144579661915743e-01 -5.269503662212833284e-01 8.505119378919855366e-01
1.398144579661915743e-01 -5.269503662212833284e-01 8.505119378919855366e-01
1.398144579661915743e-01 -5.269503662212833284e-01 8.505119378919855366e-01
1.394109261075114348e-01 -5.238442901522643025e-01 8.505074932710110502e-01
1.394109261075114348e-01 -5.238442901522643025e-01 8.505074932710110502e-01
1.393855890873315073e-01 -5.236394707924443281e-01 8.505071651046416381e-01
1.393855890873315073e-01 -5.236394707924443281e-01 8.505071651046416381e-01
1.383881303902177451e-01 -5.168597766796421134e-01 8.505155205453276412e-01
1.383881303902177451e-01 -5.168597766796421134e-01 8.505155205453276412e-01
1.383881303902177451e-01 -5.168597766796421134e-01 8.505155205453276412e-01
1.383881303902177451e-01 -5.168597766796421134e-01 8.505155205453276412e-01
1.383881303902177451e-01 -5.168597766796421134e-01 8.505155205453276412e-01
1.366224031232432801e-01 -5.035442493694725075e-01 8.505156192068956678e-01
1.366224031232432801e-01 -5.035442493694725075e-01 8.505156192068956678e-01
1.366018741482767640e-01 -5.033832843439614013e-01 8.505156203997423781e-01
1.366018741482767640e-01 -5.033832843439614013e-01 8.505156203997423781e-01
1.366018741482767640e-01 -5.033832843439614013e-01 8.505156203997423781e-01
1.355458192364065728e-01 -4.953588586190963428e-01 8.505085322628305189e-01
1.355458192364065728e-01 -4.953588586190963428e-01 8.505085322628305189e-01
1.353758391758271284e-01 -4.940587695035694171e-01 8.505073839803964919e-01
1.353758391758271284e-01 -4.940587695035694171e-01 8.505073839803964919e-01
1.346765475955851166e-01 -4.889674312771489784e-01 8.505190057190268327e-01
1.346765475955851166e-01 -4.889674312771489784e-01 8.505190057190268327e-01
1.344336262386648384e-01 -4.870620630745725599e-01 8.505129429339935987e-01
1.344336262386648384e-01 -4.870620630745725599e-01 8.505129429339935987e-01
1.344336262386648384e-01 -4.870620630745725599e-01 8.505129429339935987e-01
1.344124831237016593e-01 -4.868886403416398667e-01 8.505123912815013565e-01
1.344124831237016593e-01 -4.868886403416398667e-01 8.505123912815013565e-01
1.338559924840910798e-01 -4.825109127269177067e-01 8.505218657589079800e-01
1.338559924840910798e-01 -4.825109127269177067e-01 8.505218657589079800e-01
1.338559924840910798e-01 -4.825109127269177067e-01 8.505218657589079800e-01
1.338559924840910798e-01 -4.825109127269177067e-01 8.505218657589079800e-01
1.338149367373727694e-01 -4.822612063670115301e-01 8.505224067461513160e-01
1.338149367373727694e-01 -4.822612063670115301e-01 8.505224067461513160e-01
1.338149367373727694e-01 -4.822612063670115301e-01 8.505224067461513160e-01
1.337166211705847207e-01 -4.816317094997523141e-01 8.505157815791355436e-01
1.337166211705847207e-01 -4.816317094997523141e-01 8.505157815791355436e-01
1.337166211705847207e-01 -4.816317094997523141e-01 8.505157815791355436e-01
1.337166211705847207e-01 -4.816317094997523141e-01 8.505157815791355436e-01
1.337166211705847207e-01 -4.816317094997523141e-01 8.505157815791355436e-01
1.338778269557173439e-01 -4.816736699813238820e-01 8.505187682129041749e-01
1.338778269557173439e-01 -4.816736699813238820e-01 8.505187682129041749e-01
1.338872479741417820e-01 -4.816785768697350867e-01 8.505190600224948883e-01
1.338872479741417820e-01 -4.816785768697350867e-01 8.505190600224948883e-01
1.338872479741417820e-01 -4.816785768697350867e-01 8.505190600224948883e-01
1.338872479741417820e-01 -4.816785768697350867e-01 8.505190600224948883e-01
1.338872479741417820e-01 -4.816785768697350867e-01 8.505190600224948883e-01
1.337458739785035433e-01 -4.817085192786058623e-01 8.505157810074701619e-01
1.337458739785035433e-01 -4.817085192786058623e-01 8.505157810074701619e-01
1.337609990285127670e-01 -4.817614100888443773e-01 8.505187873587435332e-01
1.337609990285127670e-01 -4.817614100888443773e-01 8.505187873587435332e-01
1.337607357208435988e-01 -4.817661905340437922e-01 8.505190590673361584e-01
1.337607357208435988e-01 -4.817661905340437922e-01 8.505190590673361584e-01
1.337607357208435988e-01 -4.817661905340437922e-01 8.505190590673361584e-01
