1.420955887819354557e-01 -5.449769641555906041e-01 7.389769752350580090e-01
1.426272510736947552e-01 -5.493728912422422006e-01 7.389677600952577752e-01
1.427139285997739426e-01 -5.500169328121028434e-01 7.389652810543526629e-01
1.427139285997739426e-01 -5.500169328121028434e-01 7.389652810543526629e-01
1.427139285997739426e-01 -5.500169328121028434e-01 7.389652810543526629e-01
1.427139285997739426e-01 -5.500169328121028434e-01 7.389652810543526629e-01
1.437402998544841104e-01 -5.578456434138023834e-01 7.389735285549531296e-01
1.437402998544841104e-01 -5.578456434138023834e-01 7.389735285549531296e-01
1.437402998544841104e-01 -5.578456434138023834e-01 7.389735285549531296e-01
1.437402998544841104e-01 -5.578456434138023834e-01 7.389735285549531296e-01
1.451540756105277330e-01 -5.685494065277433284e-01 7.389651437260595923e-01
1.451540756105277330e-01 -5.685494065277433284e-01 7.389651437260595923e-01
1.458507894484099010e-01 -5.737786324326943355e-01 7.389801131792267386e-01
1.458507894484099010e-01 -5.737786324326943355e-01 7.389801131792267386e-01
1.471213478179760337e-01 -5.834815883430235495e-01 7.389699981219137737e-01
1.471213478179760337e-01 -5.834815883430235495e-01 7.389699981219137737e-01
1.473310992708178335e-01 -5.850405906244420251e-01 7.389683728706588628e-01
1.478863289079165311e-01 -5.890658051954272834e-01 7.389683430398763520e-01
1.480623787862745955e-01 -5.904454501586040571e-01 7.389683328197689249e-01
1.485971869948085611e-01 -5.939408851354867069e-01 7.389739545024748280e-01
1.488598965964119947e-01 -5.955856235250178710e-01 7.389766005533776605e-01
1.488598965964119947e-01 -5.955856235250178710e-01 7.389766005533776605e-01
1.488598965964119947e-01 -5.955856235250178710e-01 7.389766005533776605e-01
1.496661147045768581e-01 -6.023544772687701165e-01 7.389840826694390463e-01
1.496661147045768581e-01 -6.023544772687701165e-01 7.389840826694390463e-01
1.502928400278327192e-01 -6.075672826185559705e-01 7.389898440051797524e-01
1.502928400278327192e-01 -6.075672826185559705e-01 7.389898440051797524e-01
1.520053674046494274e-01 -6.202976809116400592e-01 7.389754500502436763e-01
1.520053674046494274e-01 -6.202976809116400592e-01 7.389754500502436763e-01
1.522832858812081525e-01 -6.224209005364896852e-01 7.389730500471743957e-01
1.526967523026900309e-01 -6.256316165535914520e-01 7.389818974646311656e-01
1.527444600145497766e-01 -6.260335951130187038e-01 7.389830044682095256e-01
1.527444600145497766e-01 -6.260335951130187038e-01 7.389830044682095256e-01
1.527444600145497766e-01 -6.260335951130187038e-01 7.389830044682095256e-01
1.538984190508005945e-01 -6.349279455880346701e-01 7.389746354369511883e-01
1.538984190508005945e-01 -6.349279455880346701e-01 7.389746354369511883e-01
1.549263853790341927e-01 -6.425932377188774414e-01 7.389729005843095333e-01
1.549263853790341927e-01 -6.425932377188774414e-01 7.389729005843095333e-01
1.549973661171910599e-01 -6.431478514223936127e-01 7.389728964751455242e-01
1.549973661171910599e-01 -6.431478514223936127e-01 7.389728964751455242e-01
1.565533253509044376e-01 -6.550301774227209606e-01 7.389759126484972684e-01
1.565533253509044376e-01 -6.550301774227209606e-01 7.389759126484972684e-01
1.565533253509044376e-01 -6.550301774227209606e-01 7.389759126484972684e-01
1.566783134609860406e-01 -6.559760532508434050e-01 7.389761527688538667e-01
1.566783134609860406e-01 -6.559760532508434050e-01 7.389761527688538667e-01
1.575634486484289165e-01 -6.627185343229065051e-01 7.389677972963434316e-01
1.575634486484289165e-01 -6.627185343229065051e-01 7.389677972963434316e-01
1.587735880775498210e-01 -6.721214702684442655e-01 7.389677276416959373e-01
1.587735880775498210e-01 -6.721214702684442655e-01 7.389677276416959373e-01
1.589250658473904121e-01 -6.732509804259916297e-01 7.389677192703592024e-01
1.589250658473904121e-01 -6.732509804259916297e-01 7.389677192703592024e-01
1.598002440630499899e-01 -6.800285399127534713e-01 7.389713550717005308e-01
1.601272480122950537e-01 -6.823588047528919009e-01 7.389726059442729422e-01
1.601272480122950537e-01 -6.823588047528919009e-01 7.389726059442729422e-01
1.601272480122950537e-01 -6.823588047528919009e-01 7.389726059442729422e-01
1.601272480122950537e-01 -6.823588047528919009e-01 7.389726059442729422e-01
1.617241753669637072e-01 -6.934363646686073634e-01 7.389825053510783448e-01
1.617241753669637072e-01 -6.934363646686073634e-01 7.389825053510783448e-01
1.623386706992947515e-01 -6.979313241170992388e-01 7.389641853352690859e-01
1.623386706992947515e-01 -6.979313241170992388e-01 7.389641853352690859e-01
1.623386706992947515e-01 -6.979313241170992388e-01 7.389641853352690859e-01
1.623386706992947515e-01 -6.979313241170992388e-01 7.389641853352690859e-01
1.627753927050876182e-01 -7.018527425890432880e-01 7.389691934887452351e-01
1.633932411563720488e-01 -7.070015164122860352e-01 7.389757746869630717e-01
1.633932411563720488e-01 -7.070015164122860352e-01 7.389757746869630717e-01
1.633932411563720488e-01 -7.070015164122860352e-01 7.389757746869630717e-01
1.633932411563720488e-01 -7.070015164122860352e-01 7.389757746869630717e-01
1.648363307630833496e-01 -7.179192498380314591e-01 7.389856749682668369e-01
1.648363307630833496e-01 -7.179192498380314591e-01 7.389856749682668369e-01
1.648363307630833496e-01 -7.179192498380314591e-01 7.389856749682668369e-01
1.648363307630833496e-01 -7.179192498380314591e-01 7.389856749682668369e-01
1.651510307279676903e-01 -7.205616893151418623e-01 7.389756742258989375e-01
1.651510307279676903e-01 -7.205616893151418623e-01 7.389756742258989375e-01
1.651510307279676903e-01 -7.205616893151418623e-01 7.389756742258989375e-01
1.651510307279676903e-01 -7.205616893151418623e-01 7.389756742258989375e-01
1.658481708552758949e-01 -7.258385086598316827e-01 7.389756351181875349e-01
1.658481708552758949e-01 -7.258385086598316827e-01 7.389756351181875349e-01
1.659296668996287361e-01 -7.263200355689088950e-01 7.389756315444019341e-01
1.659366466710714416e-01 -7.263457765344466521e-01 7.389756313519546538e-01
1.659366466710714416e-01 -7.263457765344466521e-01 7.389756313519546538e-01
1.659199684904417993e-01 -7.263420701276076530e-01 7.389756313871310711e-01
1.659199684904417993e-01 -7.263420701276076530e-01 7.389756313871310711e-01
1.659199684904417993e-01 -7.263420701276076530e-01 7.389756313871310711e-01
1.659199684904417993e-01 -7.263420701276076530e-01 7.389756313871310711e-01
1.658748665440857584e-01 -7.263214598736461580e-01 7.389722802168606774e-01
1.658748665440857584e-01 -7.263214598736461580e-01 7.389722802168606774e-01
1.658748665440857584e-01 -7.263214598736461580e-01 7.389722802168606774e-01
1.658748665440857584e-01 -7.263214598736461580e-01 7.389722802168606774e-01
1.659338224088482971e-01 -7.262964134912766045e-01 7.389675882836234111e-01
1.659180568644773313e-01 -7.262809928109603685e-01 7.389639749795919865e-01
1.659180568644773313e-01 -7.262809928109603685e-01 7.389639749795919865e-01
1.659180568644773313e-01 -7.262809928109603685e-01 7.389639749795919865e-01
1.659180568644773313e-01 -7.262809928109603685e-01 7.389639749795919865e-01
1.658893984679263578e-01 -7.262625611246966706e-01 7.389639751245699051e-01
1.658893984679263578e-01 -7.262625611246966706e-01 7.389639751245699051e-01
1.658770816843805063e-01 -7.262499625117414537e-01 7.389639752258267968e-01
1.658770816843805063e-01 -7.262499625117414537e-01 7.389639752258267968e-01
1.658778046363327541e-01 -7.262499174097503118e-01 7.389639752258270189e-01
1.658778046363327541e-01 -7.262499174097503118e-01 7.389639752258270189e-01
1.665437993517818183e-01 -7.301429661781044800e-01 7.389743377449721207e-01
1.666225194712008528e-01 -7.306173991490666486e-01 7.389756000044620521e-01
1.666225194712008528e-01 -7.306173991490666486e-01 7.389756000044620521e-01
1.666225194712008528e-01 -7.306173991490666486e-01 7.389756000044620521e-01
1.666225194712008528e-01 -7.306173991490666486e-01 7.389756000044620521e-01
1.671024842358605489e-01 -7.353124460183987354e-01 7.389672594072533851e-01
1.671024842358605489e-01 -7.353124460183987354e-01 7.389672594072533851e-01
1.671024842358605489e-01 -7.353124460183987354e-01 7.389672594072533851e-01
1.671024842358605489e-01 -7.353124460183987354e-01 7.389672594072533851e-01
1.679756133093583403e-01 -7.420119222084198274e-01 7.389646610466853449e-01
1.682667259204269072e-01 -7.441204362000866102e-01 7.389638427959033251e-01
1.685026040428551086e-01 -7.458215821015822256e-01 7.389652345498032293e-01
1.688054470615767411e-01 -7.481813169377906636e-01 7.389671640469668290e-01
1.688054470615767411e-01 -7.481813169377906636e-01 7.389671640469668290e-01
1.688054470615767411e-01 -7.481813169377906636e-01 7.389671640469668290e-01
1.698543723719318499e-01 -7.561549181677253983e-01 7.389803127945507866e-01
1.698543723719318499e-01 -7.561549181677253983e-01 7.389803127945507866e-01
1.702462781492792288e-01 -7.592219941506295200e-01 7.389853689410129656e-01
1.702462781492792288e-01 -7.592219941506295200e-01 7.389853689410129656e-01
1.702462781492792288e-01 -7.592219941506295200e-01 7.389853689410129656e-01
1.714497212803262061e-01 -7.674517062391194022e-01 7.389774542393913181e-01
1.717512901943966941e-01 -7.696828701810877194e-01 7.389753105462780747e-01
1.717512901943966941e-01 -7.696828701810877194e-01 7.389753105462780747e-01
1.717512901943966941e-01 -7.696828701810877194e-01 7.389753105462780747e-01
1.725886003061817275e-01 -7.761517837325108138e-01 7.389803519732290882e-01
1.728745703956440227e-01 -7.781079167156105258e-01 7.389818779502197454e-01
1.730471523213697183e-01 -7.792040059548681619e-01 7.389803694895364927e-01
1.732093021651812115e-01 -7.805052928155880032e-01 7.389785816851222044e-01
1.732093021651812115e-01 -7.805052928155880032e-01 7.389785816851222044e-01
1.732093021651812115e-01 -7.805052928155880032e-01 7.389785816851222044e-01
1.732093021651812115e-01 -7.805052928155880032e-01 7.389785816851222044e-01
1.736383068366918192e-01 -7.840601542931305845e-01 7.389668985067650020e-01
1.736383068366918192e-01 -7.840601542931305845e-01 7.389668985067650020e-01
1.736383068366918192e-01 -7.840601542931305845e-01 7.389668985067650020e-01
1.736383068366918192e-01 -7.840601542931305845e-01 7.389668985067650020e-01
1.739130560493604982e-01 -7.856143359719813812e-01 7.389737707155683566e-01
1.739413839924929817e-01 -7.859373879639940386e-01 7.389751900773096072e-01
1.739181573035287753e-01 -7.859418269640611188e-01 7.389828478755265939e-01
1.739184231066373543e-01 -7.859438475918071321e-01 7.389885225713928030e-01
1.739184231066373543e-01 -7.859438475918071321e-01 7.389885225713928030e-01
1.739184231066373543e-01 -7.859438475918071321e-01 7.389885225713928030e-01
1.739184231066373543e-01 -7.859438475918071321e-01 7.389885225713928030e-01
1.739478251461385461e-01 -7.859148607304349277e-01 7.389759371118537201e-01
1.739444093026605298e-01 -7.859064115422169650e-01 7.389718389598995962e-01
1.739444093026605298e-01 -7.859064115422169650e-01 7.389718389598995962e-01
1.739444093026605298e-01 -7.859064115422169650e-01 7.389718389598995962e-01
1.739238554881250010e-01 -7.858299926118319512e-01 7.389772201107970284e-01
1.739008864184243830e-01 -7.858124514222115664e-01 7.389785423643840945e-01
1.738731950697480766e-01 -7.857967810983428336e-01 7.389728388842535800e-01
1.738805903805281661e-01 -7.857780688142189662e-01 7.389668857721205519e-01
1.738805903805281661e-01 -7.857780688142189662e-01 7.389668857721205519e-01
1.738805903805281661e-01 -7.857780688142189662e-01 7.389668857721205519e-01
1.738930404937937269e-01 -7.857509043353613221e-01 7.389668859617587460e-01
1.738930404937937269e-01 -7.857509043353613221e-01 7.389668859617587460e-01
1.738917216734781890e-01 -7.857408794933870011e-01 7.389668860360399938e-01
1.738917216734781890e-01 -7.857408794933870011e-01 7.389668860360399938e-01
1.738917216734781890e-01 -7.857408794933870011e-01 7.389668860360399938e-01
1.738663661325299259e-01 -7.857342866740453236e-01 7.389828578611832288e-01
1.738562353771185287e-01 -7.857327679150826194e-01 7.389885241545253169e-01
1.738562353771185287e-01 -7.857327679150826194e-01 7.389885241545253169e-01
1.738562353771185287e-01 -7.857327679150826194e-01 7.389885241545253169e-01
1.738488756326522222e-01 -7.857263934500759994e-01 7.389668861677113343e-01
1.738488756326522222e-01 -7.857263934500759994e-01 7.389668861677113343e-01
1.738445734985207825e-01 -7.857256660128179027e-01 7.389677337724717132e-01
1.738445734985207825e-01 -7.857256660128179027e-01 7.389677337724717132e-01
1.738120073355369499e-01 -7.857186020334410159e-01 7.389751917571288908e-01
1.737864484127402409e-01 -7.857242931473056302e-01 7.389689870488657109e-01
1.738034389559525439e-01 -7.857242100115523487e-01 7.389668862117301229e-01
1.738034389559525439e-01 -7.857242100115523487e-01 7.389668862117301229e-01
1.738034389559525439e-01 -7.857242100115523487e-01 7.389668862117301229e-01
1.738764569629439594e-01 -7.857232028143625868e-01 7.389612578720300418e-01
1.738655791863786826e-01 -7.857250543150204880e-01 7.389601834754059295e-01
1.738431979731403509e-01 -7.857152058382983473e-01 7.389642559124959265e-01
1.738358904159839069e-01 -7.857080806125233963e-01 7.389668863086095163e-01
1.738358904159839069e-01 -7.857080806125233963e-01 7.389668863086095163e-01
1.738358904159839069e-01 -7.857080806125233963e-01 7.389668863086095163e-01
1.738812446766908604e-01 -7.857232445322325232e-01 7.389734288037780319e-01
1.738812446766908604e-01 -7.857232445322325232e-01 7.389734288037780319e-01
1.738727714846882710e-01 -7.857289342755662265e-01 7.389751916425655320e-01
1.738597135011867023e-01 -7.857200216085954425e-01 7.389706502486760309e-01
1.738403085412698335e-01 -7.857134431347583270e-01 7.389668862645903946e-01
1.738148991594282156e-01 -7.857225453236037493e-01 7.389722886900682575e-01
1.738389885421975367e-01 -7.857246144364253837e-01 7.389751916954260258e-01
1.738878599456229745e-01 -7.857167693788769114e-01 7.389751917276607962e-01
1.738840395569103969e-01 -7.857153716218039374e-01 7.389751917394449254e-01
1.738754867867560450e-01 -7.857158276297551147e-01 7.389730672611956042e-01
1.738741825834419774e-01 -7.857157579741520514e-01 7.389718403932920010e-01
1.738741825834419774e-01 -7.857157579741520514e-01 7.389718403932920010e-01
1.738741825834419774e-01 -7.857157579741520514e-01 7.389718403932920010e-01
1.738876507325204934e-01 -7.857151790682810333e-01 7.389718403932922230e-01
1.738929674952119919e-01 -7.857147443540504206e-01 7.389718403932923341e-01
1.738929674952119919e-01 -7.857147443540504206e-01 7.389718403932923341e-01
1.738929674952119919e-01 -7.857147443540504206e-01 7.389718403932923341e-01
1.738929674952119919e-01 -7.857147443540504206e-01 7.389718403932923341e-01
1.738308205989750055e-01 -7.857194775174198842e-01 7.389745870623619650e-01
1.738541840591924514e-01 -7.857175686841885165e-01 7.389751917394449254e-01
1.738877941559022478e-01 -7.857110253086881935e-01 7.389786824115712749e-01
1.738599142863795355e-01 -7.857098898156095190e-01 7.389818216292597386e-01
1.738034341759218671e-01 -7.857106154706390289e-01 7.389808471643394272e-01
1.736982391673244086e-01 -7.857096290571388142e-01 7.389785428517484656e-01
1.736982391673244086e-01 -7.857096290571388142e-01 7.389785428517484656e-01
1.736982391673244086e-01 -7.857096290571388142e-01 7.389785428517484656e-01
1.736982391673244086e-01 -7.857096290571388142e-01 7.389785428517484656e-01
1.738623763581806925e-01 -7.857162389070431185e-01 7.389815844025651170e-01
1.738678148316731287e-01 -7.857170541245616091e-01 7.389818215763990228e-01
1.737487455486809995e-01 -7.857125365887435153e-01 7.389769383391766588e-01
1.737487455486809995e-01 -7.857125365887435153e-01 7.389769383391766588e-01
1.737487455486809995e-01 -7.857125365887435153e-01 7.389769383391766588e-01
1.737487455486809995e-01 -7.857125365887435153e-01 7.389769383391766588e-01
1.744042302096731611e-01 -7.898555144861791888e-01 7.389751610513601854e-01
1.744450531501832713e-01 -7.901083234858155002e-01 7.389751591955973087e-01
1.744450531668617632e-01 -7.901083234640849939e-01 7.389698859332548553e-01
1.744450531668617632e-01 -7.901083234640849939e-01 7.389698859332548553e-01
1.744525253472478665e-01 -7.901079205382380843e-01 7.389668536855670267e-01
1.744525253472478665e-01 -7.901079205382380843e-01 7.389668536855670267e-01
1.744525253472478665e-01 -7.901079205382380843e-01 7.389668536855670267e-01
1.744330712077939993e-01 -7.901069497133134112e-01 7.389763590269620153e-01
1.744234155387759666e-01 -7.901069471198705063e-01 7.389785105680848343e-01
1.744035509547525731e-01 -7.900752627609670675e-01 7.389824864904033230e-01
1.744194612952211787e-01 -7.900517448119662722e-01 7.389851408096641538e-01
1.744194612952211787e-01 -7.900517448119662722e-01 7.389851408096641538e-01
1.744194612952211787e-01 -7.900517448119662722e-01 7.389851408096641538e-01
1.741064947758486081e-01 -7.874356500323070884e-01 7.389818495716299340e-01
1.741064947758486081e-01 -7.874356500323070884e-01 7.389818495716299340e-01
1.741064947758486081e-01 -7.874356500323070884e-01 7.389818495716299340e-01
1.741064947758486081e-01 -7.874356500323070884e-01 7.389818495716299340e-01
1.734055066841826420e-01 -7.821483704915253021e-01 7.389686384963283228e-01
1.734055066841826420e-01 -7.821483704915253021e-01 7.389686384963283228e-01
1.733165760866357541e-01 -7.814613888846004830e-01 7.389669177545726830e-01
1.730063582307408976e-01 -7.790721479026135876e-01 7.389701639545562806e-01
1.728515891134065341e-01 -7.777947925402178830e-01 7.389718990762095263e-01
1.728515891134065341e-01 -7.777947925402178830e-01 7.389718990762095263e-01
1.728515891134065341e-01 -7.777947925402178830e-01 7.389718990762095263e-01
1.716764385894127276e-01 -7.691550593747890074e-01 7.389819443019884915e-01
1.716764385894127276e-01 -7.691550593747890074e-01 7.389819443019884915e-01
1.716764385894127276e-01 -7.691550593747890074e-01 7.389819443019884915e-01
1.716764385894127276e-01 -7.691550593747890074e-01 7.389819443019884915e-01
1.700055146196987887e-01 -7.563022622409452111e-01 7.389789838605541616e-01
1.700055146196987887e-01 -7.563022622409452111e-01 7.389789838605541616e-01
1.698712254654846099e-01 -7.553659523238460682e-01 7.389787679785971841e-01
1.698712254654846099e-01 -7.553659523238460682e-01 7.389787679785971841e-01
1.698712254654846099e-01 -7.553659523238460682e-01 7.389787679785971841e-01
1.691674532865423131e-01 -7.503506758346102368e-01 7.389721024701089158e-01
1.691674532865423131e-01 -7.503506758346102368e-01 7.389721024701089158e-01
1.677827543488620565e-01 -7.394725151750994874e-01 7.389721830466741137e-01
1.677827543488620565e-01 -7.394725151750994874e-01 7.389721830466741137e-01
1.677827543488620565e-01 -7.394725151750994874e-01 7.389721830466741137e-01
1.677827543488620565e-01 -7.394725151750994874e-01 7.389721830466741137e-01
1.663009382370085054e-01 -7.291086428916259132e-01 7.389722595589824916e-01
1.663009382370085054e-01 -7.291086428916259132e-01 7.389722595589824916e-01
1.657285274840615275e-01 -7.250097702633739871e-01 7.389809054107083774e-01
1.657285274840615275e-01 -7.250097702633739871e-01 7.389809054107083774e-01
1.656585870275452399e-01 -7.245040931046478061e-01 7.389822748521183149e-01
1.656585870275452399e-01 -7.245040931046478061e-01 7.389822748521183149e-01
1.656585870275452399e-01 -7.245040931046478061e-01 7.389822748521183149e-01
1.649531713125984844e-01 -7.190511336016899291e-01 7.389657362376703675e-01
1.649531713125984844e-01 -7.190511336016899291e-01 7.389657362376703675e-01
1.649531713125984844e-01 -7.190511336016899291e-01 7.389657362376703675e-01
1.648783170575607582e-01 -7.184898286846483906e-01 7.389640327125531760e-01
1.644531272721148629e-01 -7.154008175085794230e-01 7.389723611239915613e-01
1.644531272721148629e-01 -7.154008175085794230e-01 7.389723611239915613e-01
1.643688955875506896e-01 -7.144999232839086556e-01 7.389675541404453485e-01
1.643688955875506896e-01 -7.144999232839086556e-01 7.389675541404453485e-01
1.643688955875506896e-01 -7.144999232839086556e-01 7.389675541404453485e-01
1.643688955875506896e-01 -7.144999232839086556e-01 7.389675541404453485e-01
1.643688955875506896e-01 -7.144999232839086556e-01 7.389675541404453485e-01
1.643688955875506896e-01 -7.144999232839086556e-01 7.389675541404453485e-01
1.643267302055948509e-01 -7.141793354741561295e-01 7.389823513391813314e-01
1.643143087638885835e-01 -7.140848938307396976e-01 7.389823520389646738e-01
1.643058342214872014e-01 -7.140742396720798357e-01 7.389823521219053282e-01
1.642854073876328092e-01 -7.140895082710411179e-01 7.389801496262758951e-01
1.642854073876328092e-01 -7.140895082710411179e-01 7.389801496262758951e-01
1.642930117749055452e-01 -7.140955377328686016e-01 7.389790734815558926e-01
1.642930117749055452e-01 -7.140955377328686016e-01 7.389790734815558926e-01
1.643028059523819751e-01 -7.141679810052463662e-01 7.389819192496088762e-01
1.643028059523819751e-01 -7.141679810052463662e-01 7.389819192496088762e-01
1.642964609836566059e-01 -7.141793551458768263e-01 7.389823513566731172e-01
1.642964609836566059e-01 -7.141793551458768263e-01 7.389823513566731172e-01
1.642964609836566059e-01 -7.141793551458768263e-01 7.389823513566731172e-01
1.642949028507136311e-01 -7.142156513692280440e-01 7.389764160427270134e-01
1.642915392013829246e-01 -7.142201307804555421e-01 7.389757212206231607e-01
1.642915392013829246e-01 -7.142201307804555421e-01 7.389757212206231607e-01
1.642915392013829246e-01 -7.142201307804555421e-01 7.389757212206231607e-01
1.643124810237808486e-01 -7.141787766708738161e-01 7.389728151196852668e-01
1.642970890703629450e-01 -7.141739080574297516e-01 7.389723702089348034e-01
1.642970890703629450e-01 -7.141739080574297516e-01 7.389723702089348034e-01
1.642970890703629450e-01 -7.141739080574297516e-01 7.389723702089348034e-01
1.637733030531068334e-01 -7.101509470004545577e-01 7.389653610193913646e-01
1.636786292981531887e-01 -7.094267670004220649e-01 7.389640998774710257e-01
1.636786292981531887e-01 -7.094267670004220649e-01 7.389640998774710257e-01
1.635329124026685677e-01 -7.083133844238773680e-01 7.389628453675080033e-01
1.633033361792713134e-01 -7.064715071726630491e-01 7.389607704210670036e-01
1.633033361792713134e-01 -7.064715071726630491e-01 7.389607704210670036e-01
1.633033361792713134e-01 -7.064715071726630491e-01 7.389607704210670036e-01
1.623015280409444705e-01 -6.988177903001880908e-01 7.389758353311118855e-01
1.623015280409444705e-01 -6.988177903001880908e-01 7.389758353311118855e-01
1.623015280409444705e-01 -6.988177903001880908e-01 7.389758353311118855e-01
1.623015280409444705e-01 -6.988177903001880908e-01 7.389758353311118855e-01
1.613954020173739845e-01 -6.922331668839666330e-01 7.389673746068237126e-01
1.610778323842575188e-01 -6.897963023607309729e-01 7.389642453407510025e-01
1.603551406672926172e-01 -6.842349782717066509e-01 7.389675380368408986e-01
1.603551406672926172e-01 -6.842349782717066509e-01 7.389675380368408986e-01
1.603551406672926172e-01 -6.842349782717066509e-01 7.389675380368408986e-01
1.597221434307727339e-01 -6.791315943608299266e-01 7.389725952449189839e-01
1.597221434307727339e-01 -6.791315943608299266e-01 7.389725952449189839e-01
1.597221434307727339e-01 -6.791315943608299266e-01 7.389725952449189839e-01
1.597221434307727339e-01 -6.791315943608299266e-01 7.389725952449189839e-01
1.581710438257283025e-01 -6.676242708097983591e-01 7.389621361408383882e-01
1.581710438257283025e-01 -6.676242708097983591e-01 7.389621361408383882e-01
1.580196283500883148e-01 -6.664549408665033647e-01 7.389610669412597366e-01
1.580196283500883148e-01 -6.664549408665033647e-01 7.389610669412597366e-01
1.573556140889574850e-01 -6.610576592795924800e-01 7.389733199957327914e-01
1.571772787188463472e-01 -6.598240852413906898e-01 7.389761242618407833e-01
1.571772787188463472e-01 -6.598240852413906898e-01 7.389761242618407833e-01
1.569962789299421124e-01 -6.586060603902773591e-01 7.389777526818951392e-01
1.568375202668030322e-01 -6.573010675688815141e-01 7.389794943053349385e-01
1.565429606260818896e-01 -6.549610293456981092e-01 7.389611520910521758e-01
1.565429606260818896e-01 -6.549610293456981092e-01 7.389611520910521758e-01
1.565429606260818896e-01 -6.549610293456981092e-01 7.389611520910521758e-01
1.565429606260818896e-01 -6.549610293456981092e-01 7.389611520910521758e-01
1.561882438154682529e-01 -6.524742188559402578e-01 7.389644045983979614e-01
1.561882438154682529e-01 -6.524742188559402578e-01 7.389644045983979614e-01
1.562531477315188821e-01 -6.522299717637713989e-01 7.389645239203765925e-01
1.562531477315188821e-01 -6.522299717637713989e-01 7.389645239203765925e-01
1.562827237446068607e-01 -6.521838201097966969e-01 7.389645243298197386e-01
1.562827237446068607e-01 -6.521838201097966969e-01 7.389645243298197386e-01
1.562827237446068607e-01 -6.521838201097966969e-01 7.389645243298197386e-01
1.561933629816787683e-01 -6.521910130359586111e-01 7.389725603964847345e-01
1.561933629816787683e-01 -6.521910130359586111e-01 7.389725603964847345e-01
1.561933629816787683e-01 -6.521910130359586111e-01 7.389725603964847345e-01
1.561933629816787683e-01 -6.521910130359586111e-01 7.389725603964847345e-01
1.561494327685996053e-01 -6.522091025708108836e-01 7.389761806968844216e-01
1.561494327685996053e-01 -6.522091025708108836e-01 7.389761806968844216e-01
1.561434500983097939e-01 -6.522157297402724208e-01 7.389761806563778235e-01
1.561434500983097939e-01 -6.522157297402724208e-01 7.389761806563778235e-01
1.560800623380860785e-01 -6.514323156958002903e-01 7.389653883460937100e-01
1.560800623380860785e-01 -6.514323156958002903e-01 7.389653883460937100e-01
1.560800623380860785e-01 -6.514323156958002903e-01 7.389653883460937100e-01
1.560707608661172918e-01 -6.513702979357165468e-01 7.389645300409828366e-01
1.560707608661172918e-01 -6.513702979357165468e-01 7.389645300409828366e-01
1.555734985431090345e-01 -6.476637756473289098e-01 7.389724377239381692e-01
1.555734985431090345e-01 -6.476637756473289098e-01 7.389724377239381692e-01
1.552096480763475173e-01 -6.450657027190636050e-01 7.389760899698900598e-01
1.552096480763475173e-01 -6.450657027190636050e-01 7.389760899698900598e-01
1.551946441360465001e-01 -6.449582974256862222e-01 7.389762344234365177e-01
1.551946441360465001e-01 -6.449582974256862222e-01 7.389762344234365177e-01
1.543058018219957694e-01 -6.380704566119175247e-01 7.389683254477562580e-01
1.543058018219957694e-01 -6.380704566119175247e-01 7.389683254477562580e-01
1.542724039532849256e-01 -6.377713974326204571e-01 7.389679821561381257e-01
1.542724039532849256e-01 -6.377713974326204571e-01 7.389679821561381257e-01
1.542722018824411456e-01 -6.377714240735400386e-01 7.389679821561379036e-01
1.531787810211124590e-01 -6.295098771373666136e-01 7.389680433782180868e-01
1.529386473487993614e-01 -6.276905637541956295e-01 7.389680568578512743e-01
1.529386473487993614e-01 -6.276905637541956295e-01 7.389680568578512743e-01
1.529386473487993614e-01 -6.276905637541956295e-01 7.389680568578512743e-01
1.515459565872287750e-01 -6.168561079086201104e-01 7.389647953738468500e-01
1.515459565872287750e-01 -6.168561079086201104e-01 7.389647953738468500e-01
1.515459565872287750e-01 -6.168561079086201104e-01 7.389647953738468500e-01
1.515459565872287750e-01 -6.168561079086201104e-01 7.389647953738468500e-01
1.510807984712865815e-01 -6.133620077603664233e-01 7.389648116718293691e-01
1.510807984712865815e-01 -6.133620077603664233e-01 7.389648116718293691e-01
1.496583858653314780e-01 -6.030064531007393036e-01 7.389753489190197255e-01
1.496583858653314780e-01 -6.030064531007393036e-01 7.389753489190197255e-01
1.495066862580237688e-01 -6.018216377381389037e-01 7.389765540559037893e-01
1.495066862580237688e-01 -6.018216377381389037e-01 7.389765540559037893e-01
1.495066862580237688e-01 -6.018216377381389037e-01 7.389765540559037893e-01
1.488627429148354497e-01 -5.960223029538858075e-01 7.389627336575411709e-01
1.488627429148354497e-01 -5.960223029538858075e-01 7.389627336575411709e-01
1.484186118344376359e-01 -5.932377836432835005e-01 7.389616094627130538e-01
1.484186118344376359e-01 -5.932377836432835005e-01 7.389616094627130538e-01
1.484001099289754266e-01 -5.931420034368171113e-01 7.389616101600626763e-01
1.484001099289754266e-01 -5.931420034368171113e-01 7.389616101600626763e-01
1.480294345231362163e-01 -5.906532698400865922e-01 7.389648024422466044e-01
1.480294345231362163e-01 -5.906532698400865922e-01 7.389648024422466044e-01
1.480970488709448807e-01 -5.901531189772784014e-01 7.389714951064504378e-01
1.480970488709448807e-01 -5.901531189772784014e-01 7.389714951064504378e-01
1.480970488709448807e-01 -5.901531189772784014e-01 7.389714951064504378e-01
1.481099940602920162e-01 -5.900543985285489068e-01 7.389732901954257915e-01
1.481099940602920162e-01 -5.900543985285489068e-01 7.389732901954257915e-01
1.480138061440914032e-01 -5.900372976724299612e-01 7.389649844953728453e-01
1.480138061440914032e-01 -5.900372976724299612e-01 7.389649844953728453e-01
1.480138061440914032e-01 -5.900372976724299612e-01 7.389649844953728453e-01
1.480138061440914032e-01 -5.900372976724299612e-01 7.389649844953728453e-01
1.479908396756543787e-01 -5.900715702177988797e-01 7.389683356040356310e-01
1.479908396756543787e-01 -5.900715702177988797e-01 7.389683356040356310e-01
1.479908396756543787e-01 -5.900715702177988797e-01 7.389683356040356310e-01
1.479908396756543787e-01 -5.900715702177988797e-01 7.389683356040356310e-01
1.479908396756543787e-01 -5.900715702177988797e-01 7.389683356040356310e-01
1.480352407317060137e-01 -5.900898856238000478e-01 7.389683356345599918e-01
1.480352407317060137e-01 -5.900898856238000478e-01 7.389683356345599918e-01
1.480932647607587638e-01 -5.901070438131423845e-01 7.389683356621951082e-01
1.480932647607587638e-01 -5.901070438131423845e-01 7.389683356621951082e-01
1.480934046213430166e-01 -5.901070325761537116e-01 7.389683356621951082e-01
1.480934046213430166e-01 -5.901070325761537116e-01 7.389683356621951082e-01
1.480242737966297739e-01 -5.901327774495310763e-01 7.389799919940837070e-01
1.480242737966297739e-01 -5.901327774495310763e-01 7.389799919940837070e-01
1.480242737966297739e-01 -5.901327774495310763e-01 7.389799919940837070e-01
1.480242737966297739e-01 -5.901327774495310763e-01 7.389799919940837070e-01
1.480191042242629818e-01 -5.901509364517678602e-01 7.389744539382030464e-01
1.480169806334018234e-01 -5.901709105587609194e-01 7.389683348565848631e-01
1.480169806334018234e-01 -5.901709105587609194e-01 7.389683348565848631e-01
1.480207313511153755e-01 -5.902029588989774478e-01 7.389683346191487923e-01
1.480207313511153755e-01 -5.902029588989774478e-01 7.389683346191487923e-01
1.480171404756608911e-01 -5.902118795931236006e-01 7.389683345575847051e-01
1.480171404756608911e-01 -5.902118795931236006e-01 7.389683345575847051e-01
1.480171404493917930e-01 -5.902118796273492229e-01 7.389766400676150981e-01
1.480171404493917930e-01 -5.902118796273492229e-01 7.389766400676150981e-01
1.480171404493917930e-01 -5.902118796273492229e-01 7.389766400676150981e-01
1.480171404493917930e-01 -5.902118796273492229e-01 7.389766400676150981e-01
1.479854168390170033e-01 -5.902390229484442141e-01 7.389766398794240798e-01
1.479854168390170033e-01 -5.902390229484442141e-01 7.389766398794240798e-01
1.479854168390170033e-01 -5.902390229484442141e-01 7.389766398794240798e-01
1.479993628974478614e-01 -5.902390843309369695e-01 7.389766398741449693e-01
1.479993628974478614e-01 -5.902390843309369695e-01 7.389766398741449693e-01
1.480061293378805987e-01 -5.902411618322755960e-01 7.389689887195417528e-01
1.480061293378805987e-01 -5.902411618322755960e-01 7.389689887195417528e-01
1.480009439784773506e-01 -5.902413983246085349e-01 7.389683343465258680e-01
1.480009439784773506e-01 -5.902413983246085349e-01 7.389683343465258680e-01
1.480012120667511533e-01 -5.902413804020898436e-01 7.389683343465257570e-01
1.480012120667511533e-01 -5.902413804020898436e-01 7.389683343465257570e-01
1.480104598110845160e-01 -5.902404628370153672e-01 7.389683343465258680e-01
1.480104598110845160e-01 -5.902404628370153672e-01 7.389683343465258680e-01
1.480139702054081574e-01 -5.902403314595419115e-01 7.389683343465263121e-01
1.480139702054081574e-01 -5.902403314595419115e-01 7.389683343465263121e-01
1.480139702054081574e-01 -5.902403314595419115e-01 7.389683343465263121e-01
1.480247881074486238e-01 -5.902341229160369407e-01 7.389683343904487334e-01
1.480247881074486238e-01 -5.902341229160369407e-01 7.389683343904487334e-01
1.480247881074486238e-01 -5.902341229160369407e-01 7.389683343904487334e-01
1.480247881074486238e-01 -5.902341229160369407e-01 7.389683343904487334e-01
1.480262463844400911e-01 -5.902286915437495729e-01 7.389683344256250397e-01
1.480262463844400911e-01 -5.902286915437495729e-01 7.389683344256250397e-01
1.480304308880768527e-01 -5.902372890946151474e-01 7.389866210572519911e-01
1.480304308880768527e-01 -5.902372890946151474e-01 7.389866210572519911e-01
1.480347167928646457e-01 -5.902367730238478050e-01 7.389649830179616519e-01
1.480347167928646457e-01 -5.902367730238478050e-01 7.389649830179616519e-01
1.480347167928646457e-01 -5.902367730238478050e-01 7.389649830179616519e-01
1.480347167928646457e-01 -5.902367730238478050e-01 7.389649830179616519e-01
1.480347167928646457e-01 -5.902367730238478050e-01 7.389649830179616519e-01
1.480403617855214071e-01 -5.902366663221313425e-01 7.389732885279922669e-01
1.480403617855214071e-01 -5.902366663221313425e-01 7.389732885279922669e-01
1.480201469964512462e-01 -5.902347653212511869e-01 7.389732885543263130e-01
1.480201469964512462e-01 -5.902347653212511869e-01 7.389732885543263130e-01
1.480129791458638377e-01 -5.902336818327896806e-01 7.389705628646491276e-01
1.480129791458638377e-01 -5.902336818327896806e-01 7.389705628646491276e-01
1.480188637987438494e-01 -5.902284740220934411e-01 7.389664925863297373e-01
1.480189495727055604e-01 -5.902291262979197928e-01 7.389683344256251507e-01
1.480189495727055604e-01 -5.902291262979197928e-01 7.389683344256251507e-01
1.480189495727055604e-01 -5.902291262979197928e-01 7.389683344256251507e-01
1.480323230636805265e-01 -5.902280962208839021e-01 7.389662614569770804e-01
1.480323230636805265e-01 -5.902280962208839021e-01 7.389662614569770804e-01
1.480323230636805265e-01 -5.902280962208839021e-01 7.389662614569770804e-01
1.480173709628972989e-01 -5.902278888786003375e-01 7.389649830970607125e-01
1.480173709628972989e-01 -5.902278888786003375e-01 7.389649830970607125e-01
1.479948567856966268e-01 -5.902313359976311125e-01 7.389616317333196349e-01
1.479948567856966268e-01 -5.902313359976311125e-01 7.389616317333196349e-01
1.479948352835661063e-01 -5.902311725095150674e-01 7.389631221127496152e-01
1.480054945543369804e-01 -5.902277691614442601e-01 7.389832697901982383e-01
1.480054945543369804e-01 -5.902277691614442601e-01 7.389832697901982383e-01
1.480054945543369804e-01 -5.902277691614442601e-01 7.389832697901982383e-01
1.480297537547762277e-01 -5.902318968346713657e-01 7.389759214031599299e-01
1.480213387412024628e-01 -5.902341832339612626e-01 7.389732885543264240e-01
1.480213387412024628e-01 -5.902341832339612626e-01 7.389732885543264240e-01
1.480213387412024628e-01 -5.902341832339612626e-01 7.389732885543264240e-01
1.480213387412024628e-01 -5.902341832339612626e-01 7.389732885543264240e-01
1.480088318616629428e-01 -5.902326376500973693e-01 7.389766399180671685e-01
1.480088318616629428e-01 -5.902326376500973693e-01 7.389766399180671685e-01
1.480048669985347398e-01 -5.902315626368225265e-01 7.389749069609269361e-01
1.480048669985347398e-01 -5.902315626368225265e-01 7.389749069609269361e-01
1.480169369816369818e-01 -5.902249399377739181e-01 7.389683344608015680e-01
1.480169369816369818e-01 -5.902249399377739181e-01 7.389683344608015680e-01
1.481697895179391877e-01 -5.902199973084968354e-01 7.389683347915302347e-01
1.481697895179391877e-01 -5.902199973084968354e-01 7.389683347915302347e-01
1.481697895179391877e-01 -5.902199973084968354e-01 7.389683347915302347e-01
1.481697895179391877e-01 -5.902199973084968354e-01 7.389683347915302347e-01
1.481697895179391877e-01 -5.902199973084968354e-01 7.389683347915302347e-01
1.480231760850934664e-01 -5.902246497584922036e-01 7.389649831146489767e-01
1.480231760850934664e-01 -5.902246497584922036e-01 7.389649831146489767e-01
1.480231760850934664e-01 -5.902246497584922036e-01 7.389649831146489767e-01
1.480231760850934664e-01 -5.902246497584922036e-01 7.389649831146489767e-01
1.480037461359549888e-01 -5.902230389018252588e-01 7.389670217844008793e-01
1.480203855176058791e-01 -5.902200503356449524e-01 7.389683344959778744e-01
1.480283515478374445e-01 -5.902212368510232343e-01 7.389736963349067267e-01
1.480077054028267336e-01 -5.902253283575716880e-01 7.389832698077861695e-01
1.479934329547019090e-01 -5.902239998640581575e-01 7.389754668045335206e-01
1.480190803875410799e-01 -5.902199832725758544e-01 7.389649831498257271e-01
1.480283764895556631e-01 -5.902214262374965159e-01 7.389656515689123628e-01
1.480293763115678174e-01 -5.902290272050745301e-01 7.389683344256250397e-01
1.480293763115678174e-01 -5.902290272050745301e-01 7.389683344256250397e-01
1.480293763115678174e-01 -5.902290272050745301e-01 7.389683344256250397e-01
1.480293763115678174e-01 -5.902290272050745301e-01 7.389683344256250397e-01
1.480914452430155959e-01 -5.902204327479185775e-01 7.389683346474447134e-01
1.481660863328664590e-01 -5.902122870346148131e-01 7.389683348530408091e-01
1.481121715591308119e-01 -5.902166225732599081e-01 7.389706050112373470e-01
1.480351025126429021e-01 -5.902218553248944621e-01 7.389732886421717106e-01
1.480276439348783002e-01 -5.902158572598499298e-01 7.389685840125036487e-01
1.480203890819836721e-01 -5.902120908910233332e-01 7.389649832114320027e-01
1.480203890819836721e-01 -5.902120908910233332e-01 7.389649832114320027e-01
1.480203890819836721e-01 -5.902120908910233332e-01 7.389649832114320027e-01
1.480203890819836721e-01 -5.902120908910233332e-01 7.389649832114320027e-01
1.480100252187528387e-01 -5.902204870252565350e-01 7.389683344959776523e-01
1.480100252187528387e-01 -5.902204870252565350e-01 7.389683344959776523e-01
1.480100252187528387e-01 -5.902204870252565350e-01 7.389683344959776523e-01
1.480100252187528387e-01 -5.902204870252565350e-01 7.389683344959776523e-01
1.480562704466432955e-01 -5.902186956516901617e-01 7.389729167520940889e-01
1.480305895673664773e-01 -5.902193195641254331e-01 7.389766400060088225e-01
1.480305895673664773e-01 -5.902193195641254331e-01 7.389766400060088225e-01
1.480305895673664773e-01 -5.902193195641254331e-01 7.389766400060088225e-01
1.480515903940429201e-01 -5.902193081481887926e-01 7.389743761280239687e-01
1.480515903940429201e-01 -5.902193081481887926e-01 7.389743761280239687e-01
1.480331328207847019e-01 -5.902200270877000499e-01 7.389732886598560091e-01
1.480331328207847019e-01 -5.902200270877000499e-01 7.389732886598560091e-01
1.480331328207847019e-01 -5.902200270877000499e-01 7.389732886598560091e-01
1.480293362566538762e-01 -5.902111619545078458e-01 7.389732887214629509e-01
1.480293362566538762e-01 -5.902111619545078458e-01 7.389732887214629509e-01
1.480451913621101678e-01 -5.902138353014479977e-01 7.389712903540255340e-01
1.480430562308589215e-01 -5.902191603729547431e-01 7.389683344959779854e-01
1.480411604331600406e-01 -5.902194082475731296e-01 7.389717051659714375e-01
1.480125183710030712e-01 -5.902208743278695158e-01 7.389766400060087115e-01
1.480125183710030712e-01 -5.902208743278695158e-01 7.389766400060087115e-01
1.480125183710030712e-01 -5.902208743278695158e-01 7.389766400060087115e-01
1.476276739533533000e-01 -5.871916826400701561e-01 7.389789789264238351e-01
1.474478439281744213e-01 -5.858384214090658348e-01 7.389800238168137136e-01
1.474478439281744213e-01 -5.858384214090658348e-01 7.389800238168137136e-01
1.474478439281744213e-01 -5.858384214090658348e-01 7.389800238168137136e-01
1.474478439281744213e-01 -5.858384214090658348e-01 7.389800238168137136e-01
1.475151077949714840e-01 -5.863359754733726836e-01 7.389745037337502875e-01
1.475151077949714840e-01 -5.863359754733726836e-01 7.389745037337502875e-01
1.475291736673570719e-01 -5.864429015908015907e-01 7.389733166479683923e-01
1.475291736673570719e-01 -5.864429015908015907e-01 7.389733166479683923e-01
1.477970445673036093e-01 -5.886229393638665597e-01 7.389733005010155065e-01
1.477970445673036093e-01 -5.886229393638665597e-01 7.389733005010155065e-01
1.485208735065775831e-01 -5.940055969978959016e-01 7.389693718376059151e-01
1.485208735065775831e-01 -5.940055969978959016e-01 7.389693718376059151e-01
1.487112568073448993e-01 -5.954808309794806798e-01 7.389682955130270070e-01
1.487112568073448993e-01 -5.954808309794806798e-01 7.389682955130270070e-01
1.487112568073448993e-01 -5.954808309794806798e-01 7.389682955130270070e-01
1.494738621140649926e-01 -6.012408223165035537e-01 7.389732069964312089e-01
1.494738621140649926e-01 -6.012408223165035537e-01 7.389732069964312089e-01
1.498727528621182914e-01 -6.044673236627333690e-01 7.389682289374581714e-01
1.498727528621182914e-01 -6.044673236627333690e-01 7.389682289374581714e-01
1.498727528621182914e-01 -6.044673236627333690e-01 7.389682289374581714e-01
1.498727528621182914e-01 -6.044673236627333690e-01 7.389682289374581714e-01
1.505416738623494566e-01 -6.093699736337500061e-01 7.389753189062426841e-01
1.512120196372581105e-01 -6.147465411925573386e-01 7.389830881229069171e-01
1.512120196372581105e-01 -6.147465411925573386e-01 7.389830881229069171e-01
1.512120196372581105e-01 -6.147465411925573386e-01 7.389830881229069171e-01
1.521200612457478951e-01 -6.214603072217114166e-01 7.389775338569215535e-01
1.528674185685010567e-01 -6.269183927145437485e-01 7.389730167243097059e-01
1.528674185685010567e-01 -6.269183927145437485e-01 7.389730167243097059e-01
1.532364594825895154e-01 -6.297826701859496890e-01 7.389729955029138431e-01
1.532364594825895154e-01 -6.297826701859496890e-01 7.389729955029138431e-01
1.532364594825895154e-01 -6.297826701859496890e-01 7.389729955029138431e-01
1.532364594825895154e-01 -6.297826701859496890e-01 7.389729955029138431e-01
1.539776722292121036e-01 -6.355839406230263666e-01 7.389774768746099065e-01
1.543548092770720692e-01 -6.383752347285936990e-01 7.389796345395839294e-01
1.543548092770720692e-01 -6.383752347285936990e-01 7.389796345395839294e-01
1.543548092770720692e-01 -6.383752347285936990e-01 7.389796345395839294e-01
1.547054653489404186e-01 -6.413586159391794217e-01 7.389774539329265757e-01
1.547054653489404186e-01 -6.413586159391794217e-01 7.389774539329265757e-01
1.549265713314376125e-01 -6.430062933022646643e-01 7.389762488942761554e-01
1.549265713314376125e-01 -6.430062933022646643e-01 7.389762488942761554e-01
1.549265713314376125e-01 -6.430062933022646643e-01 7.389762488942761554e-01
1.552144293467247471e-01 -6.449871495666322785e-01 7.389789525283625427e-01
1.552986211853505660e-01 -6.454468794437600021e-01 7.389795821321485381e-01
1.552986211853505660e-01 -6.454468794437600021e-01 7.389795821321485381e-01
1.552986211853505660e-01 -6.454468794437600021e-01 7.389795821321485381e-01
1.552576752169491647e-01 -6.454672349572442291e-01 7.389819959132222227e-01
1.553120133773088496e-01 -6.454700833860844700e-01 7.389828604471643247e-01
1.553120133773088496e-01 -6.454700833860844700e-01 7.389828604471643247e-01
1.553120133773088496e-01 -6.454700833860844700e-01 7.389828604471643247e-01
1.552703551267557436e-01 -6.454509531126473298e-01 7.389755243733308054e-01
1.552907636136638958e-01 -6.454422206331481560e-01 7.389728794751159180e-01
1.552907636136638958e-01 -6.454422206331481560e-01 7.389728794751159180e-01
1.552622160229468196e-01 -6.454143384782590198e-01 7.389679255310427353e-01
1.552622160229468196e-01 -6.454143384782590198e-01 7.389679255310427353e-01
1.552622160229468196e-01 -6.454143384782590198e-01 7.389679255310427353e-01
1.552622160229468196e-01 -6.454143384782590198e-01 7.389679255310427353e-01
1.552819014311198065e-01 -6.453776988888674238e-01 7.389718234084871051e-01
1.552666354529988468e-01 -6.453684425238689348e-01 7.389728800291930355e-01
1.552666354529988468e-01 -6.453684425238689348e-01 7.389728800291930355e-01
1.552666354529988468e-01 -6.453684425238689348e-01 7.389728800291930355e-01
1.552686185181043066e-01 -6.453457365787421685e-01 7.389830273018399565e-01
1.552590783361095517e-01 -6.453392673755921072e-01 7.389862127782579337e-01
1.552590783361095517e-01 -6.453392673755921072e-01 7.389862127782579337e-01
1.552590783361095517e-01 -6.453392673755921072e-01 7.389862127782579337e-01
1.552590783361095517e-01 -6.453392673755921072e-01 7.389862127782579337e-01
1.553570384137669680e-01 -6.453356953179485433e-01 7.389972705147407339e-01
1.553980080069189140e-01 -6.453345669432634102e-01 7.390012213113220652e-01
1.554043094577540474e-01 -6.453393693242726048e-01 7.389795945690063039e-01
1.554050623549754206e-01 -6.453450929838170369e-01 7.389545938074901787e-01
1.554046044335521681e-01 -6.453416116104228051e-01 7.389636683289593222e-01
1.554039704461681048e-01 -6.453367916856508346e-01 7.389762319082908704e-01
1.554039704461681048e-01 -6.453367916856508346e-01 7.389762319082908704e-01
1.554039704461681048e-01 -6.453367916856508346e-01 7.389762319082908704e-01
1.554144245671388314e-01 -6.453340505002610472e-01 7.389845137931086994e-01
1.554183186865556454e-01 -6.453337283528026713e-01 7.389862131089859343e-01
1.554253614184293308e-01 -6.453384753694150211e-01 7.389806744787417170e-01
1.554224121741655806e-01 -6.453422667175253702e-01 7.389762318642724148e-01
1.554224121741655806e-01 -6.453422667175253702e-01 7.389762318642724148e-01
1.554224121741655806e-01 -6.453422667175253702e-01 7.389762318642724148e-01
1.554224121741655806e-01 -6.453422667175253702e-01 7.389762318642724148e-01
1.553999193499837617e-01 -6.453301289543005304e-01 7.389795833073042886e-01
1.553999193499837617e-01 -6.453301289543005304e-01 7.389795833073042886e-01
1.553999193499837617e-01 -6.453301289543005304e-01 7.389795833073042886e-01
1.553999193499837617e-01 -6.453301289543005304e-01 7.389795833073042886e-01
1.554079104138534895e-01 -6.453339848030257286e-01 7.389795832780170493e-01
1.554122014375097227e-01 -6.453344911085923119e-01 7.389795832720315039e-01
1.554185645710004504e-01 -6.453327643929553936e-01 7.389778094389617413e-01
1.554014817853971164e-01 -6.453323540481331611e-01 7.389762319434671767e-01
1.554014817853971164e-01 -6.453323540481331611e-01 7.389762319434671767e-01
1.553972080620787399e-01 -6.453323855431265521e-01 7.389862131265745315e-01
1.553972080620787399e-01 -6.453323855431265521e-01 7.389862131265745315e-01
1.553972080620787399e-01 -6.453323855431265521e-01 7.389862131265745315e-01
1.553972080620787399e-01 -6.453323855431265521e-01 7.389862131265745315e-01
1.553483483438326263e-01 -6.453281360471522232e-01 7.389831819170608052e-01
1.553483483438326263e-01 -6.453281360471522232e-01 7.389831819170608052e-01
1.553483483438326263e-01 -6.453281360471522232e-01 7.389831819170608052e-01
1.553548676973248166e-01 -6.453268654136671278e-01 7.389828618420281048e-01
1.554075182192853621e-01 -6.453275673739640172e-01 7.389778853737872799e-01
1.554138748963796168e-01 -6.453288832988953727e-01 7.389762319611518082e-01
1.554199195611017381e-01 -6.453298661677132619e-01 7.389746335107181263e-01
1.554089787007842116e-01 -6.453317319072583436e-01 7.389728805973144743e-01
1.554089787007842116e-01 -6.453317319072583436e-01 7.389728805973144743e-01
1.554089787007842116e-01 -6.453317319072583436e-01 7.389728805973144743e-01
1.554089787007842116e-01 -6.453317319072583436e-01 7.389728805973144743e-01
1.554027791903601352e-01 -6.453277344827720308e-01 7.389780553076892300e-01
1.554022525706780788e-01 -6.453237306684291852e-01 7.389828618420283268e-01
1.554019503400626556e-01 -6.453214326840598369e-01 7.389796526675823651e-01
1.554019503400626556e-01 -6.453214326840598369e-01 7.389796526675823651e-01
1.554019503400626556e-01 -6.453214326840598369e-01 7.389796526675823651e-01
1.553984076508218015e-01 -6.453190681190102973e-01 7.389762320402505358e-01
1.553910925421040923e-01 -6.453309005948123511e-01 7.389787504985833033e-01
1.553910925421040923e-01 -6.453309005948123511e-01 7.389787504985833033e-01
1.553933920582149242e-01 -6.453345017125088345e-01 7.389795832720312818e-01
1.553933920582149242e-01 -6.453345017125088345e-01 7.389795832720312818e-01
1.553933920582149242e-01 -6.453345017125088345e-01 7.389795832720312818e-01
1.553908333661772612e-01 -6.453191323081992614e-01 7.389767513800408194e-01
1.553881298675737210e-01 -6.453162486028778400e-01 7.389762320666807272e-01
1.553881298675737210e-01 -6.453162486028778400e-01 7.389762320666807272e-01
1.553881298675737210e-01 -6.453162486028778400e-01 7.389762320666807272e-01
1.554169842247797306e-01 -6.453075532212644294e-01 7.389615944564835726e-01
1.554169842247797306e-01 -6.453075532212644294e-01 7.389615944564835726e-01
1.554162718202780902e-01 -6.453074503933412531e-01 7.389612239170131325e-01
1.554162718202780902e-01 -6.453074503933412531e-01 7.389612239170131325e-01
1.554108577840346561e-01 -6.453104362876739275e-01 7.389639240647237761e-01
1.554108577840346561e-01 -6.453104362876739275e-01 7.389639240647237761e-01
1.553983868906775867e-01 -6.453112279682244878e-01 7.389645752455779038e-01
1.555250157228480479e-01 -6.453095745379634485e-01 7.389728810697006045e-01
1.555250157228480479e-01 -6.453095745379634485e-01 7.389728810697006045e-01
1.555250157228480479e-01 -6.453095745379634485e-01 7.389728810697006045e-01
1.555250157228480479e-01 -6.453095745379634485e-01 7.389728810697006045e-01
1.554555843998565445e-01 -6.453168759056263637e-01 7.389745528369645600e-01
1.554555843998565445e-01 -6.453168759056263637e-01 7.389745528369645600e-01
1.554016958215635735e-01 -6.453194974544126383e-01 7.389762320364426929e-01
1.554016958215635735e-01 -6.453194974544126383e-01 7.389762320364426929e-01
1.554003366092470417e-01 -6.453190175847699495e-01 7.389762320402505358e-01
1.554003366092470417e-01 -6.453190175847699495e-01 7.389762320402505358e-01
1.553961320699232540e-01 -6.453232209241918094e-01 7.389733528304346377e-01
1.553962200318388664e-01 -6.453238897719992817e-01 7.389728806589214161e-01
1.553962200318388664e-01 -6.453238897719992817e-01 7.389728806589214161e-01
1.553959308326741118e-01 -6.453216906411662901e-01 7.389705857584788484e-01
1.554089037638885507e-01 -6.453183181814327041e-01 7.389679265302201427e-01
1.553997851431687116e-01 -6.453237364377220064e-01 7.389728806589213050e-01
1.553997851431687116e-01 -6.453237364377220064e-01 7.389728806589213050e-01
1.553997851431687116e-01 -6.453237364377220064e-01 7.389728806589213050e-01
1.553997851431687116e-01 -6.453237364377220064e-01 7.389728806589213050e-01
1.554183892711643034e-01 -6.453182336832335997e-01 7.389681151335419917e-01
1.554183892711643034e-01 -6.453182336832335997e-01 7.389681151335419917e-01
1.553951044452641095e-01 -6.453056435332070739e-01 7.389679266336049990e-01
1.553951044452641095e-01 -6.453056435332070739e-01 7.389679266336049990e-01
1.553952242858929744e-01 -6.453163182334755721e-01 7.389763926886887546e-01
1.553952242858929744e-01 -6.453163182334755721e-01 7.389763926886887546e-01
1.553952242858929744e-01 -6.453163182334755721e-01 7.389763926886887546e-01
1.554163564165289002e-01 -6.453214228200023772e-01 7.389795833688150850e-01
1.554163564165289002e-01 -6.453214228200023772e-01 7.389795833688150850e-01
1.554163564165289002e-01 -6.453214228200023772e-01 7.389795833688150850e-01
1.554163564165289002e-01 -6.453214228200023772e-01 7.389795833688150850e-01
1.553994382513688710e-01 -6.453154617264367232e-01 7.389762320666808382e-01
1.553994382513688710e-01 -6.453154617264367232e-01 7.389762320666808382e-01
1.553994382513688710e-01 -6.453154617264367232e-01 7.389762320666808382e-01
1.553994382513688710e-01 -6.453154617264367232e-01 7.389762320666808382e-01
1.554007713562333137e-01 -6.453124685799200844e-01 7.389741454322844572e-01
1.554007713562333137e-01 -6.453124685799200844e-01 7.389741454322844572e-01
1.554083144466419097e-01 -6.453102496439458990e-01 7.389728807556084078e-01
1.554083144466419097e-01 -6.453102496439458990e-01 7.389728807556084078e-01
1.554083144466419097e-01 -6.453102496439458990e-01 7.389728807556084078e-01
1.555337535172867103e-01 -6.453043482423972410e-01 7.389625137581682379e-01
1.555469765141511418e-01 -6.453037052798432649e-01 7.389612242486940374e-01
1.555427373448050044e-01 -6.453077818559864731e-01 7.389584360209267011e-01
1.555440324613651115e-01 -6.453085478304849687e-01 7.389578728673649177e-01
1.555490781953286494e-01 -6.453100289901170239e-01 7.389749166216447174e-01
1.555490781953286494e-01 -6.453100289901170239e-01 7.389749166216447174e-01
1.555549540890976690e-01 -6.453104834952534397e-01 7.389828622353153964e-01
1.555549540890976690e-01 -6.453104834952534397e-01 7.389828622353153964e-01
1.555368811782932847e-01 -6.453092827950192012e-01 7.389687768011581337e-01
1.555368811782932847e-01 -6.453092827950192012e-01 7.389687768011581337e-01
1.555348165824626538e-01 -6.453090012995748026e-01 7.389645755596703225e-01
1.555348165824626538e-01 -6.453090012995748026e-01 7.389645755596703225e-01
1.555348165824626538e-01 -6.453090012995748026e-01 7.389645755596703225e-01
1.555551074665780520e-01 -6.453204998310503315e-01 7.389645754656737342e-01
1.555551074665780520e-01 -6.453204998310503315e-01 7.389645754656737342e-01
1.555551074665780520e-01 -6.453204998310503315e-01 7.389645754656737342e-01
1.555549561529371849e-01 -6.453209169728622019e-01 7.389645754628867413e-01
1.555375608466594284e-01 -6.453043980270937174e-01 7.389645755948465178e-01
1.555375608466594284e-01 -6.453043980270937174e-01 7.389645755948465178e-01
1.555357160601009980e-01 -6.453056554156834101e-01 7.389655123201394060e-01
1.555357160601009980e-01 -6.453056554156834101e-01 7.389655123201394060e-01
1.555601272824785886e-01 -6.453179337255960935e-01 7.389660678310626674e-01
1.555601272824785886e-01 -6.453179337255960935e-01 7.389660678310626674e-01
1.555599238586288791e-01 -6.453188934306531843e-01 7.389645754805712619e-01
1.555599238586288791e-01 -6.453188934306531843e-01 7.389645754805712619e-01
1.555599238586288791e-01 -6.453188934306531843e-01 7.389645754805712619e-01
1.555470889744126617e-01 -6.453107943368407984e-01 7.389728810522085967e-01
1.555470889744126617e-01 -6.453107943368407984e-01 7.389728810522085967e-01
1.555470721431605752e-01 -6.453106663815368904e-01 7.389728810531566161e-01
1.555639108242419244e-01 -6.453028319036185900e-01 7.389728811048770218e-01
1.555653519003880325e-01 -6.453133985484480473e-01 7.389762323719308856e-01
1.555653519003880325e-01 -6.453133985484480473e-01 7.389762323719308856e-01
1.555653519003880325e-01 -6.453133985484480473e-01 7.389762323719308856e-01
1.555653519003880325e-01 -6.453133985484480473e-01 7.389762323719308856e-01
1.555200093350946888e-01 -6.453144552168520454e-01 7.389762323838239277e-01
1.555200093350946888e-01 -6.453144552168520454e-01 7.389762323838239277e-01
1.555241196854361130e-01 -6.453126659659298436e-01 7.389762323983611880e-01
1.555241196854361130e-01 -6.453126659659298436e-01 7.389762323983611880e-01
1.555241196854361130e-01 -6.453126659659298436e-01 7.389762323983611880e-01
1.555268242930959999e-01 -6.453105101890759254e-01 7.389690225488565467e-01
1.555341226626136830e-01 -6.453074998946043417e-01 7.389612242311056622e-01
1.555375159438591171e-01 -6.453095759972307111e-01 7.389790076662441365e-01
1.555375159438591171e-01 -6.453095759972307111e-01 7.389790076662441365e-01
1.555375159438591171e-01 -6.453095759972307111e-01 7.389790076662441365e-01
1.555373839302537919e-01 -6.453096542654742640e-01 7.389795837620062313e-01
1.555322100013354636e-01 -6.453152221261905241e-01 7.398599965683724244e-01
1.555532179509945268e-01 -6.453172513083829109e-01 7.403311961749527992e-01
1.555532179509945268e-01 -6.453172513083829109e-01 7.403311961749527992e-01
1.555642775871522721e-01 -6.453158870434660965e-01 7.408958058278060088e-01
1.555492397351647127e-01 -6.453150908142516462e-01 7.418262608534039737e-01
1.555380725864638491e-01 -6.453139639703544539e-01 7.445262730945594321e-01
1.555380725864638491e-01 -6.453139639703544539e-01 7.445262730945594321e-01
1.555426143062404731e-01 -6.453116138147371172e-01 7.477095490509129139e-01
1.555426143062404731e-01 -6.453116138147371172e-01 7.477095490509129139e-01
1.555527184976241983e-01 -6.453078855686669169e-01 7.501513129705346117e-01
1.555364472856371194e-01 -6.453071077936227695e-01 7.518478787417777198e-01
1.555364472856371194e-01 -6.453071077936227695e-01 7.518478787417777198e-01
1.555364472856371194e-01 -6.453071077936227695e-01 7.518478787417777198e-01
1.555484759474402567e-01 -6.453112454663401110e-01 7.590105544980561003e-01
1.555328059220774106e-01 -6.453153403238061081e-01 7.646079105906483653e-01
1.555328059220774106e-01 -6.453153403238061081e-01 7.646079105906483653e-01
1.555328059220774106e-01 -6.453153403238061081e-01 7.646079105906483653e-01
1.555328059220774106e-01 -6.453153403238061081e-01 7.646079105906483653e-01
1.555035874508844951e-01 -6.453112899998284524e-01 7.781161670012196607e-01
1.555035874508844951e-01 -6.453112899998284524e-01 7.781161670012196607e-01
1.555035874508844951e-01 -6.453112899998284524e-01 7.781161670012196607e-01
1.555035874508844951e-01 -6.453112899998284524e-01 7.781161670012196607e-01
1.554209630950405818e-01 -6.453188982636161031e-01 7.941214850522126945e-01
1.554209630950405818e-01 -6.453188982636161031e-01 7.941214850522126945e-01
1.554101927438197861e-01 -6.453196428619245584e-01 7.947679128281547323e-01
1.554101927438197861e-01 -6.453196428619245584e-01 7.947679128281547323e-01
1.552539275723050227e-01 -6.453258618867785401e-01 7.991410177410432913e-01
1.552261196137661448e-01 -6.453263313340296126e-01 8.009495433314465229e-01
1.552261196137661448e-01 -6.453263313340296126e-01 8.009495433314465229e-01
1.552758646576519463e-01 -6.453255997518377862e-01 8.015825136539252993e-01
1.553729050761925579e-01 -6.453237628594538089e-01 8.028545653663475834e-01
1.553729050761925579e-01 -6.453237628594538089e-01 8.028545653663475834e-01
1.553729050761925579e-01 -6.453237628594538089e-01 8.028545653663475834e-01
1.553567898809740111e-01 -6.453180597751004832e-01 8.045020469984031086e-01
1.553929036524267782e-01 -6.453118138344007271e-01 8.054128811009318989e-01
1.553929036524267782e-01 -6.453118138344007271e-01 8.054128811009318989e-01
1.553929036524267782e-01 -6.453118138344007271e-01 8.054128811009318989e-01
1.553887728796475021e-01 -6.453180302991532447e-01 8.055478568970849684e-01
1.554045078347918163e-01 -6.453197775099210887e-01 8.056329041998817608e-01
1.554045078347918163e-01 -6.453197775099210887e-01 8.056329041998817608e-01
1.552813633691979833e-01 -6.453170779005874547e-01 8.056245984030451224e-01
1.552813633691979833e-01 -6.453170779005874547e-01 8.056245984030451224e-01
1.553266122436848806e-01 -6.453166128419027814e-01 8.056180800096656158e-01
1.553949513175553188e-01 -6.453166047963343477e-01 8.056045634947159861e-01
1.553949513175553188e-01 -6.453166047963343477e-01 8.056045634947159861e-01
1.553949513175553188e-01 -6.453166047963343477e-01 8.056045634947159861e-01
1.553506600115711067e-01 -6.453174764622654491e-01 8.055867817328593583e-01
1.553582368341531739e-01 -6.453165941790524052e-01 8.055795741267652854e-01
1.553623220773922287e-01 -6.453141262078879725e-01 8.055745921390534692e-01
1.553682428686490868e-01 -6.453088863234842654e-01 8.055644931218428617e-01
1.553682428686490868e-01 -6.453088863234842654e-01 8.055644931218428617e-01
1.553682428686490868e-01 -6.453088863234842654e-01 8.055644931218428617e-01
1.553682428686490868e-01 -6.453088863234842654e-01 8.055644931218428617e-01
1.552461754099515867e-01 -6.453214087969115775e-01 8.055395033354150192e-01
1.552461754099515867e-01 -6.453214087969115775e-01 8.055395033354150192e-01
1.552522197440007190e-01 -6.453295691181107907e-01 8.058862218899112140e-01
1.552522197440007190e-01 -6.453295691181107907e-01 8.058862218899112140e-01
1.552493346030381360e-01 -6.453286790825581987e-01 8.060580911570672802e-01
1.552787976691354099e-01 -6.453232137887263686e-01 8.065878918119727681e-01
1.552787976691354099e-01 -6.453232137887263686e-01 8.065878918119727681e-01
1.552787976691354099e-01 -6.453232137887263686e-01 8.065878918119727681e-01
1.552947527862069133e-01 -6.453182142690455647e-01 8.102262753538951312e-01
1.552517004995691563e-01 -6.453186374992898600e-01 8.120111713398386888e-01
1.552360795976021335e-01 -6.453200785320634125e-01 8.130806308485840628e-01
1.552363044570937156e-01 -6.453218836439499340e-01 8.164445651502720835e-01
1.552363044570937156e-01 -6.453218836439499340e-01 8.164445651502720835e-01
1.552363044570937156e-01 -6.453218836439499340e-01 8.164445651502720835e-01
1.552363044570937156e-01 -6.453218836439499340e-01 8.164445651502720835e-01
1.552588804145058621e-01 -6.453253903407127900e-01 8.277964451739656671e-01
1.552590265337643327e-01 -6.453265805847084868e-01 8.306061882619778514e-01
1.552587501738391107e-01 -6.453245351432566057e-01 8.325938876880799588e-01
1.552765910058886145e-01 -6.453198362187779757e-01 8.363561511844775920e-01
1.552839245700898818e-01 -6.453188841596705361e-01 8.377870850972195527e-01
1.552539895969781980e-01 -6.453192966517607987e-01 8.417745493773871601e-01
1.552539895969781980e-01 -6.453192966517607987e-01 8.417745493773871601e-01
1.552539895969781980e-01 -6.453192966517607987e-01 8.417745493773871601e-01
1.552539895969781980e-01 -6.453192966517607987e-01 8.417745493773871601e-01
1.552647037085623793e-01 -6.453246401782183339e-01 8.526328380128866957e-01
1.552647037085623793e-01 -6.453246401782183339e-01 8.526328380128866957e-01
1.552647037085623793e-01 -6.453246401782183339e-01 8.526328380128866957e-01
1.552647037085623793e-01 -6.453246401782183339e-01 8.526328380128866957e-01
1.552577404459528354e-01 -6.453175940221794749e-01 8.587493594876148828e-01
1.552572101557977702e-01 -6.453136627488358368e-01 8.623362237450435952e-01
1.553443117557963271e-01 -6.453144304063809233e-01 8.651230611198091891e-01
1.553868935929389183e-01 -6.453148691286201277e-01 8.665562245450146861e-01
1.553868935929389183e-01 -6.453148691286201277e-01 8.665562245450146861e-01
1.553868935929389183e-01 -6.453148691286201277e-01 8.665562245450146861e-01
1.553067125316175967e-01 -6.453187027838158674e-01 8.677769368758001534e-01
1.552706405148687185e-01 -6.453201727526330922e-01 8.683645668675850082e-01
1.552706405148687185e-01 -6.453201727526330922e-01 8.683645668675850082e-01
1.554141199191660661e-01 -6.453216718376698635e-01 8.684428138014255172e-01
1.554141199191660661e-01 -6.453216718376698635e-01 8.684428138014255172e-01
1.554141199191660661e-01 -6.453216718376698635e-01 8.684428138014255172e-01
1.554141199191660661e-01 -6.453216718376698635e-01 8.684428138014255172e-01
1.554218202530588955e-01 -6.453204365903868478e-01 8.684323680189797168e-01
1.553946864811993622e-01 -6.453204318844001364e-01 8.684245271258755894e-01
1.553072552387944616e-01 -6.453210986544526406e-01 8.684022081470752497e-01
1.552570646246480002e-01 -6.453208235436471707e-01 8.683828535607225341e-01
1.552570646246480002e-01 -6.453208235436471707e-01 8.683828535607225341e-01
1.552570646246480002e-01 -6.453208235436471707e-01 8.683828535607225341e-01
1.553052194824248444e-01 -6.453181022047079773e-01 8.683343324469521285e-01
1.553052194824248444e-01 -6.453181022047079773e-01 8.683343324469521285e-01
1.553052194824248444e-01 -6.453181022047079773e-01 8.683343324469521285e-01
1.552790050826653723e-01 -6.453196283414788237e-01 8.683161909144240242e-01
1.552790050826653723e-01 -6.453196283414788237e-01 8.683161909144240242e-01
1.552790050826653723e-01 -6.453196283414788237e-01 8.683161909144240242e-01
1.552790050826653723e-01 -6.453196283414788237e-01 8.683161909144240242e-01
1.552955835357702485e-01 -6.453229087000109665e-01 8.683195422341464242e-01
1.552955835357702485e-01 -6.453229087000109665e-01 8.683195422341464242e-01
1.552955835357702485e-01 -6.453229087000109665e-01 8.683195422341464242e-01
1.552955835357702485e-01 -6.453229087000109665e-01 8.683195422341464242e-01
1.552698058692259520e-01 -6.453276025598250198e-01 8.763179571502437426e-01
1.552650832219412691e-01 -6.453290126707568186e-01 8.778678916647897346e-01
1.552650832219412691e-01 -6.453290126707568186e-01 8.778678916647897346e-01
1.552438452784867806e-01 -6.453171986442762798e-01 8.811111934284356906e-01
1.552438452784867806e-01 -6.453171986442762798e-01 8.811111934284356906e-01
1.552355846611285783e-01 -6.453182693220760324e-01 8.824701861778446732e-01
1.552494090849167452e-01 -6.453189980765231537e-01 8.849162098351396333e-01
1.552576338856529736e-01 -6.453175760629606961e-01 8.868743743597555795e-01
1.552509228552737541e-01 -6.453167986952856872e-01 8.898861833418426626e-01
1.552509228552737541e-01 -6.453167986952856872e-01 8.898861833418426626e-01
1.552509228552737541e-01 -6.453167986952856872e-01 8.898861833418426626e-01
1.552462360190342283e-01 -6.453233302127334703e-01 9.009990312770568277e-01
1.552488032231312542e-01 -6.453247588778121546e-01 9.034111963777441412e-01
1.552488032231312542e-01 -6.453247588778121546e-01 9.034111963777441412e-01
1.552488032231312542e-01 -6.453247588778121546e-01 9.034111963777441412e-01
1.552488032231312542e-01 -6.453247588778121546e-01 9.034111963777441412e-01
1.553733436594849637e-01 -6.453151152104574795e-01 9.170815445289568490e-01
1.553975907597290040e-01 -6.453128678056044842e-01 9.196261751424015252e-01
1.553975907597290040e-01 -6.453128678056044842e-01 9.196261751424015252e-01
1.553975907597290040e-01 -6.453128678056044842e-01 9.196261751424015252e-01
1.553036805298046996e-01 -6.453208642123029470e-01 9.272763842866100781e-01
1.553036805298046996e-01 -6.453208642123029470e-01 9.272763842866100781e-01
1.552746171965986854e-01 -6.453240029372303566e-01 9.305778639897532845e-01
1.552746171965986854e-01 -6.453240029372303566e-01 9.305778639897532845e-01
1.552903402030809954e-01 -6.453244074605493097e-01 9.338927193107595670e-01
1.552903402030809954e-01 -6.453244074605493097e-01 9.338927193107595670e-01
1.552320213188814746e-01 -6.453289370531498648e-01 9.377712370675473919e-01
1.552320213188814746e-01 -6.453289370531498648e-01 9.377712370675473919e-01
1.552329852310812830e-01 -6.453288727757405807e-01 9.377712370675476139e-01
1.557339119567829888e-01 -6.487291196722888564e-01 9.412712585464081405e-01
1.558360620925210438e-01 -6.495527980111438504e-01 9.421178288508408327e-01
1.558145787777526214e-01 -6.495541354133762546e-01 9.421178288508406107e-01
1.558163379165002638e-01 -6.495539052120912205e-01 9.421178288508406107e-01
1.556433427772171696e-01 -6.482158549810456138e-01 9.421338108437881109e-01
1.554942205453501702e-01 -6.470392372726417873e-01 9.421478638825973029e-01
1.554452246972118368e-01 -6.466269872074790204e-01 9.421507535839898084e-01
1.554452246972118368e-01 -6.466269872074790204e-01 9.421507535839898084e-01
1.554452246972118368e-01 -6.466269872074790204e-01 9.421507535839898084e-01
1.553782305686688126e-01 -6.460929632735176176e-01 9.421545007288918416e-01
1.553782305686688126e-01 -6.460929632735176176e-01 9.421545007288918416e-01
1.542762498791809822e-01 -6.378650151125002665e-01 9.421305589720785356e-01
1.542325351347218765e-01 -6.375266125870068246e-01 9.421295748320438479e-01
1.540782567484434429e-01 -6.356854015531914204e-01 9.421130635355111638e-01
1.540782567484434429e-01 -6.356854015531914204e-01 9.421130635355111638e-01
1.540782567484434429e-01 -6.356854015531914204e-01 9.421130635355111638e-01
1.539742009678728707e-01 -6.345565007558983117e-01 9.421029320820388797e-01
1.531808348752472793e-01 -6.293799353985544132e-01 9.421006331710527482e-01
1.528663063243795583e-01 -6.271312086505925754e-01 9.420996354508273107e-01
1.526431665821751660e-01 -6.248614635431771758e-01 9.420958905569430941e-01
1.523351884728031125e-01 -6.221226704979703204e-01 9.420913673585585846e-01
1.523351884728031125e-01 -6.221226704979703204e-01 9.420913673585585846e-01
1.523351884728031125e-01 -6.221226704979703204e-01 9.420913673585585846e-01
1.523351884728031125e-01 -6.221226704979703204e-01 9.420913673585585846e-01
1.507481876251402508e-01 -6.099709142548521701e-01 9.420515326568964509e-01
1.507481876251402508e-01 -6.099709142548521701e-01 9.420515326568964509e-01
1.507481876251402508e-01 -6.099709142548521701e-01 9.420515326568964509e-01
1.507481876251402508e-01 -6.099709142548521701e-01 9.420515326568964509e-01
1.494552963212054941e-01 -6.008599677526200722e-01 9.420349470577000783e-01
1.490440490684977193e-01 -5.980527687454805230e-01 9.420298369182790177e-01
1.490440490684977193e-01 -5.980527687454805230e-01 9.420298369182790177e-01
1.490440490684977193e-01 -5.980527687454805230e-01 9.420298369182790177e-01
1.484185300376726080e-01 -5.925466516984640997e-01 9.420233992544996271e-01
1.484185300376726080e-01 -5.925466516984640997e-01 9.420233992544996271e-01
1.484185300376726080e-01 -5.925466516984640997e-01 9.420233992544996271e-01
1.482400384683398020e-01 -5.909930965821834636e-01 9.420215840231984661e-01
1.482400384683398020e-01 -5.909930965821834636e-01 9.420215840231984661e-01
1.482400384683398020e-01 -5.909930965821834636e-01 9.420215840231984661e-01
1.482400384683398020e-01 -5.909930965821834636e-01 9.420215840231984661e-01
1.473330859509166813e-01 -5.851553299110645590e-01 9.419938602945990835e-01
1.473330859509166813e-01 -5.851553299110645590e-01 9.419938602945990835e-01
1.473330859509166813e-01 -5.851553299110645590e-01 9.419938602945990835e-01
1.473175071987468387e-01 -5.850499020730661748e-01 9.419933598861691681e-01
1.472658718752577200e-01 -5.837858701198640476e-01 9.419772902720054963e-01
1.472244796841301329e-01 -5.832125910463819007e-01 9.419699872280595798e-01
1.472097870240537953e-01 -5.831214930880934677e-01 9.419727461169794536e-01
1.471798233333939110e-01 -5.828269499509174389e-01 9.419816469425691396e-01
1.471798233333939110e-01 -5.828269499509174389e-01 9.419816469425691396e-01
1.471798233333939110e-01 -5.828269499509174389e-01 9.419816469425691396e-01
1.471798233333939110e-01 -5.828269499509174389e-01 9.419816469425691396e-01
1.468714400788400654e-01 -5.811291493366218530e-01 9.419749349806231242e-01
1.466585215624381655e-01 -5.798836949980921140e-01 9.419700115839918508e-01
1.466585215624381655e-01 -5.798836949980921140e-01 9.419700115839918508e-01
1.466585215624381655e-01 -5.798836949980921140e-01 9.419700115839918508e-01
1.462002342297187840e-01 -5.763343888813059479e-01 9.419657312693505702e-01
1.459301511807963303e-01 -5.744207061331922937e-01 9.419634222375368182e-01
1.454917795974381700e-01 -5.709485428589037292e-01 9.419568548496900506e-01
1.454827033740744013e-01 -5.708909120920275804e-01 9.419567456916189130e-01
1.450513697183825612e-01 -5.674843949195695902e-01 9.419581416393946194e-01
1.444817660332089748e-01 -5.625590014234241876e-01 9.419601590894306486e-01
1.444817660332089748e-01 -5.625590014234241876e-01 9.419601590894306486e-01
1.444817660332089748e-01 -5.625590014234241876e-01 9.419601590894306486e-01
1.444817660332089748e-01 -5.625590014234241876e-01 9.419601590894306486e-01
1.435664054888892427e-01 -5.561896078276773459e-01 9.419568546221354088e-01
1.435664054888892427e-01 -5.561896078276773459e-01 9.419568546221354088e-01
1.434467783810135511e-01 -5.552770249944398717e-01 9.419562623917372424e-01
1.428828519588221380e-01 -5.510825455466027423e-01 9.419535411194054353e-01
1.421605341604019745e-01 -5.456581577098243985e-01 9.419535813120807344e-01
1.417070738727893298e-01 -5.421816248834445684e-01 9.419536070704005448e-01
1.417070738727893298e-01 -5.421816248834445684e-01 9.419536070704005448e-01
1.417070738727893298e-01 -5.421816248834445684e-01 9.419536070704005448e-01
1.408551801893615507e-01 -5.359067255862347556e-01 9.419536535774453156e-01
1.408551801893615507e-01 -5.359067255862347556e-01 9.419536535774453156e-01
1.406241796642983821e-01 -5.340902639638122062e-01 9.419536670322671279e-01
1.406241796642983821e-01 -5.340902639638122062e-01 9.419536670322671279e-01
1.406241796642983821e-01 -5.340902639638122062e-01 9.419536670322671279e-01
1.399876235513109191e-01 -5.291243846055611044e-01 9.419537038275732632e-01
1.397043057042089698e-01 -5.269588847748716276e-01 9.419537198704699410e-01
1.396001455153482451e-01 -5.261588961330536662e-01 9.419474558667699782e-01
1.396001455153482451e-01 -5.261588961330536662e-01 9.419474558667699782e-01
1.394485343122674470e-01 -5.250537659706165927e-01 9.419387986389010647e-01
1.394485343122674470e-01 -5.250537659706165927e-01 9.419387986389010647e-01
1.390193376917199797e-01 -5.220126587717661693e-01 9.419510968738501466e-01
1.390193376917199797e-01 -5.220126587717661693e-01 9.419510968738501466e-01
1.389398269003359609e-01 -5.213525977112788423e-01 9.419537614164072981e-01
1.389397437325503304e-01 -5.212655055095666290e-01 9.419510066384433333e-01
1.389346763037878629e-01 -5.211974573175464087e-01 9.419488083958122981e-01
1.389346763037878629e-01 -5.211974573175464087e-01 9.419488083958122981e-01
1.389346763037878629e-01 -5.211974573175464087e-01 9.419488083958122981e-01
1.390053543790914781e-01 -5.211203311819831985e-01 9.419488092024548287e-01
1.390456771297358951e-01 -5.210933802996794428e-01 9.419488094740396944e-01
1.389866684232136385e-01 -5.211017755477714841e-01 9.419488092414303182e-01
1.389275712046832978e-01 -5.211093693844235375e-01 9.419488090465764074e-01
1.389275712046832978e-01 -5.211093693844235375e-01 9.419488090465764074e-01
1.389275712046832978e-01 -5.211093693844235375e-01 9.419488090465764074e-01
1.389092639624130432e-01 -5.211392748475915937e-01 9.419561998479307752e-01
1.389374108235799654e-01 -5.211551902659350421e-01 9.419604655685834826e-01
1.389374108235799654e-01 -5.211551902659350421e-01 9.419604655685834826e-01
1.389374108235799654e-01 -5.211551902659350421e-01 9.419604655685834826e-01
1.389374108235799654e-01 -5.211551902659350421e-01 9.419604655685834826e-01
1.389411892946240124e-01 -5.211811101284966607e-01 9.419542551796498131e-01
1.389414598254322120e-01 -5.212047662137612170e-01 9.419488083430476166e-01
1.389416423987307747e-01 -5.212207290616299726e-01 9.419519314525829357e-01
1.389333744123628089e-01 -5.212305056291703931e-01 9.419537623222009604e-01
1.389333744123628089e-01 -5.212305056291703931e-01 9.419537623222009604e-01
1.389333744123628089e-01 -5.212305056291703931e-01 9.419537623222009604e-01
1.389521525185453410e-01 -5.212449393936632314e-01 9.419537622078772987e-01
1.389521525185453410e-01 -5.212449393936632314e-01 9.419537622078772987e-01
1.389355132762737088e-01 -5.212695159553342172e-01 9.419471963661587566e-01
1.389355132762737088e-01 -5.212695159553342172e-01 9.419471963661587566e-01
1.389409549742877670e-01 -5.212760742885826915e-01 9.419454564691512877e-01
1.389552355407437934e-01 -5.212763621736036246e-01 9.419389544812811765e-01
1.389528924969991031e-01 -5.212763149685605280e-01 9.419354752860445990e-01
1.389491258252709693e-01 -5.212776262895602031e-01 9.419462199919620415e-01
1.389512415981310478e-01 -5.212783428914200545e-01 9.419537619616419333e-01
1.389512415981310478e-01 -5.212783428914200545e-01 9.419537619616419333e-01
1.389512415981310478e-01 -5.212783428914200545e-01 9.419537619616419333e-01
1.389551295294848277e-01 -5.212870993887146476e-01 9.419563323798900711e-01
1.389360962927438936e-01 -5.212906889471953242e-01 9.419571132198061303e-01
1.389360962927438936e-01 -5.212906889471953242e-01 9.419571132198061303e-01
1.389360962927438936e-01 -5.212906889471953242e-01 9.419571132198061303e-01
