1.499812460024814165e-01 -6.043331670067827455e-01 7.026448835343120924e-01
1.502760986598314363e-01 -6.064830927575756148e-01 7.026598758007546186e-01
1.504383681744519696e-01 -6.076281243882648564e-01 7.026681728239372315e-01
1.504383681744519696e-01 -6.076281243882648564e-01 7.026681728239372315e-01
1.504383681744519696e-01 -6.076281243882648564e-01 7.026681728239372315e-01
1.504383681744519696e-01 -6.076281243882648564e-01 7.026681728239372315e-01
1.504383681744519696e-01 -6.076281243882648564e-01 7.026681728239372315e-01
1.513258211650673202e-01 -6.145682935333828256e-01 7.026637145949844454e-01
1.513258211650673202e-01 -6.145682935333828256e-01 7.026637145949844454e-01
1.513258211650673202e-01 -6.145682935333828256e-01 7.026637145949844454e-01
1.514879521178684463e-01 -6.155432801217567418e-01 7.026630871532602018e-01
1.514879521178684463e-01 -6.155432801217567418e-01 7.026630871532602018e-01
1.523528045971368761e-01 -6.220298853063718214e-01 7.026630390852878216e-01
1.526437425702411588e-01 -6.242544209734922633e-01 7.026630226006258528e-01
1.526437425702411588e-01 -6.242544209734922633e-01 7.026630226006258528e-01
1.526437425702411588e-01 -6.242544209734922633e-01 7.026630226006258528e-01
1.526437425702411588e-01 -6.242544209734922633e-01 7.026630226006258528e-01
1.535302597936475388e-01 -6.313170262838672109e-01 7.026629702900697438e-01
1.535302597936475388e-01 -6.313170262838672109e-01 7.026629702900697438e-01
1.535302597936475388e-01 -6.313170262838672109e-01 7.026629702900697438e-01
1.536046703985912698e-01 -6.318933557293997527e-01 7.026639183650801312e-01
1.536046703985912698e-01 -6.318933557293997527e-01 7.026639183650801312e-01
1.542017538288589229e-01 -6.363416613761844198e-01 7.026712385636151303e-01
1.542017538288589229e-01 -6.363416613761844198e-01 7.026712385636151303e-01
1.542017538288589229e-01 -6.363416613761844198e-01 7.026712385636151303e-01
1.563822134181857559e-01 -6.527742628310847506e-01 7.026580291213623264e-01
1.563822134181857559e-01 -6.527742628310847506e-01 7.026580291213623264e-01
1.566858773397569460e-01 -6.550939625163646474e-01 7.026561642525362972e-01
1.566858773397569460e-01 -6.550939625163646474e-01 7.026561642525362972e-01
1.566858773397569460e-01 -6.550939625163646474e-01 7.026561642525362972e-01
1.573230486803188499e-01 -6.611656252506218356e-01 7.026744056742406652e-01
1.573230486803188499e-01 -6.611656252506218356e-01 7.026744056742406652e-01
1.573230486803188499e-01 -6.611656252506218356e-01 7.026744056742406652e-01
1.573230486803188499e-01 -6.611656252506218356e-01 7.026744056742406652e-01
1.573230486803188499e-01 -6.611656252506218356e-01 7.026744056742406652e-01
1.590742354394171498e-01 -6.732736733876156787e-01 7.026709649006198655e-01
1.590742354394171498e-01 -6.732736733876156787e-01 7.026709649006198655e-01
1.590742354394171498e-01 -6.732736733876156787e-01 7.026709649006198655e-01
1.590742354394171498e-01 -6.732736733876156787e-01 7.026709649006198655e-01
1.590742354394171498e-01 -6.732736733876156787e-01 7.026709649006198655e-01
1.608178614662827410e-01 -6.863722742514526409e-01 7.026633903468131326e-01
1.608178614662827410e-01 -6.863722742514526409e-01 7.026633903468131326e-01
1.608178614662827410e-01 -6.863722742514526409e-01 7.026633903468131326e-01
1.610055192152446135e-01 -6.878230506266567179e-01 7.026625515770701380e-01
1.610055192152446135e-01 -6.878230506266567179e-01 7.026625515770701380e-01
1.623304508921952216e-01 -6.979798470476440420e-01 7.026594290015906186e-01
1.623304508921952216e-01 -6.979798470476440420e-01 7.026594290015906186e-01
1.623304508921952216e-01 -6.979798470476440420e-01 7.026594290015906186e-01
1.624168761762072588e-01 -6.987517855576212966e-01 7.026591921139199171e-01
1.624168761762072588e-01 -6.987517855576212966e-01 7.026591921139199171e-01
1.624168761762072588e-01 -6.987517855576212966e-01 7.026591921139199171e-01
1.629762316492959773e-01 -7.040364409107475741e-01 7.026674581747006654e-01
1.629762316492959773e-01 -7.040364409107475741e-01 7.026674581747006654e-01
1.629762316492959773e-01 -7.040364409107475741e-01 7.026674581747006654e-01
1.629762316492959773e-01 -7.040364409107475741e-01 7.026674581747006654e-01
1.629762316492959773e-01 -7.040364409107475741e-01 7.026674581747006654e-01
1.653006690989641814e-01 -7.205586966754192746e-01 7.026559354250959677e-01
1.653535485099534574e-01 -7.209300317532730817e-01 7.026556764312635872e-01
1.657421911470593479e-01 -7.237468928532118095e-01 7.026579910207282342e-01
1.657421911470593479e-01 -7.237468928532118095e-01 7.026579910207282342e-01
1.659010986617352190e-01 -7.249726090194301698e-01 7.026589978139985426e-01
1.661880212314355565e-01 -7.271819759060871302e-01 7.026589814425567848e-01
1.661880212314355565e-01 -7.271819759060871302e-01 7.026589814425567848e-01
1.661880212314355565e-01 -7.271819759060871302e-01 7.026589814425567848e-01
1.665131830584632988e-01 -7.295997179146693767e-01 7.026589635236859532e-01
1.665131830584632988e-01 -7.295997179146693767e-01 7.026589635236859532e-01
1.673143191866255375e-01 -7.355592188524575636e-01 7.026661570663585987e-01
1.677912081605660299e-01 -7.391389544187756400e-01 7.026704768331119011e-01
1.677912081605660299e-01 -7.391389544187756400e-01 7.026704768331119011e-01
1.677912081605660299e-01 -7.391389544187756400e-01 7.026704768331119011e-01
1.677912081605660299e-01 -7.391389544187756400e-01 7.026704768331119011e-01
1.689244504744071562e-01 -7.484263518261974335e-01 7.026545229696548045e-01
1.695410962573311586e-01 -7.527639283316288621e-01 7.026470621845103404e-01
1.695410962573311586e-01 -7.527639283316288621e-01 7.026470621845103404e-01
1.695410962573311586e-01 -7.527639283316288621e-01 7.026470621845103404e-01
1.695410962573311586e-01 -7.527639283316288621e-01 7.026470621845103404e-01
1.703170281666624430e-01 -7.584207798250710564e-01 7.026619867396002306e-01
1.706758154102283043e-01 -7.615806982265611591e-01 7.026703105792031501e-01
1.706758154102283043e-01 -7.615806982265611591e-01 7.026703105792031501e-01
1.708170140950459881e-01 -7.628215013835987213e-01 7.026726072752056407e-01
1.712570873928481174e-01 -7.660850433492570888e-01 7.026786555777018162e-01
1.712570873928481174e-01 -7.660850433492570888e-01 7.026786555777018162e-01
1.712570873928481174e-01 -7.660850433492570888e-01 7.026786555777018162e-01
1.712570873928481174e-01 -7.660850433492570888e-01 7.026786555777018162e-01
1.721075809938432122e-01 -7.725428685954405239e-01 7.026786077260009922e-01
1.721075809938432122e-01 -7.725428685954405239e-01 7.026786077260009922e-01
1.721075809938432122e-01 -7.725428685954405239e-01 7.026786077260009922e-01
1.721075809938432122e-01 -7.725428685954405239e-01 7.026786077260009922e-01
1.721075809938432122e-01 -7.725428685954405239e-01 7.026786077260009922e-01
1.721246840808481338e-01 -7.727435788960778096e-01 7.026786062438928893e-01
1.724606113533614926e-01 -7.749924920406447981e-01 7.026785895563063544e-01
1.724606113533614926e-01 -7.749924920406447981e-01 7.026785895563063544e-01
1.726852297952415627e-01 -7.765927914342697358e-01 7.026785776922307436e-01
1.726852297952415627e-01 -7.765927914342697358e-01 7.026785776922307436e-01
1.726852297952415627e-01 -7.765927914342697358e-01 7.026785776922307436e-01
1.726852297952415627e-01 -7.765927914342697358e-01 7.026785776922307436e-01
1.726852297952415627e-01 -7.765927914342697358e-01 7.026785776922307436e-01
1.729068085774604080e-01 -7.784984100575557120e-01 7.026586012194904196e-01
1.729068085774604080e-01 -7.784984100575557120e-01 7.026586012194904196e-01
1.729068085774604080e-01 -7.784984100575557120e-01 7.026586012194904196e-01
1.729068085774604080e-01 -7.784984100575557120e-01 7.026586012194904196e-01
1.729068085774604080e-01 -7.784984100575557120e-01 7.026586012194904196e-01
1.728936926308223265e-01 -7.784717458491593467e-01 7.026665606043067669e-01
1.728943596734213162e-01 -7.784484946932324068e-01 7.026735369447667523e-01
1.728943596734213162e-01 -7.784484946932324068e-01 7.026735369447667523e-01
1.728943596734213162e-01 -7.784484946932324068e-01 7.026735369447667523e-01
1.728943596734213162e-01 -7.784484946932324068e-01 7.026735369447667523e-01
1.729139990128360505e-01 -7.784061401899108334e-01 7.026651706235930162e-01
1.729205613216376614e-01 -7.783742629099178467e-01 7.026586021254284109e-01
1.729205613216376614e-01 -7.783742629099178467e-01 7.026586021254284109e-01
1.728774324803777906e-01 -7.782790245053509137e-01 7.026586028496396574e-01
1.728681725402911595e-01 -7.782512617150696421e-01 7.026586030575084907e-01
1.728528531783105615e-01 -7.782451564069627903e-01 7.026652892364884107e-01
1.728528531783105615e-01 -7.782451564069627903e-01 7.026652892364884107e-01
1.728772059520255477e-01 -7.782383818764112560e-01 7.026701871463775229e-01
1.728772059520255477e-01 -7.782383818764112560e-01 7.026701871463775229e-01
1.728772059520255477e-01 -7.782383818764112560e-01 7.026701871463775229e-01
1.728772059520255477e-01 -7.782383818764112560e-01 7.026701871463775229e-01
1.728610651461224557e-01 -7.782390749598697699e-01 7.026618816363466857e-01
1.728610651461224557e-01 -7.782390749598697699e-01 7.026618816363466857e-01
1.728610651461224557e-01 -7.782390749598697699e-01 7.026618816363466857e-01
1.728610651461224557e-01 -7.782390749598697699e-01 7.026618816363466857e-01
1.728610651461224557e-01 -7.782390749598697699e-01 7.026618816363466857e-01
1.728783278216080022e-01 -7.782324646702730719e-01 7.026779325215236627e-01
1.728783278216080022e-01 -7.782324646702730719e-01 7.026779325215236627e-01
1.728596468918867368e-01 -7.782356453699406096e-01 7.026537294075599904e-01
1.728596468918867368e-01 -7.782356453699406096e-01 7.026537294075599904e-01
1.728685796191937740e-01 -7.782354412002233657e-01 7.026468734603457111e-01
1.728685796191937740e-01 -7.782354412002233657e-01 7.026468734603457111e-01
1.728685796191937740e-01 -7.782354412002233657e-01 7.026468734603457111e-01
1.728685796191937740e-01 -7.782354412002233657e-01 7.026468734603457111e-01
1.729033000877930326e-01 -7.782329674844323808e-01 7.026634834599534418e-01
1.728850562371168631e-01 -7.782341264871283082e-01 7.026701871727119020e-01
1.728850562371168631e-01 -7.782341264871283082e-01 7.026701871727119020e-01
1.728850562371168631e-01 -7.782341264871283082e-01 7.026701871727119020e-01
1.728850562371168631e-01 -7.782341264871283082e-01 7.026701871727119020e-01
1.728983929661267460e-01 -7.782320135291128649e-01 7.026701871843333835e-01
1.728856156981748993e-01 -7.782318571588857647e-01 7.026701871903964225e-01
1.728782982059760276e-01 -7.782322392443419279e-01 7.026688894835058097e-01
1.728680471258756957e-01 -7.782327743912594853e-01 7.026669086995946945e-01
1.728680471258756957e-01 -7.782327743912594853e-01 7.026669086995946945e-01
1.728680471258756957e-01 -7.782327743912594853e-01 7.026669086995946945e-01
1.728680471258756957e-01 -7.782327743912594853e-01 7.026669086995946945e-01
1.728910478002123607e-01 -7.782373282436088058e-01 7.026714591337437366e-01
1.728910478002123607e-01 -7.782373282436088058e-01 7.026714591337437366e-01
1.728945272704715264e-01 -7.782393471740071123e-01 7.026735384748457047e-01
1.728964381148967444e-01 -7.782362872155191846e-01 7.026654328999650811e-01
1.728835591315064091e-01 -7.782342890112248224e-01 7.026552518257273006e-01
1.728835591315064091e-01 -7.782342890112248224e-01 7.026552518257273006e-01
1.728835591315064091e-01 -7.782342890112248224e-01 7.026552518257273006e-01
1.728835591315064091e-01 -7.782342890112248224e-01 7.026552518257273006e-01
1.728797019976718863e-01 -7.782351182264553024e-01 7.026607742314673333e-01
1.728797019976718863e-01 -7.782351182264553024e-01 7.026607742314673333e-01
1.728742216941474563e-01 -7.782352282047964032e-01 7.026618816626815089e-01
1.728742216941474563e-01 -7.782352282047964032e-01 7.026618816626815089e-01
1.728742216941474563e-01 -7.782352282047964032e-01 7.026618816626815089e-01
1.728892030736249863e-01 -7.782425239821961771e-01 7.026618815950594898e-01
1.728892030736249863e-01 -7.782425239821961771e-01 7.026618815950594898e-01
1.728892030736249863e-01 -7.782425239821961771e-01 7.026618815950594898e-01
1.728892030736249863e-01 -7.782425239821961771e-01 7.026618815950594898e-01
1.728898480726368259e-01 -7.782441873233425511e-01 7.026618815834861920e-01
1.728930292128569857e-01 -7.782523906436981109e-01 7.026739059277177235e-01
1.728528051938618693e-01 -7.782579719742891422e-01 7.026785653797035236e-01
1.728528051938618693e-01 -7.782579719742891422e-01 7.026785653797035236e-01
1.728528051938618693e-01 -7.782579719742891422e-01 7.026785653797035236e-01
1.728528051938618693e-01 -7.782579719742891422e-01 7.026785653797035236e-01
1.728528051938618693e-01 -7.782579719742891422e-01 7.026785653797035236e-01
1.728470675828270020e-01 -7.782981260756571817e-01 7.026885462727492371e-01
1.728470675828270020e-01 -7.782981260756571817e-01 7.026885462727492371e-01
1.728539263662635106e-01 -7.782929909678668601e-01 7.026969246733072438e-01
1.728539263662635106e-01 -7.782929909678668601e-01 7.026969246733072438e-01
1.728539263662635106e-01 -7.782929909678668601e-01 7.026969246733072438e-01
1.728539263662635106e-01 -7.782929909678668601e-01 7.026969246733072438e-01
1.728539263662635106e-01 -7.782929909678668601e-01 7.026969246733072438e-01
1.734143625826071178e-01 -7.821538706535615670e-01 7.026806715105153867e-01
1.734143625826071178e-01 -7.821538706535615670e-01 7.026806715105153867e-01
1.734773896725150810e-01 -7.826625236245745576e-01 7.026785327216767962e-01
1.734596452277559764e-01 -7.826159333187373557e-01 7.027016272473650682e-01
1.734596452277559764e-01 -7.826159333187373557e-01 7.027016272473650682e-01
1.734518010031859681e-01 -7.825958765382892146e-01 7.027118281184633330e-01
1.734518010031859681e-01 -7.825958765382892146e-01 7.027118281184633330e-01
1.734518010031859681e-01 -7.825958765382892146e-01 7.027118281184633330e-01
1.731683180688685653e-01 -7.805602346911032496e-01 7.026926675838608416e-01
1.731683180688685653e-01 -7.805602346911032496e-01 7.026926675838608416e-01
1.731210235315720214e-01 -7.801200882375444179e-01 7.026885327516734225e-01
1.729882754517480525e-01 -7.789708084853256276e-01 7.026864698629886608e-01
1.729882754517480525e-01 -7.789708084853256276e-01 7.026864698629886608e-01
1.726323437190910304e-01 -7.761676601526031893e-01 7.026852106754062355e-01
1.726323437190910304e-01 -7.761676601526031893e-01 7.026852106754062355e-01
1.725276369543707611e-01 -7.754385123718834372e-01 7.026852160829669680e-01
1.725276369543707611e-01 -7.754385123718834372e-01 7.026852160829669680e-01
1.725276369543707611e-01 -7.754385123718834372e-01 7.026852160829669680e-01
1.716251353545721337e-01 -7.687042926469440651e-01 7.026951759641582029e-01
1.716251353545721337e-01 -7.687042926469440651e-01 7.026951759641582029e-01
1.714627605102695684e-01 -7.674676152317402300e-01 7.026970048680671876e-01
1.714627605102695684e-01 -7.674676152317402300e-01 7.026970048680671876e-01
1.714627605102695684e-01 -7.674676152317402300e-01 7.026970048680671876e-01
1.714627605102695684e-01 -7.674676152317402300e-01 7.026970048680671876e-01
1.703744722900235875e-01 -7.594917316284647280e-01 7.026901415955538743e-01
1.701751721547554441e-01 -7.578121482367308204e-01 7.026886980558180174e-01
1.694529783417448310e-01 -7.521017627225502489e-01 7.026821672486515125e-01
1.694529783417448310e-01 -7.521017627225502489e-01 7.026821672486515125e-01
1.694461481764796551e-01 -7.520525159380500035e-01 7.026821108817493666e-01
1.694461481764796551e-01 -7.520525159380500035e-01 7.026821108817493666e-01
1.694461481764796551e-01 -7.520525159380500035e-01 7.026821108817493666e-01
1.673680158501832937e-01 -7.363932792435006203e-01 7.026788755721402602e-01
1.673680158501832937e-01 -7.363932792435006203e-01 7.026788755721402602e-01
1.673680158501832937e-01 -7.363932792435006203e-01 7.026788755721402602e-01
1.673680158501832937e-01 -7.363932792435006203e-01 7.026788755721402602e-01
1.673680158501832937e-01 -7.363932792435006203e-01 7.026788755721402602e-01
1.673680158501832937e-01 -7.363932792435006203e-01 7.026788755721402602e-01
1.673680158501832937e-01 -7.363932792435006203e-01 7.026788755721402602e-01
1.673775647416372858e-01 -7.363925278199450197e-01 7.026788755721402602e-01
1.673775647416372858e-01 -7.363925278199450197e-01 7.026788755721402602e-01
1.673775647416372858e-01 -7.363925278199450197e-01 7.026788755721402602e-01
1.673775647416372858e-01 -7.363925278199450197e-01 7.026788755721402602e-01
1.648823317132681043e-01 -7.175839785549078531e-01 7.026856447864638922e-01
1.648823317132681043e-01 -7.175839785549078531e-01 7.026856447864638922e-01
1.647357243566648366e-01 -7.165662152773479843e-01 7.026808574457833467e-01
1.647357243566648366e-01 -7.165662152773479843e-01 7.026808574457833467e-01
1.647357243566648366e-01 -7.165662152773479843e-01 7.026808574457833467e-01
1.644532113802595064e-01 -7.143965562650731460e-01 7.026706602067491758e-01
1.644532113802595064e-01 -7.143965562650731460e-01 7.026706602067491758e-01
1.639127128999666172e-01 -7.099785569415847375e-01 7.026557575757871321e-01
1.639127128999666172e-01 -7.099785569415847375e-01 7.026557575757871321e-01
1.639127128999666172e-01 -7.099785569415847375e-01 7.026557575757871321e-01
1.634077451584379503e-01 -7.062264891065458405e-01 7.026557853839521250e-01
1.634077451584379503e-01 -7.062264891065458405e-01 7.026557853839521250e-01
1.633605406206788124e-01 -7.058488401968768811e-01 7.026557881812227624e-01
1.633870156914828398e-01 -7.058473919473080560e-01 7.026557881812228734e-01
1.633870156914828398e-01 -7.058473919473080560e-01 7.026557881812228734e-01
1.632481969664567323e-01 -7.050668214626608643e-01 7.026557939834788824e-01
1.632481969664567323e-01 -7.050668214626608643e-01 7.026557939834788824e-01
1.632481969664567323e-01 -7.050668214626608643e-01 7.026557939834788824e-01
1.632459795358311705e-01 -7.050487011340524912e-01 7.026557941175857191e-01
1.632459795358311705e-01 -7.050487011340524912e-01 7.026557941175857191e-01
1.631458602747641873e-01 -7.044569477400430824e-01 7.026591081111875914e-01
1.631458602747641873e-01 -7.044569477400430824e-01 7.026591081111875914e-01
1.631453748546576321e-01 -7.044494469871581677e-01 7.026591499136558561e-01
1.631453748546576321e-01 -7.044494469871581677e-01 7.026591499136558561e-01
1.631453748546576321e-01 -7.044494469871581677e-01 7.026591499136558561e-01
1.626351143887018735e-01 -7.004054833749669973e-01 7.026700252957166493e-01
1.626351143887018735e-01 -7.004054833749669973e-01 7.026700252957166493e-01
1.626351143887018735e-01 -7.004054833749669973e-01 7.026700252957166493e-01
1.626004481881255792e-01 -7.001299736084164449e-01 7.026707659094896252e-01
1.626004481881255792e-01 -7.001299736084164449e-01 7.026707659094896252e-01
1.626004481881255792e-01 -7.001299736084164449e-01 7.026707659094896252e-01
1.620462646606269930e-01 -6.956575889943307223e-01 7.026617663516245837e-01
1.618607459128535153e-01 -6.943963433068252034e-01 7.026592243868187149e-01
1.618607459128535153e-01 -6.943963433068252034e-01 7.026592243868187149e-01
1.618607459128535153e-01 -6.943963433068252034e-01 7.026592243868187149e-01
1.618607459128535153e-01 -6.943963433068252034e-01 7.026592243868187149e-01
1.608775355399101326e-01 -6.870424055956482201e-01 7.026562911971084846e-01
1.607585401570589267e-01 -6.861473273202796097e-01 7.026559341723415120e-01
1.603813057855327240e-01 -6.833058008700105823e-01 7.026579598837418006e-01
1.603813057855327240e-01 -6.833058008700105823e-01 7.026579598837418006e-01
1.601255925349280296e-01 -6.813965919812585703e-01 7.026593207232031402e-01
1.601255925349280296e-01 -6.813965919812585703e-01 7.026593207232031402e-01
1.601255925349280296e-01 -6.813965919812585703e-01 7.026593207232031402e-01
1.582671236223191780e-01 -6.674365715127464904e-01 7.026528082357342830e-01
1.582671236223191780e-01 -6.674365715127464904e-01 7.026528082357342830e-01
1.582671236223191780e-01 -6.674365715127464904e-01 7.026528082357342830e-01
1.577274891360638531e-01 -6.632118741258529182e-01 7.026556936062444692e-01
1.577274891360638531e-01 -6.632118741258529182e-01 7.026556936062444692e-01
1.576493102691413351e-01 -6.626480066623602339e-01 7.026561083061600987e-01
1.573586710221630824e-01 -6.605810803237005535e-01 7.026599360978439401e-01
1.573586710221630824e-01 -6.605810803237005535e-01 7.026599360978439401e-01
1.571628154962608215e-01 -6.590523072390332970e-01 7.026627647909111651e-01
1.571628154962608215e-01 -6.590523072390332970e-01 7.026627647909111651e-01
1.571628154962608215e-01 -6.590523072390332970e-01 7.026627647909111651e-01
1.562138654501509238e-01 -6.517475591226442599e-01 7.026536058381109839e-01
1.562138654501509238e-01 -6.517475591226442599e-01 7.026536058381109839e-01
1.558999524674938297e-01 -6.490741754695646959e-01 7.026689571723208072e-01
1.558999524674938297e-01 -6.490741754695646959e-01 7.026689571723208072e-01
1.558596899846489969e-01 -6.487942103964036145e-01 7.026711462864999591e-01
1.558596899846489969e-01 -6.487942103964036145e-01 7.026711462864999591e-01
1.558596899846489969e-01 -6.487942103964036145e-01 7.026711462864999591e-01
1.558596899846489969e-01 -6.487942103964036145e-01 7.026711462864999591e-01
1.554216107121015877e-01 -6.456294459913598516e-01 7.026573945280836231e-01
1.553874941978191926e-01 -6.453628972745923953e-01 7.026562363736277295e-01
1.553206566972153979e-01 -6.448290672532617229e-01 7.026543622221849139e-01
1.553206566972153979e-01 -6.448290672532617229e-01 7.026543622221849139e-01
1.552520010461252986e-01 -6.444108377805207732e-01 7.026528920896758512e-01
1.551784766998592080e-01 -6.440669834827255080e-01 7.026559521102008210e-01
1.551784766998592080e-01 -6.440669834827255080e-01 7.026559521102008210e-01
1.551785854477234217e-01 -6.440334349452748741e-01 7.026562462411987120e-01
1.551785854477234217e-01 -6.440334349452748741e-01 7.026562462411987120e-01
1.551785854477234217e-01 -6.440334349452748741e-01 7.026562462411987120e-01
1.552476482839071636e-01 -6.440334182318651068e-01 7.026594072202169139e-01
1.552427000798081158e-01 -6.440340894829741369e-01 7.026595975522714754e-01
1.552165640101289268e-01 -6.440376382313596215e-01 7.026685556636557139e-01
1.552270498243396857e-01 -6.440377045840776082e-01 7.026745328816680347e-01
1.552270498243396857e-01 -6.440377045840776082e-01 7.026745328816680347e-01
1.552270498243396857e-01 -6.440377045840776082e-01 7.026745328816680347e-01
1.552270498243396857e-01 -6.440377045840776082e-01 7.026745328816680347e-01
1.552270498243396857e-01 -6.440377045840776082e-01 7.026745328816680347e-01
1.550958988878388956e-01 -6.432803341167482314e-01 7.026623182858000582e-01
1.550393199626293461e-01 -6.426940883090291878e-01 7.026529047978902209e-01
1.550393199626293461e-01 -6.426940883090291878e-01 7.026529047978902209e-01
1.550393199626293461e-01 -6.426940883090291878e-01 7.026529047978902209e-01
1.550393199626293461e-01 -6.426940883090291878e-01 7.026529047978902209e-01
1.544917869814323996e-01 -6.387306450486236464e-01 7.026529341774635506e-01
1.544917869814323996e-01 -6.387306450486236464e-01 7.026529341774635506e-01
1.538778146486831921e-01 -6.338139320284115197e-01 7.026716931162968471e-01
1.538778146486831921e-01 -6.338139320284115197e-01 7.026716931162968471e-01
1.538156511484773947e-01 -6.333229064642569295e-01 7.026746122708841247e-01
1.534526731813666278e-01 -6.304704124906982399e-01 7.026644023334510658e-01
1.534526731813666278e-01 -6.304704124906982399e-01 7.026644023334510658e-01
1.534526731813666278e-01 -6.304704124906982399e-01 7.026644023334510658e-01
1.532784212528885137e-01 -6.291589960455605812e-01 7.026597077754737075e-01
1.532784212528885137e-01 -6.291589960455605812e-01 7.026597077754737075e-01
1.525858896333805448e-01 -6.239466249202337833e-01 7.026649705639408383e-01
1.521641741592481556e-01 -6.208733589174618706e-01 7.026680746896540875e-01
1.521641741592481556e-01 -6.208733589174618706e-01 7.026680746896540875e-01
1.521641741592481556e-01 -6.208733589174618706e-01 7.026680746896540875e-01
1.521641741592481556e-01 -6.208733589174618706e-01 7.026680746896540875e-01
1.508517391507989414e-01 -6.106680588060626746e-01 7.026564934411221319e-01
1.508517391507989414e-01 -6.106680588060626746e-01 7.026564934411221319e-01
1.508517391507989414e-01 -6.106680588060626746e-01 7.026564934411221319e-01
1.501909075352339529e-01 -6.055857994511835152e-01 7.026598824371315111e-01
1.501909075352339529e-01 -6.055857994511835152e-01 7.026598824371315111e-01
1.501510104623850761e-01 -6.052787137266749662e-01 7.026598847119041036e-01
1.496157108467423003e-01 -6.012868896448848588e-01 7.026599142912350882e-01
1.496157108467423003e-01 -6.012868896448848588e-01 7.026599142912350882e-01
1.496157108467423003e-01 -6.012868896448848588e-01 7.026599142912350882e-01
1.496157108467423003e-01 -6.012868896448848588e-01 7.026599142912350882e-01
1.496157108467423003e-01 -6.012868896448848588e-01 7.026599142912350882e-01
1.485678366914869597e-01 -5.932163831079650951e-01 7.026599740948558104e-01
1.485678366914869597e-01 -5.932163831079650951e-01 7.026599740948558104e-01
1.480919216372131864e-01 -5.897189744645688902e-01 7.026682836220032868e-01
1.480919216372131864e-01 -5.897189744645688902e-01 7.026682836220032868e-01
1.480919216372131864e-01 -5.897189744645688902e-01 7.026682836220032868e-01
1.480906385994027186e-01 -5.897097279603186193e-01 7.026683055930766919e-01
1.480906385994027186e-01 -5.897097279603186193e-01 7.026683055930766919e-01
1.477279273100724488e-01 -5.871627429088204231e-01 7.026701300967832520e-01
1.477279273100724488e-01 -5.871627429088204231e-01 7.026701300967832520e-01
1.474771484830380563e-01 -5.850829048542868227e-01 7.026716183654454495e-01
1.473700326508260716e-01 -5.841394709182734513e-01 7.026660412438641146e-01
1.473037090246518688e-01 -5.836804476292118959e-01 7.026633232418869612e-01
1.472308789351174929e-01 -5.831956192310504550e-01 7.026658424144102133e-01
1.471500017187623577e-01 -5.827123098186155481e-01 7.026683574462428972e-01
1.471500017187623577e-01 -5.827123098186155481e-01 7.026683574462428972e-01
1.471500017187623577e-01 -5.827123098186155481e-01 7.026683574462428972e-01
1.471500017187623577e-01 -5.827123098186155481e-01 7.026683574462428972e-01
1.471500017187623577e-01 -5.827123098186155481e-01 7.026683574462428972e-01
1.471320852020206460e-01 -5.826617615032536612e-01 7.026633308053044091e-01
1.471320852020206460e-01 -5.826617615032536612e-01 7.026633308053044091e-01
1.471320852020206460e-01 -5.826617615032536612e-01 7.026633308053044091e-01
1.471320852020206460e-01 -5.826617615032536612e-01 7.026633308053044091e-01
1.471320852020206460e-01 -5.826617615032536612e-01 7.026633308053044091e-01
1.471477778961001182e-01 -5.826823012839855709e-01 7.026567008099605660e-01
1.471477778961001182e-01 -5.826823012839855709e-01 7.026567008099605660e-01
1.471477778961001182e-01 -5.826823012839855709e-01 7.026567008099605660e-01
1.471477778961001182e-01 -5.826823012839855709e-01 7.026567008099605660e-01
1.471477778961001182e-01 -5.826823012839855709e-01 7.026567008099605660e-01
1.471914341461070808e-01 -5.827032757779880834e-01 7.026416924405843867e-01
1.471914341461070808e-01 -5.827032757779880834e-01 7.026416924405843867e-01
1.471938586676370397e-01 -5.827032580698012776e-01 7.026438065907703034e-01
1.471938586676370397e-01 -5.827032580698012776e-01 7.026438065907703034e-01
1.471646388308376630e-01 -5.827050182202632156e-01 7.026567006429202955e-01
1.471461211680494263e-01 -5.827158768872234829e-01 7.026430938225808331e-01
1.471409970553770596e-01 -5.827226041436839310e-01 7.026333139520849480e-01
1.471409970553770596e-01 -5.827226041436839310e-01 7.026333139520849480e-01
1.471353199886693830e-01 -5.827335007190432847e-01 7.026407382626749243e-01
1.471586752014825139e-01 -5.827439482115389646e-01 7.026483219872846631e-01
1.471586752014825139e-01 -5.827439482115389646e-01 7.026483219872846631e-01
1.471586752014825139e-01 -5.827439482115389646e-01 7.026483219872846631e-01
1.471586752014825139e-01 -5.827439482115389646e-01 7.026483219872846631e-01
1.471627285024467713e-01 -5.827504012247163301e-01 7.026450434437183645e-01
1.471627285024467713e-01 -5.827504012247163301e-01 7.026450434437183645e-01
1.471208103908129838e-01 -5.827684693811838734e-01 7.026527425771631474e-01
1.471208103908129838e-01 -5.827684693811838734e-01 7.026527425771631474e-01
1.471208103908129838e-01 -5.827684693811838734e-01 7.026527425771631474e-01
1.471643312983338114e-01 -5.827715209296127075e-01 7.026533488042011610e-01
1.471643312983338114e-01 -5.827715209296127075e-01 7.026533488042011610e-01
1.471643312983338114e-01 -5.827715209296127075e-01 7.026533488042011610e-01
1.471715310950219846e-01 -5.827806077706486620e-01 7.026533487339442496e-01
1.471715310950219846e-01 -5.827806077706486620e-01 7.026533487339442496e-01
1.471715310950219846e-01 -5.827806077706486620e-01 7.026533487339442496e-01
1.471865833487802921e-01 -5.827804980440387528e-01 7.026533487339443607e-01
1.471865833487802921e-01 -5.827804980440387528e-01 7.026533487339443607e-01
1.471865833487802921e-01 -5.827804980440387528e-01 7.026533487339443607e-01
1.471865833487802921e-01 -5.827804980440387528e-01 7.026533487339443607e-01
1.470266754986177260e-01 -5.827923191246382473e-01 7.026483235345070133e-01
1.470266754986177260e-01 -5.827923191246382473e-01 7.026483235345070133e-01
1.470266472118198497e-01 -5.827923227083195989e-01 7.026483213311259801e-01
1.470542018199391121e-01 -5.827932287904311615e-01 7.026607615047815170e-01
1.470534506486059767e-01 -5.827934816117452677e-01 7.026633295159701031e-01
1.470534506486059767e-01 -5.827934816117452677e-01 7.026633295159701031e-01
1.470534506486059767e-01 -5.827934816117452677e-01 7.026633295159701031e-01
1.470534506486059767e-01 -5.827934816117452677e-01 7.026633295159701031e-01
1.471446046106196226e-01 -5.827899213186520377e-01 7.026562022353726178e-01
1.471669636140101323e-01 -5.827902674296676633e-01 7.026533486635909709e-01
1.471669636140101323e-01 -5.827902674296676633e-01 7.026533486635909709e-01
1.471635302552449232e-01 -5.827886670172890415e-01 7.026567000272359031e-01
1.471635302552449232e-01 -5.827886670172890415e-01 7.026567000272359031e-01
1.471336773553860167e-01 -5.827883870872674343e-01 7.026538824321373333e-01
1.470393319789153885e-01 -5.827867745695657353e-01 7.026450428755010025e-01
1.470393319789153885e-01 -5.827867745695657353e-01 7.026450428755010025e-01
1.470393319789153885e-01 -5.827867745695657353e-01 7.026450428755010025e-01
1.470393319789153885e-01 -5.827867745695657353e-01 7.026450428755010025e-01
1.470514722994750445e-01 -5.827872921035418541e-01 7.026462755284730299e-01
1.471734042003519094e-01 -5.827948494037532567e-01 7.026600513207200693e-01
1.471734042003519094e-01 -5.827948494037532567e-01 7.026600513207200693e-01
1.471734042003519094e-01 -5.827948494037532567e-01 7.026600513207200693e-01
1.471734042003519094e-01 -5.827948494037532567e-01 7.026600513207200693e-01
1.471822754759150587e-01 -5.827872701693697088e-01 7.026551525393636144e-01
1.471837931498629626e-01 -5.827850649260101212e-01 7.026533486986716870e-01
1.471837931498629626e-01 -5.827850649260101212e-01 7.026533486986716870e-01
1.471853212360353103e-01 -5.827883614512354704e-01 7.026533486757993163e-01
1.471957374974995625e-01 -5.827943145916970602e-01 7.026533486284147756e-01
1.471957374974995625e-01 -5.827943145916970602e-01 7.026533486284147756e-01
1.471957374974995625e-01 -5.827943145916970602e-01 7.026533486284147756e-01
1.471957374974995625e-01 -5.827943145916970602e-01 7.026533486284147756e-01
1.471484524497613244e-01 -5.827945425068522534e-01 7.026637275210249056e-01
1.471783573056664740e-01 -5.827922742745837992e-01 7.026716353391402325e-01
1.471783573056664740e-01 -5.827922742745837992e-01 7.026716353391402325e-01
1.471783573056664740e-01 -5.827922742745837992e-01 7.026716353391402325e-01
1.471783573056664740e-01 -5.827922742745837992e-01 7.026716353391402325e-01
1.467171553024769759e-01 -5.795140256277684365e-01 7.026602895129139270e-01
1.467171553024769759e-01 -5.795140256277684365e-01 7.026602895129139270e-01
1.465927600860842950e-01 -5.784849959458383539e-01 7.026567319114771504e-01
1.466340421351401413e-01 -5.786961961000378629e-01 7.026587132055627238e-01
1.466556402048951047e-01 -5.788425518585373908e-01 7.026600806016153333e-01
1.466556402048951047e-01 -5.788425518585373908e-01 7.026600806016153333e-01
1.466556402048951047e-01 -5.788425518585373908e-01 7.026600806016153333e-01
1.466556402048951047e-01 -5.788425518585373908e-01 7.026600806016153333e-01
1.469198094822293243e-01 -5.808691666993812674e-01 7.026554748857615218e-01
1.469198094822293243e-01 -5.808691666993812674e-01 7.026554748857615218e-01
1.469198094822293243e-01 -5.808691666993812674e-01 7.026554748857615218e-01
1.470611653067469826e-01 -5.818002810892998200e-01 7.026533559843849419e-01
1.470611653067469826e-01 -5.818002810892998200e-01 7.026533559843849419e-01
1.479566324626248874e-01 -5.887498277134914915e-01 7.026589800452149870e-01
1.479566324626248874e-01 -5.887498277134914915e-01 7.026589800452149870e-01
1.481220105382363150e-01 -5.900072170698961171e-01 7.026599978792862355e-01
1.484626933632298973e-01 -5.925974692828789303e-01 7.026552843449191954e-01
1.486066251222256662e-01 -5.937056609727574541e-01 7.026532677827946882e-01
1.486066251222256662e-01 -5.937056609727574541e-01 7.026532677827946882e-01
1.486066251222256662e-01 -5.937056609727574541e-01 7.026532677827946882e-01
1.486066251222256662e-01 -5.937056609727574541e-01 7.026532677827946882e-01
1.493336632332360470e-01 -5.991426473376473272e-01 7.026581596460568235e-01
1.495873251433076923e-01 -6.010953810876535908e-01 7.026599157196844470e-01
1.495873251433076923e-01 -6.010953810876535908e-01 7.026599157196844470e-01
1.495873251433076923e-01 -6.010953810876535908e-01 7.026599157196844470e-01
1.495873251433076923e-01 -6.010953810876535908e-01 7.026599157196844470e-01
1.505889762107798513e-01 -6.088535226097420150e-01 7.026680734717687393e-01
1.510053149457417643e-01 -6.120339929891642772e-01 7.026714186778152405e-01
1.510053149457417643e-01 -6.120339929891642772e-01 7.026714186778152405e-01
1.513058325501118184e-01 -6.143313290402855342e-01 7.026659814145874705e-01
1.516614995450101533e-01 -6.169434198497317778e-01 7.026597982935745001e-01
1.516614995450101533e-01 -6.169434198497317778e-01 7.026597982935745001e-01
1.516614995450101533e-01 -6.169434198497317778e-01 7.026597982935745001e-01
1.516614995450101533e-01 -6.169434198497317778e-01 7.026597982935745001e-01
1.525217634501538910e-01 -6.235895855253275055e-01 7.026597490468260432e-01
1.525217634501538910e-01 -6.235895855253275055e-01 7.026597490468260432e-01
1.525217634501538910e-01 -6.235895855253275055e-01 7.026597490468260432e-01
1.525217634501538910e-01 -6.235895855253275055e-01 7.026597490468260432e-01
1.525217634501538910e-01 -6.235895855253275055e-01 7.026597490468260432e-01
1.528908165059851831e-01 -6.262787745576691156e-01 7.026597291148525271e-01
1.528908165059851831e-01 -6.262787745576691156e-01 7.026597291148525271e-01
1.528908165059851831e-01 -6.262787745576691156e-01 7.026597291148525271e-01
1.528908165059851831e-01 -6.262787745576691156e-01 7.026597291148525271e-01
1.528908165059851831e-01 -6.262787745576691156e-01 7.026597291148525271e-01
1.540565004430307083e-01 -6.351364596508755067e-01 7.026622988570624395e-01
1.543462863553535513e-01 -6.372978943612385150e-01 7.026629259562066077e-01
1.543462863553535513e-01 -6.372978943612385150e-01 7.026629259562066077e-01
1.543806298276755307e-01 -6.375109246042275357e-01 7.026614558783490505e-01
1.544330461150748290e-01 -6.377727537557746906e-01 7.026596439388214099e-01
1.544330461150748290e-01 -6.377727537557746906e-01 7.026596439388214099e-01
1.544330461150748290e-01 -6.377727537557746906e-01 7.026596439388214099e-01
1.544330461150748290e-01 -6.377727537557746906e-01 7.026596439388214099e-01
1.544343414037534223e-01 -6.380457551628017088e-01 7.026569553392792988e-01
1.544462182293021291e-01 -6.381127779199509131e-01 7.026562900862026728e-01
1.544462182293021291e-01 -6.381127779199509131e-01 7.026562900862026728e-01
1.544462182293021291e-01 -6.381127779199509131e-01 7.026562900862026728e-01
1.544462182293021291e-01 -6.381127779199509131e-01 7.026562900862026728e-01
1.544498007669067308e-01 -6.380819082826719724e-01 7.026609744483564013e-01
1.544481515526507920e-01 -6.380693691726736505e-01 7.026629202397451923e-01
1.544481515526507920e-01 -6.380693691726736505e-01 7.026629202397451923e-01
1.544450278393246223e-01 -6.380456194565754524e-01 7.026712259257539284e-01
1.544450278393246223e-01 -6.380456194565754524e-01 7.026712259257539284e-01
1.544450278393246223e-01 -6.380456194565754524e-01 7.026712259257539284e-01
1.544450278393246223e-01 -6.380456194565754524e-01 7.026712259257539284e-01
1.544450278393246223e-01 -6.380456194565754524e-01 7.026712259257539284e-01
1.544031511058521766e-01 -6.378982737779076428e-01 7.026741011294117545e-01
1.544031511058521766e-01 -6.378982737779076428e-01 7.026741011294117545e-01
1.543949852717419469e-01 -6.378676698399715628e-01 7.026745786044188424e-01
1.543949852717419469e-01 -6.378676698399715628e-01 7.026745786044188424e-01
1.544123045397456095e-01 -6.378635813339145200e-01 7.026745786262003080e-01
1.544123045397456095e-01 -6.378635813339145200e-01 7.026745786262003080e-01
1.544123045397456095e-01 -6.378635813339145200e-01 7.026745786262003080e-01
1.544123045397456095e-01 -6.378635813339145200e-01 7.026745786262003080e-01
1.544103545165135261e-01 -6.378716732714178050e-01 7.026848333958880533e-01
1.544124497935420171e-01 -6.378724128037960295e-01 7.026862354208727179e-01
1.544179602372821314e-01 -6.378760777627635603e-01 7.026822238362078199e-01
1.544179602372821314e-01 -6.378760777627635603e-01 7.026822238362078199e-01
1.544179602372821314e-01 -6.378760777627635603e-01 7.026822238362078199e-01
1.544222026697832095e-01 -6.378785482585921374e-01 7.026796055310574607e-01
1.544222026697832095e-01 -6.378785482585921374e-01 7.026796055310574607e-01
1.544363539505782812e-01 -6.378668194504433231e-01 7.026852350821932713e-01
1.544363539505782812e-01 -6.378668194504433231e-01 7.026852350821932713e-01
1.544272500233518086e-01 -6.378654782911566956e-01 7.026862354648911735e-01
1.544272500233518086e-01 -6.378654782911566956e-01 7.026862354648911735e-01
1.544272500233518086e-01 -6.378654782911566956e-01 7.026862354648911735e-01
1.544272500233518086e-01 -6.378654782911566956e-01 7.026862354648911735e-01
1.543482504194874927e-01 -6.378767194090626536e-01 7.026774987446103848e-01
1.543815377222215734e-01 -6.378763159438519681e-01 7.026745785470047689e-01
1.544172159360109875e-01 -6.378793352828013852e-01 7.026745785051037307e-01
1.544172159360109875e-01 -6.378793352828013852e-01 7.026745785051037307e-01
1.544065042133228038e-01 -6.378851669972247507e-01 7.026745784679059303e-01
1.543902244999648954e-01 -6.378766477328834394e-01 7.026724961736615649e-01
1.543894560980163533e-01 -6.378708031059809880e-01 7.026712272361247402e-01
1.543894560980163533e-01 -6.378708031059809880e-01 7.026712272361247402e-01
1.543894560980163533e-01 -6.378708031059809880e-01 7.026712272361247402e-01
1.543894560980163533e-01 -6.378708031059809880e-01 7.026712272361247402e-01
1.543902394626002761e-01 -6.378767615053815287e-01 7.026712271919751673e-01
1.543902394626002761e-01 -6.378767615053815287e-01 7.026712271919751673e-01
1.544046312852943026e-01 -6.378739035319500594e-01 7.026688130440023050e-01
1.544046312852943026e-01 -6.378739035319500594e-01 7.026688130440023050e-01
1.544080937176482704e-01 -6.378692647064897470e-01 7.026679487453232342e-01
1.544178065696638624e-01 -6.378749094437987655e-01 7.026834325978001949e-01
1.544314727328214842e-01 -6.378781402365509834e-01 7.026946137333935916e-01
1.544314727328214842e-01 -6.378781402365509834e-01 7.026946137333935916e-01
1.544380801831748140e-01 -6.378836486300984987e-01 7.026829568332875198e-01
1.544380801831748140e-01 -6.378836486300984987e-01 7.026829568332875198e-01
1.544380801831748140e-01 -6.378836486300984987e-01 7.026829568332875198e-01
1.544380801831748140e-01 -6.378836486300984987e-01 7.026829568332875198e-01
1.544380801831748140e-01 -6.378836486300984987e-01 7.026829568332875198e-01
1.544347509635280447e-01 -6.378908806890162264e-01 7.026694305455400968e-01
1.544347509635280447e-01 -6.378908806890162264e-01 7.026694305455400968e-01
1.544347509635280447e-01 -6.378908806890162264e-01 7.026694305455400968e-01
1.544229738419453934e-01 -6.378918734544535285e-01 7.026679485781870405e-01
1.544229738419453934e-01 -6.378918734544535285e-01 7.026679485781870405e-01
1.544229738419453934e-01 -6.378918734544535285e-01 7.026679485781870405e-01
1.544229738419453934e-01 -6.378918734544535285e-01 7.026679485781870405e-01
1.544202346854765540e-01 -6.378933705156981659e-01 7.026769138735892151e-01
1.544245797836100165e-01 -6.378937801397284169e-01 7.026829567628387618e-01
1.544245797836100165e-01 -6.378937801397284169e-01 7.026829567628387618e-01
1.544250768563066034e-01 -6.378939301203834233e-01 7.026808698205684323e-01
1.544253596216648428e-01 -6.378960794198533790e-01 7.026596430329798970e-01
1.544253596216648428e-01 -6.378960794198533790e-01 7.026596430329798970e-01
1.544253596216648428e-01 -6.378960794198533790e-01 7.026596430329798970e-01
1.544253596216648428e-01 -6.378960794198533790e-01 7.026596430329798970e-01
1.544306682296845423e-01 -6.378913285680576362e-01 7.026531391925113779e-01
1.544306682296845423e-01 -6.378913285680576362e-01 7.026531391925113779e-01
1.544306682296845423e-01 -6.378913285680576362e-01 7.026531391925113779e-01
1.543938388947240503e-01 -6.378938153490735230e-01 7.026529403758507986e-01
1.543938388947240503e-01 -6.378938153490735230e-01 7.026529403758507986e-01
1.543938388947240503e-01 -6.378938153490735230e-01 7.026529403758507986e-01
1.543938388947240503e-01 -6.378938153490735230e-01 7.026529403758507986e-01
1.543938388947240503e-01 -6.378938153490735230e-01 7.026529403758507986e-01
1.543930458686731400e-01 -6.378981075842840021e-01 7.026745783799650535e-01
1.543930458686731400e-01 -6.378981075842840021e-01 7.026745783799650535e-01
1.543930458686731400e-01 -6.378981075842840021e-01 7.026745783799650535e-01
1.544012038565076295e-01 -6.378907652289439456e-01 7.026745784327295130e-01
1.544012038565076295e-01 -6.378907652289439456e-01 7.026745784327295130e-01
1.544012038565076295e-01 -6.378907652289439456e-01 7.026745784327295130e-01
1.544012038565076295e-01 -6.378907652289439456e-01 7.026745784327295130e-01
1.544012038565076295e-01 -6.378907652289439456e-01 7.026745784327295130e-01
1.544356464445184873e-01 -6.378929226763492277e-01 7.026712547845226364e-01
1.544356464445184873e-01 -6.378929226763492277e-01 7.026712547845226364e-01
1.544353536197350940e-01 -6.378929887656658027e-01 7.026712270513045810e-01
1.544353536197350940e-01 -6.378929887656658027e-01 7.026712270513045810e-01
1.544353536197350940e-01 -6.378929887656658027e-01 7.026712270513045810e-01
1.544195227129981918e-01 -6.378962567552470819e-01 7.026679485430106231e-01
1.544195227129981918e-01 -6.378962567552470819e-01 7.026679485430106231e-01
1.544195227129981918e-01 -6.378962567552470819e-01 7.026679485430106231e-01
1.544195227129981918e-01 -6.378962567552470819e-01 7.026679485430106231e-01
1.544195227129981918e-01 -6.378962567552470819e-01 7.026679485430106231e-01
1.544401560870505286e-01 -6.378957186848459582e-01 7.026647321628970433e-01
1.544401560870505286e-01 -6.378957186848459582e-01 7.026647321628970433e-01
1.544401560870505286e-01 -6.378957186848459582e-01 7.026647321628970433e-01
1.544401560870505286e-01 -6.378957186848459582e-01 7.026647321628970433e-01
1.544401560870505286e-01 -6.378957186848459582e-01 7.026647321628970433e-01
1.544404315175380848e-01 -6.378949737125495512e-01 7.026596430329797860e-01
1.544404315175380848e-01 -6.378949737125495512e-01 7.026596430329797860e-01
1.544404315175380848e-01 -6.378949737125495512e-01 7.026596430329797860e-01
1.543921528599171422e-01 -6.378951361163913703e-01 7.026568404027552228e-01
1.543921528599171422e-01 -6.378951361163913703e-01 7.026568404027552228e-01
1.543907019214172394e-01 -6.378942374438386631e-01 7.026562917220036120e-01
1.543907019214172394e-01 -6.378942374438386631e-01 7.026562917220036120e-01
1.543907019214172394e-01 -6.378942374438386631e-01 7.026562917220036120e-01
1.544269806697807224e-01 -6.379084048334526802e-01 7.026738235081587680e-01
1.544269806697807224e-01 -6.379084048334526802e-01 7.026738235081587680e-01
1.544269806697807224e-01 -6.379084048334526802e-01 7.026738235081587680e-01
1.544262933925199810e-01 -6.379091958710836341e-01 7.026745782831816944e-01
1.544262933925199810e-01 -6.379091958710836341e-01 7.026745782831816944e-01
1.544415716536818306e-01 -6.378928594838766397e-01 7.026616810806370905e-01
1.544415716536818306e-01 -6.378928594838766397e-01 7.026616810806370905e-01
1.544374173934815742e-01 -6.378908330845692864e-01 7.026596430681564254e-01
1.544293060297642628e-01 -6.378945941778685347e-01 7.026666394485452383e-01
1.544217430637286892e-01 -6.378966648929257355e-01 7.026712270338123512e-01
1.544217430637286892e-01 -6.378966648929257355e-01 7.026712270338123512e-01
1.544217430637286892e-01 -6.378966648929257355e-01 7.026712270338123512e-01
1.544217430637286892e-01 -6.378966648929257355e-01 7.026712270338123512e-01
1.544242381243345896e-01 -6.378890020267962147e-01 7.026679485957750826e-01
1.544242381243345896e-01 -6.378890020267962147e-01 7.026679485957750826e-01
1.544242381243345896e-01 -6.378890020267962147e-01 7.026679485957750826e-01
1.544242381243345896e-01 -6.378890020267962147e-01 7.026679485957750826e-01
1.544242381243345896e-01 -6.378890020267962147e-01 7.026679485957750826e-01
1.544323037086723915e-01 -6.378773409821347773e-01 7.026630515709143543e-01
1.544323037086723915e-01 -6.378773409821347773e-01 7.026630515709143543e-01
1.544317468917149883e-01 -6.378771335602195780e-01 7.026629216556451452e-01
1.544242354699794650e-01 -6.378875326606470164e-01 7.026701188800544839e-01
1.544197927464078246e-01 -6.378892875749121449e-01 7.026712270865768106e-01
1.543989123537984620e-01 -6.378975360897986002e-01 7.026618595432309045e-01
1.543989123537984620e-01 -6.378975360897986002e-01 7.026618595432309045e-01
1.544155393210785987e-01 -6.379005826332533324e-01 7.026562916604933706e-01
1.544503240825955692e-01 -6.378916590581296120e-01 7.026659166579524163e-01
1.544503240825955692e-01 -6.378916590581296120e-01 7.026659166579524163e-01
1.544449043595642057e-01 -6.378906323988898786e-01 7.026679485781865964e-01
1.544449043595642057e-01 -6.378906323988898786e-01 7.026679485781865964e-01
1.544449043595642057e-01 -6.378906323988898786e-01 7.026679485781865964e-01
1.543929381438136073e-01 -6.378972879073753210e-01 7.026637881354486082e-01
1.543929381438136073e-01 -6.378972879073753210e-01 7.026637881354486082e-01
1.543929381438136073e-01 -6.378972879073753210e-01 7.026637881354486082e-01
1.544193905737221151e-01 -6.378964529877604317e-01 7.026629215237817361e-01
1.544193905737221151e-01 -6.378964529877604317e-01 7.026629215237817361e-01
1.544193905737221151e-01 -6.378964529877604317e-01 7.026629215237817361e-01
1.544193905737221151e-01 -6.378964529877604317e-01 7.026629215237817361e-01
1.544193905737221151e-01 -6.378964529877604317e-01 7.026629215237817361e-01
1.544023208341174791e-01 -6.378925991680209906e-01 7.026677123406305236e-01
1.544023208341174791e-01 -6.378925991680209906e-01 7.026677123406305236e-01
1.544045929576907117e-01 -6.378922689438256688e-01 7.026679485781865964e-01
1.544045929576907117e-01 -6.378922689438256688e-01 7.026679485781865964e-01
1.544045929576907117e-01 -6.378922689438256688e-01 7.026679485781865964e-01
1.544250310471513288e-01 -6.378935811542190137e-01 7.026569574540761920e-01
1.544250310471513288e-01 -6.378935811542190137e-01 7.026569574540761920e-01
1.544312000442208122e-01 -6.378933925567097374e-01 7.026562917043195355e-01
1.544312000442208122e-01 -6.378933925567097374e-01 7.026562917043195355e-01
1.544312000442208122e-01 -6.378933925567097374e-01 7.026562917043195355e-01
1.544319465803663527e-01 -6.379010470765629215e-01 7.026593088940976672e-01
1.544319465803663527e-01 -6.379010470765629215e-01 7.026593088940976672e-01
1.544319465803663527e-01 -6.379010470765629215e-01 7.026593088940976672e-01
1.544319465803663527e-01 -6.379010470765629215e-01 7.026593088940976672e-01
1.544245701849602803e-01 -6.379024090701113092e-01 7.026596429889614415e-01
1.544245701849602803e-01 -6.379024090701113092e-01 7.026596429889614415e-01
1.544245701849602803e-01 -6.379024090701113092e-01 7.026596429889614415e-01
1.544245701849602803e-01 -6.379024090701113092e-01 7.026596429889614415e-01
1.544308207213593021e-01 -6.379014064450350130e-01 7.026624415723309314e-01
1.544292755749396562e-01 -6.379016086713141798e-01 7.026629214797628364e-01
1.544292755749396562e-01 -6.379016086713141798e-01 7.026629214797628364e-01
1.544292755749396562e-01 -6.379016086713141798e-01 7.026629214797628364e-01
1.544292755749396562e-01 -6.379016086713141798e-01 7.026629214797628364e-01
1.544409955148632052e-01 -6.378983450895576723e-01 7.049247886471449176e-01
1.544409955148632052e-01 -6.378983450895576723e-01 7.049247886471449176e-01
1.544298429225818003e-01 -6.378861014458260259e-01 7.063605099051925018e-01
1.544298429225818003e-01 -6.378861014458260259e-01 7.063605099051925018e-01
1.544298429225818003e-01 -6.378861014458260259e-01 7.063605099051925018e-01
1.544299962201393095e-01 -6.378873715168753566e-01 7.100766419561631571e-01
1.544299962201393095e-01 -6.378873715168753566e-01 7.100766419561631571e-01
1.544298880665700979e-01 -6.378875746308931838e-01 7.105112642787293487e-01
1.544298880665700979e-01 -6.378875746308931838e-01 7.105112642787293487e-01
1.544298880665700979e-01 -6.378875746308931838e-01 7.105112642787293487e-01
1.544143288739635300e-01 -6.378949518860362877e-01 7.178725330963431350e-01
1.544143288739635300e-01 -6.378949518860362877e-01 7.178725330963431350e-01
1.544266979934676431e-01 -6.378949970229722544e-01 7.187112797081292026e-01
1.544266979934676431e-01 -6.378949970229722544e-01 7.187112797081292026e-01
1.544266979934676431e-01 -6.378949970229722544e-01 7.187112797081292026e-01
1.545440668697824760e-01 -6.378788841368341345e-01 7.284894700798824063e-01
1.545440668697824760e-01 -6.378788841368341345e-01 7.284894700798824063e-01
1.545652530098248767e-01 -6.378752359064445709e-01 7.310346170897941143e-01
1.545652530098248767e-01 -6.378752359064445709e-01 7.310346170897941143e-01
1.545652530098248767e-01 -6.378752359064445709e-01 7.310346170897941143e-01
1.545391082061292609e-01 -6.378871162981747389e-01 7.438906116273090730e-01
1.545391082061292609e-01 -6.378871162981747389e-01 7.438906116273090730e-01
1.545497186910868015e-01 -6.378876053336426377e-01 7.461545794552955080e-01
1.545497186910868015e-01 -6.378876053336426377e-01 7.461545794552955080e-01
1.545497186910868015e-01 -6.378876053336426377e-01 7.461545794552955080e-01
1.545497186910868015e-01 -6.378876053336426377e-01 7.461545794552955080e-01
1.545927890428004103e-01 -6.378897618989637364e-01 7.598646451094415166e-01
1.545927890428004103e-01 -6.378897618989637364e-01 7.598646451094415166e-01
1.545927890428004103e-01 -6.378897618989637364e-01 7.598646451094415166e-01
1.545927890428004103e-01 -6.378897618989637364e-01 7.598646451094415166e-01
1.545927890428004103e-01 -6.378897618989637364e-01 7.598646451094415166e-01
1.545739785553002510e-01 -6.378726390271880486e-01 7.687979498327524031e-01
1.545739785553002510e-01 -6.378726390271880486e-01 7.687979498327524031e-01
1.545708573852573042e-01 -6.378768058872730240e-01 7.692435631974339216e-01
1.545708573852573042e-01 -6.378768058872730240e-01 7.692435631974339216e-01
1.545708573852573042e-01 -6.378768058872730240e-01 7.692435631974339216e-01
1.545651122587588522e-01 -6.378945283498123064e-01 7.711328908234267310e-01
1.545651122587588522e-01 -6.378945283498123064e-01 7.711328908234267310e-01
1.545295232964950805e-01 -6.378917194850824979e-01 7.748248636297514480e-01
1.545295232964950805e-01 -6.378917194850824979e-01 7.748248636297514480e-01
1.545295232964950805e-01 -6.378917194850824979e-01 7.748248636297514480e-01
1.545295232964950805e-01 -6.378917194850824979e-01 7.748248636297514480e-01
1.545362732561682273e-01 -6.378903029493225851e-01 7.753496128808712307e-01
1.545362732561682273e-01 -6.378903029493225851e-01 7.753496128808712307e-01
1.545362732561682273e-01 -6.378903029493225851e-01 7.753496128808712307e-01
1.545362732561682273e-01 -6.378903029493225851e-01 7.753496128808712307e-01
1.545712135371300200e-01 -6.378933145634601010e-01 7.757405956643945721e-01
1.545712135371300200e-01 -6.378933145634601010e-01 7.757405956643945721e-01
1.545778775452174014e-01 -6.378965930308350130e-01 7.760579853985508647e-01
1.545821029285747716e-01 -6.378947444659042176e-01 7.760504586727574594e-01
1.545821029285747716e-01 -6.378947444659042176e-01 7.760504586727574594e-01
1.545882444235836262e-01 -6.378934412614278848e-01 7.760462557047009824e-01
1.545882444235836262e-01 -6.378934412614278848e-01 7.760462557047009824e-01
1.545882444235836262e-01 -6.378934412614278848e-01 7.760462557047009824e-01
1.545716173259026605e-01 -6.378827732386557203e-01 7.760172684037587310e-01
1.545716173259026605e-01 -6.378827732386557203e-01 7.760172684037587310e-01
1.545654356880383218e-01 -6.378814258429595929e-01 7.760128880505637872e-01
1.545654356880383218e-01 -6.378814258429595929e-01 7.760128880505637872e-01
1.545654356880383218e-01 -6.378814258429595929e-01 7.760128880505637872e-01
1.545660107557590979e-01 -6.378950930336457770e-01 7.759680665657850973e-01
1.545564211513386077e-01 -6.378968805635949479e-01 7.759646576937332396e-01
1.545564211513386077e-01 -6.378968805635949479e-01 7.759646576937332396e-01
1.545564211513386077e-01 -6.378968805635949479e-01 7.759646576937332396e-01
1.545564211513386077e-01 -6.378968805635949479e-01 7.759646576937332396e-01
1.545723953382686922e-01 -6.378886845243220138e-01 7.759222942488080976e-01
1.545723953382686922e-01 -6.378886845243220138e-01 7.759222942488080976e-01
1.545723953382686922e-01 -6.378886845243220138e-01 7.759222942488080976e-01
1.545387423608967914e-01 -6.378858472614027386e-01 7.759064638523832658e-01
1.545387423608967914e-01 -6.378858472614027386e-01 7.759064638523832658e-01
1.545377839560421740e-01 -6.378852655158318008e-01 7.759045521258212119e-01
1.545377839560421740e-01 -6.378852655158318008e-01 7.759045521258212119e-01
1.545377839560421740e-01 -6.378852655158318008e-01 7.759045521258212119e-01
1.545567112051096925e-01 -6.378959210828661908e-01 7.759104955210152088e-01
1.545567112051096925e-01 -6.378959210828661908e-01 7.759104955210152088e-01
1.545567112051096925e-01 -6.378959210828661908e-01 7.759104955210152088e-01
1.545567112051096925e-01 -6.378959210828661908e-01 7.759104955210152088e-01
1.545643307778550024e-01 -6.378968689922804858e-01 7.759112547213434796e-01
1.545643307778550024e-01 -6.378968689922804858e-01 7.759112547213434796e-01
1.545643307778550024e-01 -6.378968689922804858e-01 7.759112547213434796e-01
1.545643307778550024e-01 -6.378968689922804858e-01 7.759112547213434796e-01
1.545239196639873747e-01 -6.378938687147005515e-01 7.818562514188606150e-01
1.545239196639873747e-01 -6.378938687147005515e-01 7.818562514188606150e-01
1.545239196639873747e-01 -6.378938687147005515e-01 7.818562514188606150e-01
1.545239196639873747e-01 -6.378938687147005515e-01 7.818562514188606150e-01
1.545239196639873747e-01 -6.378938687147005515e-01 7.818562514188606150e-01
1.545596779667723630e-01 -6.378827201200834018e-01 7.914182649840685313e-01
1.545596779667723630e-01 -6.378827201200834018e-01 7.914182649840685313e-01
1.545596779667723630e-01 -6.378827201200834018e-01 7.914182649840685313e-01
1.545300017871714671e-01 -6.378837975209812328e-01 7.929395903483250629e-01
1.545300017871714671e-01 -6.378837975209812328e-01 7.929395903483250629e-01
1.545300017871714671e-01 -6.378837975209812328e-01 7.929395903483250629e-01
1.545300017871714671e-01 -6.378837975209812328e-01 7.929395903483250629e-01
1.545300017871714671e-01 -6.378837975209812328e-01 7.929395903483250629e-01
1.544500627772726342e-01 -6.378891193471567522e-01 8.097527264244910317e-01
1.544295765726459158e-01 -6.378902554856343832e-01 8.127979916093378554e-01
1.544295765726459158e-01 -6.378902554856343832e-01 8.127979916093378554e-01
1.544295765726459158e-01 -6.378902554856343832e-01 8.127979916093378554e-01
1.544295765726459158e-01 -6.378902554856343832e-01 8.127979916093378554e-01
1.543938923000863495e-01 -6.378876739975758436e-01 8.183279313625353435e-01
1.543938923000863495e-01 -6.378876739975758436e-01 8.183279313625353435e-01
1.543938923000863495e-01 -6.378876739975758436e-01 8.183279313625353435e-01
1.543938923000863495e-01 -6.378876739975758436e-01 8.183279313625353435e-01
1.543938923000863495e-01 -6.378876739975758436e-01 8.183279313625353435e-01
1.544063385134413491e-01 -6.378910877390252532e-01 8.299695607423006605e-01
1.544063385134413491e-01 -6.378910877390252532e-01 8.299695607423006605e-01
1.544063385134413491e-01 -6.378910877390252532e-01 8.299695607423006605e-01
1.544271501948988323e-01 -6.378881955552054839e-01 8.336312707084777562e-01
1.544271501948988323e-01 -6.378881955552054839e-01 8.336312707084777562e-01
1.544271501948988323e-01 -6.378881955552054839e-01 8.336312707084777562e-01
1.544271501948988323e-01 -6.378881955552054839e-01 8.336312707084777562e-01
1.544271501948988323e-01 -6.378881955552054839e-01 8.336312707084777562e-01
1.543919873011762589e-01 -6.378824013148554073e-01 8.374629522528967973e-01
1.543919873011762589e-01 -6.378824013148554073e-01 8.374629522528967973e-01
1.544034868279456352e-01 -6.378972076762393639e-01 8.383562315989241398e-01
1.544034868279456352e-01 -6.378972076762393639e-01 8.383562315989241398e-01
1.544034868279456352e-01 -6.378972076762393639e-01 8.383562315989241398e-01
1.544034868279456352e-01 -6.378972076762393639e-01 8.383562315989241398e-01
1.544034868279456352e-01 -6.378972076762393639e-01 8.383562315989241398e-01
1.544182227560214615e-01 -6.378917604235946337e-01 8.384911408594414306e-01
1.544182227560214615e-01 -6.378917604235946337e-01 8.384911408594414306e-01
1.544182227560214615e-01 -6.378917604235946337e-01 8.384911408594414306e-01
1.544111368062385525e-01 -6.378913139834391233e-01 8.385246003505985035e-01
1.544111368062385525e-01 -6.378913139834391233e-01 8.385246003505985035e-01
1.544111368062385525e-01 -6.378913139834391233e-01 8.385246003505985035e-01
1.544172083821802044e-01 -6.378840463867060384e-01 8.384644057693542152e-01
1.544172083821802044e-01 -6.378840463867060384e-01 8.384644057693542152e-01
1.543927579002901673e-01 -6.378917650412114781e-01 8.384344973946471491e-01
1.543927579002901673e-01 -6.378917650412114781e-01 8.384344973946471491e-01
1.543953751309117828e-01 -6.378929948380906989e-01 8.384279212996281760e-01
1.544035450936857568e-01 -6.378924116189028659e-01 8.383804564639497636e-01
1.544035450936857568e-01 -6.378924116189028659e-01 8.383804564639497636e-01
1.544121074088863899e-01 -6.378918003627629396e-01 8.383562316341004461e-01
1.544121074088863899e-01 -6.378918003627629396e-01 8.383562316341004461e-01
1.544121074088863899e-01 -6.378918003627629396e-01 8.383562316341004461e-01
1.544301504165665473e-01 -6.378921554896657131e-01 8.383107548457554570e-01
1.544301504165665473e-01 -6.378921554896657131e-01 8.383107548457554570e-01
1.544301504165665473e-01 -6.378921554896657131e-01 8.383107548457554570e-01
1.544027384268405467e-01 -6.378946410490498042e-01 8.382895689701179709e-01
1.544027384268405467e-01 -6.378946410490498042e-01 8.382895689701179709e-01
1.544027384268405467e-01 -6.378946410490498042e-01 8.382895689701179709e-01
1.544027384268405467e-01 -6.378946410490498042e-01 8.382895689701179709e-01
1.544027384268405467e-01 -6.378946410490498042e-01 8.382895689701179709e-01
1.543982485845842023e-01 -6.378973111084330627e-01 8.403545810255029780e-01
1.543982485845842023e-01 -6.378973111084330627e-01 8.403545810255029780e-01
1.544310808954533210e-01 -6.379060387861187342e-01 8.435279414761660544e-01
1.544310808954533210e-01 -6.379060387861187342e-01 8.435279414761660544e-01
1.544310808954533210e-01 -6.379060387861187342e-01 8.435279414761660544e-01
1.544310808954533210e-01 -6.379060387861187342e-01 8.435279414761660544e-01
1.544310808954533210e-01 -6.379060387861187342e-01 8.435279414761660544e-01
1.544076680484139374e-01 -6.378932938806498587e-01 8.531606924484079757e-01
1.544120450166961700e-01 -6.378891521258883701e-01 8.559812524901835307e-01
1.544120450166961700e-01 -6.378891521258883701e-01 8.559812524901835307e-01
1.544124139385626981e-01 -6.378843971588010753e-01 8.600878901033962576e-01
1.544124139385626981e-01 -6.378843971588010753e-01 8.600878901033962576e-01
1.544124139385626981e-01 -6.378843971588010753e-01 8.600878901033962576e-01
1.543662681724858043e-01 -6.378903731627353357e-01 8.632162260086583272e-01
1.543662681724858043e-01 -6.378903731627353357e-01 8.632162260086583272e-01
1.544498480983030053e-01 -6.378938685829660393e-01 8.761564137952158049e-01
1.544498480983030053e-01 -6.378938685829660393e-01 8.761564137952158049e-01
1.544498480983030053e-01 -6.378938685829660393e-01 8.761564137952158049e-01
1.544479611538703834e-01 -6.378945723288690361e-01 8.770096381493387439e-01
1.544479611538703834e-01 -6.378945723288690361e-01 8.770096381493387439e-01
1.544192282675186378e-01 -6.378916701240798792e-01 8.804875252775916650e-01
1.543990380341864754e-01 -6.378878694874230426e-01 8.842913120006633543e-01
1.543990380341864754e-01 -6.378878694874230426e-01 8.842913120006633543e-01
1.543990380341864754e-01 -6.378878694874230426e-01 8.842913120006633543e-01
1.543990380341864754e-01 -6.378878694874230426e-01 8.842913120006633543e-01
1.544444869209483095e-01 -6.378858840852508205e-01 8.903561538930575558e-01
1.544138984932735548e-01 -6.378892218107843348e-01 8.957929134131144000e-01
1.544138984932735548e-01 -6.378892218107843348e-01 8.957929134131144000e-01
1.544138984932735548e-01 -6.378892218107843348e-01 8.957929134131144000e-01
1.544138984932735548e-01 -6.378892218107843348e-01 8.957929134131144000e-01
1.544138984932735548e-01 -6.378892218107843348e-01 8.957929134131144000e-01
1.542764612759238707e-01 -6.378937765207800537e-01 9.041466285997434849e-01
1.542764612759238707e-01 -6.378937765207800537e-01 9.041466285997434849e-01
1.542651390433699421e-01 -6.378941587349747921e-01 9.048829295341477286e-01
1.542651390433699421e-01 -6.378941587349747921e-01 9.048829295341477286e-01
1.542651390433699421e-01 -6.378941587349747921e-01 9.048829295341477286e-01
1.544490673522895818e-01 -6.378982123072508559e-01 9.061979688739592032e-01
1.544490673522895818e-01 -6.378982123072508559e-01 9.061979688739592032e-01
1.544490673522895818e-01 -6.378982123072508559e-01 9.061979688739592032e-01
1.544490673522895818e-01 -6.378982123072508559e-01 9.061979688739592032e-01
1.544490673522895818e-01 -6.378982123072508559e-01 9.061979688739592032e-01
1.544133898489383760e-01 -6.378931359391650791e-01 9.068716183333127567e-01
1.544133898489383760e-01 -6.378931359391650791e-01 9.068716183333127567e-01
1.544133898489383760e-01 -6.378931359391650791e-01 9.068716183333127567e-01
1.544056972252064175e-01 -6.378921821697883798e-01 9.070112532203102873e-01
1.544056972252064175e-01 -6.378921821697883798e-01 9.070112532203102873e-01
1.544342229466755811e-01 -6.378935629616642178e-01 9.069782933354504362e-01
1.544317002566130137e-01 -6.378937129543658102e-01 9.069778854518011357e-01
1.544317002566130137e-01 -6.378937129543658102e-01 9.069778854518011357e-01
1.543817321290121281e-01 -6.379001554977684618e-01 9.069649741437451063e-01
1.543817321290121281e-01 -6.379001554977684618e-01 9.069649741437451063e-01
1.544610969979242077e-01 -6.378997742317101816e-01 9.069512931871221983e-01
1.544610969979242077e-01 -6.378997742317101816e-01 9.069512931871221983e-01
1.544610969979242077e-01 -6.378997742317101816e-01 9.069512931871221983e-01
1.544610956648984623e-01 -6.378997743132472920e-01 9.069512931871224204e-01
1.544610956648984623e-01 -6.378997743132472920e-01 9.069512931871224204e-01
1.549392382409340296e-01 -6.418461120237370920e-01 9.068914202686705339e-01
1.549392382409340296e-01 -6.418461120237370920e-01 9.068914202686705339e-01
1.549883554282658893e-01 -6.422962154971181281e-01 9.068845979882302899e-01
1.549601122238341566e-01 -6.422895990093846486e-01 9.068577835656773667e-01
1.549721017123362743e-01 -6.422818133542139707e-01 9.068362950046964244e-01
1.549721017123362743e-01 -6.422818133542139707e-01 9.068362950046964244e-01
1.549797566427968676e-01 -6.422760962963827147e-01 9.068305354342802715e-01
1.549907799611079662e-01 -6.422627080040838043e-01 9.068162599150908498e-01
1.549907799611079662e-01 -6.422627080040838043e-01 9.068162599150908498e-01
1.549907799611079662e-01 -6.422627080040838043e-01 9.068162599150908498e-01
1.549907799611079662e-01 -6.422627080040838043e-01 9.068162599150908498e-01
1.547979432309637693e-01 -6.407035966212475397e-01 9.067722177323167543e-01
1.546853923104632156e-01 -6.400235992761477144e-01 9.067529652104456828e-01
1.546853923104632156e-01 -6.400235992761477144e-01 9.067529652104456828e-01
1.546853923104632156e-01 -6.400235992761477144e-01 9.067529652104456828e-01
1.546853923104632156e-01 -6.400235992761477144e-01 9.067529652104456828e-01
1.543032988972766750e-01 -6.371010906963768816e-01 9.067419764092632395e-01
1.543032988972766750e-01 -6.371010906963768816e-01 9.067419764092632395e-01
1.540648936519454504e-01 -6.351310887355314794e-01 9.067345690494045263e-01
1.540648936519454504e-01 -6.351310887355314794e-01 9.067345690494045263e-01
1.540640869445833450e-01 -6.351311365246844476e-01 9.067345690494045263e-01
1.540640869445833450e-01 -6.351311365246844476e-01 9.067345690494045263e-01
1.540640869445833450e-01 -6.351311365246844476e-01 9.067345690494045263e-01
1.540640869445833450e-01 -6.351311365246844476e-01 9.067345690494045263e-01
1.527047311915391559e-01 -6.249758380656915691e-01 9.067284946694735837e-01
1.522354440603427839e-01 -6.214155753537393689e-01 9.067263651790413714e-01
1.522354440603427839e-01 -6.214155753537393689e-01 9.067263651790413714e-01
1.522354440603427839e-01 -6.214155753537393689e-01 9.067263651790413714e-01
1.522354440603427839e-01 -6.214155753537393689e-01 9.067263651790413714e-01
1.514192481117109246e-01 -6.159228505980017809e-01 9.067221476250740819e-01
1.514192481117109246e-01 -6.159228505980017809e-01 9.067221476250740819e-01
1.514192481117109246e-01 -6.159228505980017809e-01 9.067221476250740819e-01
1.509697973445448260e-01 -6.128631164404024778e-01 9.067197984119160781e-01
1.509697973445448260e-01 -6.128631164404024778e-01 9.067197984119160781e-01
1.509697973445448260e-01 -6.128631164404024778e-01 9.067197984119160781e-01
1.509697973445448260e-01 -6.128631164404024778e-01 9.067197984119160781e-01
1.509697973445448260e-01 -6.128631164404024778e-01 9.067197984119160781e-01
1.489995653021590205e-01 -5.968050244584274244e-01 9.067232690451787480e-01
1.489995653021590205e-01 -5.968050244584274244e-01 9.067232690451787480e-01
1.483361740098347037e-01 -5.917554821918717955e-01 9.067233064574226065e-01
1.478960019961755301e-01 -5.883199949093776970e-01 9.067233319092465882e-01
1.478960019961755301e-01 -5.883199949093776970e-01 9.067233319092465882e-01
1.478960019961755301e-01 -5.883199949093776970e-01 9.067233319092465882e-01
1.478960019961755301e-01 -5.883199949093776970e-01 9.067233319092465882e-01
1.475170058420799957e-01 -5.856761085865104244e-01 9.067327613981140955e-01
1.475170058420799957e-01 -5.856761085865104244e-01 9.067327613981140955e-01
1.475170058420799957e-01 -5.856761085865104244e-01 9.067327613981140955e-01
1.473279835616016775e-01 -5.841219533001530406e-01 9.067382983716297806e-01
1.473279835616016775e-01 -5.841219533001530406e-01 9.067382983716297806e-01
1.466750808546597451e-01 -5.800345465192755512e-01 9.067350387485385577e-01
1.466750808546597451e-01 -5.800345465192755512e-01 9.067350387485385577e-01
1.466750808546597451e-01 -5.800345465192755512e-01 9.067350387485385577e-01
1.466633170687222099e-01 -5.799578141021286548e-01 9.067349775640081155e-01
1.466633170687222099e-01 -5.799578141021286548e-01 9.067349775640081155e-01
1.466633170687222099e-01 -5.799578141021286548e-01 9.067349775640081155e-01
1.464343939267658268e-01 -5.771032147101378129e-01 9.067349990106035040e-01
1.464343939267658268e-01 -5.771032147101378129e-01 9.067349990106035040e-01
1.464343939267658268e-01 -5.771032147101378129e-01 9.067349990106035040e-01
1.464343939267658268e-01 -5.771032147101378129e-01 9.067349990106035040e-01
1.464343939267658268e-01 -5.771032147101378129e-01 9.067349990106035040e-01
1.463764620527187033e-01 -5.769054970489007061e-01 9.067350005006921121e-01
1.463764620527187033e-01 -5.769054970489007061e-01 9.067350005006921121e-01
1.464004841958838621e-01 -5.768986131765568848e-01 9.067350005322252215e-01
1.464004841958838621e-01 -5.768986131765568848e-01 9.067350005322252215e-01
1.464004841958838621e-01 -5.768986131765568848e-01 9.067350005322252215e-01
1.464004841958838621e-01 -5.768986131765568848e-01 9.067350005322252215e-01
1.464004841958838621e-01 -5.768986131765568848e-01 9.067350005322252215e-01
1.461134455781732955e-01 -5.747804440725041708e-01 9.067450152247285011e-01
1.461134455781732955e-01 -5.747804440725041708e-01 9.067450152247285011e-01
1.461134455781732955e-01 -5.747804440725041708e-01 9.067450152247285011e-01
1.461134455781732955e-01 -5.747804440725041708e-01 9.067450152247285011e-01
1.460595660531509854e-01 -5.744150085644545989e-01 9.067467486596895165e-01
1.460595660531509854e-01 -5.744150085644545989e-01 9.067467486596895165e-01
1.458364777326642547e-01 -5.725915444027084300e-01 9.067417351402408121e-01
1.458364777326642547e-01 -5.725915444027084300e-01 9.067417351402408121e-01
1.458364777326642547e-01 -5.725915444027084300e-01 9.067417351402408121e-01
1.458364777326642547e-01 -5.725915444027084300e-01 9.067417351402408121e-01
1.458364777326642547e-01 -5.725915444027084300e-01 9.067417351402408121e-01
1.447129414578234019e-01 -5.651702053999276831e-01 9.067468168480765645e-01
1.447129414578234019e-01 -5.651702053999276831e-01 9.067468168480765645e-01
1.445681576425671966e-01 -5.637330399461752961e-01 9.067477066161127031e-01
1.441263330518052499e-01 -5.596935197531273110e-01 9.067502090769680168e-01
1.441263330518052499e-01 -5.596935197531273110e-01 9.067502090769680168e-01
1.440414513592291890e-01 -5.590611733556405394e-01 9.067482900180392491e-01
1.440414513592291890e-01 -5.590611733556405394e-01 9.067482900180392491e-01
1.440414513592291890e-01 -5.590611733556405394e-01 9.067482900180392491e-01
1.436104109375778703e-01 -5.558382721771945034e-01 9.067385079392848990e-01
1.436104109375778703e-01 -5.558382721771945034e-01 9.067385079392848990e-01
1.427187699361592288e-01 -5.490480498671206355e-01 9.067502879649678160e-01
1.427187699361592288e-01 -5.490480498671206355e-01 9.067502879649678160e-01
1.427187699361592288e-01 -5.490480498671206355e-01 9.067502879649678160e-01
1.427187699361592288e-01 -5.490480498671206355e-01 9.067502879649678160e-01
1.427187699361592288e-01 -5.490480498671206355e-01 9.067502879649678160e-01
1.412925995052400630e-01 -5.381227818176479438e-01 9.067524211716295746e-01
1.404008601991678373e-01 -5.312073744092510319e-01 9.067537714946163341e-01
1.404008601991678373e-01 -5.312073744092510319e-01 9.067537714946163341e-01
1.404008601991678373e-01 -5.312073744092510319e-01 9.067537714946163341e-01
1.404008601991678373e-01 -5.312073744092510319e-01 9.067537714946163341e-01
1.388058347481869736e-01 -5.199710710073448539e-01 9.067485744349965682e-01
1.388058347481869736e-01 -5.199710710073448539e-01 9.067485744349965682e-01
1.383674160511824403e-01 -5.169441192599709689e-01 9.067471741919592709e-01
1.383674160511824403e-01 -5.169441192599709689e-01 9.067471741919592709e-01
1.383674160511824403e-01 -5.169441192599709689e-01 9.067471741919592709e-01
1.383674160511824403e-01 -5.169441192599709689e-01 9.067471741919592709e-01
1.377634797411360357e-01 -5.113260253129044974e-01 9.067472161301834976e-01
1.377634797411360357e-01 -5.113260253129044974e-01 9.067472161301834976e-01
1.376514608320431876e-01 -5.104947034707854048e-01 9.067472222911741042e-01
1.373727473407669319e-01 -5.083553181858360137e-01 9.067472381343516519e-01
1.373727473407669319e-01 -5.083553181858360137e-01 9.067472381343516519e-01
1.373727473407669319e-01 -5.083553181858360137e-01 9.067472381343516519e-01
1.373727473407669319e-01 -5.083553181858360137e-01 9.067472381343516519e-01
1.369687655316514097e-01 -5.054444644746727278e-01 9.067438229341203693e-01
1.368051560914250731e-01 -5.040957091570635873e-01 9.067422426791162948e-01
1.368051560914250731e-01 -5.040957091570635873e-01 9.067422426791162948e-01
1.367344054410377097e-01 -5.034921094208237857e-01 9.067442450210453364e-01
1.366184929982526830e-01 -5.025778398612814613e-01 9.067472809378472887e-01
1.366184929982526830e-01 -5.025778398612814613e-01 9.067472809378472887e-01
1.366184929982526830e-01 -5.025778398612814613e-01 9.067472809378472887e-01
1.366184929982526830e-01 -5.025778398612814613e-01 9.067472809378472887e-01
1.365363322828102577e-01 -5.018904482718662408e-01 9.067523133431149018e-01
1.365090473167688556e-01 -5.016619239158000010e-01 9.067539904196398881e-01
1.365090473167688556e-01 -5.016619239158000010e-01 9.067539904196398881e-01
1.365090473167688556e-01 -5.016619239158000010e-01 9.067539904196398881e-01
1.365090473167688556e-01 -5.016619239158000010e-01 9.067539904196398881e-01
1.365173164968337960e-01 -5.016719807376612827e-01 9.067539903435777315e-01
1.365172171869476203e-01 -5.016766224761779469e-01 9.067539903053166706e-01
1.365172171869476203e-01 -5.016766224761779469e-01 9.067539903053166706e-01
1.365173009716746655e-01 -5.016800546930075821e-01 9.067539902778818384e-01
1.365153289722309815e-01 -5.016874114367281257e-01 9.067539902261696483e-01
1.365153289722309815e-01 -5.016874114367281257e-01 9.067539902261696483e-01
1.365153289722309815e-01 -5.016874114367281257e-01 9.067539902261696483e-01
1.365153289722309815e-01 -5.016874114367281257e-01 9.067539902261696483e-01
1.364996550538046249e-01 -5.017068656613621336e-01 9.067497052602081498e-01
1.365102552161501226e-01 -5.017178555263900330e-01 9.067472873139633682e-01
1.365102552161501226e-01 -5.017178555263900330e-01 9.067472873139633682e-01
1.365152216763477477e-01 -5.017217404381545398e-01 9.067472872862010203e-01
1.365130666485400712e-01 -5.017292690265953148e-01 9.067472872348646407e-01
1.365130666485400712e-01 -5.017292690265953148e-01 9.067472872348646407e-01
1.365130666485400712e-01 -5.017292690265953148e-01 9.067472872348646407e-01
1.365130666485400712e-01 -5.017292690265953148e-01 9.067472872348646407e-01
1.363888232718713234e-01 -5.017509346830538730e-01 9.067545448150883258e-01
1.363532672535696100e-01 -5.017591934849734425e-01 9.067573407490755466e-01
1.363532672535696100e-01 -5.017591934849734425e-01 9.067573407490755466e-01
1.363532672535696100e-01 -5.017591934849734425e-01 9.067573407490755466e-01
1.363532672535696100e-01 -5.017591934849734425e-01 9.067573407490755466e-01
1.363777749791565130e-01 -5.017609402954891218e-01 9.067545618396695151e-01
1.365159166176859451e-01 -5.017679632895308828e-01 9.067422599253815996e-01
1.365159166176859451e-01 -5.017679632895308828e-01 9.067422599253815996e-01
1.365159166176859451e-01 -5.017679632895308828e-01 9.067422599253815996e-01
