-4.262290295387531625e-02 -4.618487758976101976e-01 7.389653183964632888e-01
-4.262290295380662120e-02 -4.669318084357192422e-01 7.389652810543524408e-01
-4.262290295380662120e-02 -4.669318084357192422e-01 7.389652810543524408e-01
-4.262290295380662120e-02 -4.669318084357192422e-01 7.389652810543524408e-01
-4.262290295380662120e-02 -4.669318084357192422e-01 7.389652810543524408e-01
-4.262290295380662120e-02 -4.669318084357192422e-01 7.389652810543524408e-01
-4.262290298420803869e-02 -4.748280899893581042e-01 7.389735285549531296e-01
-4.262290298420803869e-02 -4.748280899893581042e-01 7.389735285549531296e-01
-4.262290298420803869e-02 -4.748280899893581042e-01 7.389735285549531296e-01
-4.262290298420803869e-02 -4.748280899893581042e-01 7.389735285549531296e-01
-4.262290295355454506e-02 -4.856250255018056405e-01 7.389651437260595923e-01
-4.262290295355454506e-02 -4.856250255018056405e-01 7.389651437260595923e-01
-4.262290300861150405e-02 -4.908995877626852744e-01 7.389801131792267386e-01
-4.262290300861150405e-02 -4.908995877626852744e-01 7.389801131792267386e-01
-4.262290296564021086e-02 -5.022591809094032467e-01 7.389683728706587518e-01
-4.262290296564021086e-02 -5.022591809094032467e-01 7.389683728706587518e-01
-4.262290296564021086e-02 -5.022591809094032467e-01 7.389683728706587518e-01
-4.262290296556671410e-02 -5.077109342229785272e-01 7.389683328197689249e-01
-4.262290296556671410e-02 -5.077109342229785272e-01 7.389683328197689249e-01
-4.249226895106493485e-02 -5.129116364700799791e-01 7.389766005533775495e-01
-4.249226895106493485e-02 -5.129116364700799791e-01 7.389766005533775495e-01
-4.249226895106493485e-02 -5.129116364700799791e-01 7.389766005533775495e-01
-4.249226895106493485e-02 -5.129116364700799791e-01 7.389766005533775495e-01
-4.262290304481462788e-02 -5.249783673679571105e-01 7.389898440051796413e-01
-4.262290304481462788e-02 -5.249783673679571105e-01 7.389898440051796413e-01
-4.262290304481462788e-02 -5.249783673679571105e-01 7.389898440051796413e-01
-4.262290304481462788e-02 -5.249783673679571105e-01 7.389898440051796413e-01
-4.262290298332926941e-02 -5.399628818610020531e-01 7.389730500471745067e-01
-4.262290298332926941e-02 -5.399628818610020531e-01 7.389730500471745067e-01
-4.262290298332926941e-02 -5.399628818610020531e-01 7.389730500471745067e-01
-4.262290301994291208e-02 -5.436057526274847840e-01 7.389830044682094146e-01
-4.262290301994291208e-02 -5.436057526274847840e-01 7.389830044682094146e-01
-4.262290301994291208e-02 -5.436057526274847840e-01 7.389830044682094146e-01
-4.262290301994291208e-02 -5.436057526274847840e-01 7.389830044682094146e-01
-4.262290298313461956e-02 -5.543883364913315681e-01 7.389729440716727993e-01
-4.262290298313461956e-02 -5.543883364913315681e-01 7.389729440716727993e-01
-4.262290298304719643e-02 -5.608672068955191659e-01 7.389728964751456353e-01
-4.262290298304719643e-02 -5.608672068955191659e-01 7.389728964751456353e-01
-4.262290298304719643e-02 -5.608672068955191659e-01 7.389728964751456353e-01
-4.262290298304719643e-02 -5.608672068955191659e-01 7.389728964751456353e-01
-4.262290299518285697e-02 -5.738058078320682487e-01 7.389761527688539777e-01
-4.262290299518285697e-02 -5.738058078320682487e-01 7.389761527688539777e-01
-4.262290299518285697e-02 -5.738058078320682487e-01 7.389761527688539777e-01
-4.262290299518285697e-02 -5.738058078320682487e-01 7.389761527688539777e-01
-4.262290299518285697e-02 -5.738058078320682487e-01 7.389761527688539777e-01
-4.262290296458324385e-02 -5.806067332486671839e-01 7.389677972963433206e-01
-4.262290296458324385e-02 -5.806067332486671839e-01 7.389677972963433206e-01
-4.262290296443987936e-02 -5.912276812855353780e-01 7.389677192703592024e-01
-4.262290296443987936e-02 -5.912276812855353780e-01 7.389677192703592024e-01
-4.262290296443987936e-02 -5.912276812855353780e-01 7.389677192703592024e-01
-4.262290296443987936e-02 -5.912276812855353780e-01 7.389677192703592024e-01
-4.262290298251361631e-02 -6.004144593757388959e-01 7.389726059442727202e-01
-4.262290298251361631e-02 -6.004144593757388959e-01 7.389726059442727202e-01
-4.262290298251361631e-02 -6.004144593757388959e-01 7.389726059442727202e-01
-4.262290298251361631e-02 -6.004144593757388959e-01 7.389726059442727202e-01
-4.262290298251361631e-02 -6.004144593757388959e-01 7.389726059442727202e-01
-4.249226897408613091e-02 -6.116044539442148098e-01 7.389825053510783448e-01
-4.249226897408613091e-02 -6.116044539442148098e-01 7.389825053510783448e-01
-4.249226890685412622e-02 -6.161403578474993203e-01 7.389641853352688639e-01
-4.249226890685412622e-02 -6.161403578474993203e-01 7.389641853352688639e-01
-4.249226890685412622e-02 -6.161403578474993203e-01 7.389641853352688639e-01
-4.249226890685412622e-02 -6.161403578474993203e-01 7.389641853352688639e-01
-4.262290299448839859e-02 -6.252705621545968651e-01 7.389757746869629607e-01
-4.262290299448839859e-02 -6.252705621545968651e-01 7.389757746869629607e-01
-4.262290299448839859e-02 -6.252705621545968651e-01 7.389757746869629607e-01
-4.262290299448839859e-02 -6.252705621545968651e-01 7.389757746869629607e-01
-4.262290299448839859e-02 -6.252705621545968651e-01 7.389757746869629607e-01
-4.262290303100281508e-02 -6.362829686103124160e-01 7.389856749682666148e-01
-4.262290303100281508e-02 -6.362829686103124160e-01 7.389856749682666148e-01
-4.262290303100281508e-02 -6.362829686103124160e-01 7.389856749682666148e-01
-4.262290303100281508e-02 -6.362829686103124160e-01 7.389856749682666148e-01
-4.262290299430397666e-02 -6.389453879454027874e-01 7.389756742258988265e-01
-4.262290299430397666e-02 -6.389453879454027874e-01 7.389756742258988265e-01
-4.262290299430397666e-02 -6.389453879454027874e-01 7.389756742258988265e-01
-4.262290299430397666e-02 -6.389453879454027874e-01 7.389756742258988265e-01
-4.262290299422852313e-02 -6.445359871853908462e-01 7.389756331549879320e-01
-4.262290299422852313e-02 -6.445359871853908462e-01 7.389756331549879320e-01
-4.262290299422517165e-02 -6.447814172786258125e-01 7.389756313519545428e-01
-4.262290299422517165e-02 -6.447814172786258125e-01 7.389756313519545428e-01
-4.262290299422517165e-02 -6.447814172786258125e-01 7.389756313519545428e-01
-4.262290299422533818e-02 -6.447766290369347786e-01 7.389756313871310711e-01
-4.262290299422533818e-02 -6.447766290369347786e-01 7.389756313871310711e-01
-4.262290299422533818e-02 -6.447766290369347786e-01 7.389756313871310711e-01
-4.262290299422533818e-02 -6.447766290369347786e-01 7.389756313871310711e-01
-4.262290298191540039e-02 -6.447526878161694563e-01 7.389722802168605664e-01
-4.262290298191540039e-02 -6.447526878161694563e-01 7.389722802168605664e-01
-4.262290298191540039e-02 -6.447526878161694563e-01 7.389722802168605664e-01
-4.262290298191540039e-02 -6.447526878161694563e-01 7.389722802168605664e-01
-4.262290295140811619e-02 -6.447155592886146813e-01 7.389639749795917645e-01
-4.262290295140811619e-02 -6.447155592886146813e-01 7.389639749795917645e-01
-4.262290295140811619e-02 -6.447155592886146813e-01 7.389639749795917645e-01
-4.262290295140811619e-02 -6.447155592886146813e-01 7.389639749795917645e-01
-4.262290295140811619e-02 -6.447155592886146813e-01 7.389639749795917645e-01
-4.262290295140853252e-02 -6.446820415967770002e-01 7.389639752258269079e-01
-4.262290295140853252e-02 -6.446820415967770002e-01 7.389639752258269079e-01
-4.262290295140853252e-02 -6.446820415967770002e-01 7.389639752258269079e-01
-4.262290295140853252e-02 -6.446820415967770002e-01 7.389639752258269079e-01
-4.262290295140853252e-02 -6.446820415967770002e-01 7.389639752258269079e-01
-4.262290295140853252e-02 -6.446820415967770002e-01 7.389639752258269079e-01
-4.249226894922750186e-02 -6.491070094543567315e-01 7.389756000044618300e-01
-4.249226894922750186e-02 -6.491070094543567315e-01 7.389756000044618300e-01
-4.249226894922750186e-02 -6.491070094543567315e-01 7.389756000044618300e-01
-4.249226894922750186e-02 -6.491070094543567315e-01 7.389756000044618300e-01
-4.249226894922750186e-02 -6.491070094543567315e-01 7.389756000044618300e-01
-4.262290296359538821e-02 -6.538245480693927192e-01 7.389672594072534961e-01
-4.262290296359538821e-02 -6.538245480693927192e-01 7.389672594072534961e-01
-4.262290296359538821e-02 -6.538245480693927192e-01 7.389672594072534961e-01
-4.262290296359538821e-02 -6.538245480693927192e-01 7.389672594072534961e-01
-4.262290295116528266e-02 -6.627084894660713044e-01 7.389638427959032141e-01
-4.262290295116528266e-02 -6.627084894660713044e-01 7.389638427959032141e-01
-4.262290296342022972e-02 -6.668050526497416586e-01 7.389671640469669400e-01
-4.262290296342022972e-02 -6.668050526497416586e-01 7.389671640469669400e-01
-4.262290296342022972e-02 -6.668050526497416586e-01 7.389671640469669400e-01
-4.262290296342022972e-02 -6.668050526497416586e-01 7.389671640469669400e-01
-4.262290303044079243e-02 -6.779395985469697239e-01 7.389853689410130766e-01
-4.262290303044079243e-02 -6.779395985469697239e-01 7.389853689410130766e-01
-4.262290303044079243e-02 -6.779395985469697239e-01 7.389853689410130766e-01
-4.262290303044079243e-02 -6.779395985469697239e-01 7.389853689410130766e-01
-4.262290303044079243e-02 -6.779395985469697239e-01 7.389853689410130766e-01
-4.249226894869581606e-02 -6.885082467282546137e-01 7.389753105462782967e-01
-4.249226894869581606e-02 -6.885082467282546137e-01 7.389753105462782967e-01
-4.249226894869581606e-02 -6.885082467282546137e-01 7.389753105462782967e-01
-4.249226894869581606e-02 -6.885082467282546137e-01 7.389753105462782967e-01
-4.249226897293394145e-02 -6.970066692923287954e-01 7.389818779502197454e-01
-4.249226897293394145e-02 -6.970066692923287954e-01 7.389818779502197454e-01
-4.249226896085870481e-02 -6.994261180927880961e-01 7.389785816851222044e-01
-4.249226896085870481e-02 -6.994261180927880961e-01 7.389785816851222044e-01
-4.249226896085870481e-02 -6.994261180927880961e-01 7.389785816851222044e-01
-4.249226896085870481e-02 -6.994261180927880961e-01 7.389785816851222044e-01
-4.249226896085870481e-02 -6.994261180927880961e-01 7.389785816851222044e-01
-4.249226891799229994e-02 -7.030091095933965750e-01 7.389668985067648910e-01
-4.249226891799229994e-02 -7.030091095933965750e-01 7.389668985067648910e-01
-4.249226891799229994e-02 -7.030091095933965750e-01 7.389668985067648910e-01
-4.249226891799229994e-02 -7.030091095933965750e-01 7.389668985067648910e-01
-4.249226894847454861e-02 -7.049065615963164833e-01 7.389751900773094961e-01
-4.249226894847454861e-02 -7.049065615963164833e-01 7.389751900773094961e-01
-4.249226899744763808e-02 -7.049113498869808980e-01 7.389885225713926920e-01
-4.249226899744763808e-02 -7.049113498869808980e-01 7.389885225713926920e-01
-4.249226899744763808e-02 -7.049113498869808980e-01 7.389885225713926920e-01
-4.249226899744763808e-02 -7.049113498869808980e-01 7.389885225713926920e-01
-4.249226899744763808e-02 -7.049113498869808980e-01 7.389885225713926920e-01
-4.249226893616483980e-02 -7.048754249303867958e-01 7.389718389598998183e-01
-4.249226893616483980e-02 -7.048754249303867958e-01 7.389718389598998183e-01
-4.249226893616483980e-02 -7.048754249303867958e-01 7.389718389598998183e-01
-4.249226893616483980e-02 -7.048754249303867958e-01 7.389718389598998183e-01
-4.249226896078656113e-02 -7.047784826847049988e-01 7.389785423643839835e-01
-4.249226896078656113e-02 -7.047784826847049988e-01 7.389785423643839835e-01
-4.249226891796898525e-02 -7.047425577465762370e-01 7.389668857721204409e-01
-4.249226891796898525e-02 -7.047425577465762370e-01 7.389668857721204409e-01
-4.249226891796898525e-02 -7.047425577465762370e-01 7.389668857721204409e-01
-4.249226891796898525e-02 -7.047425577465762370e-01 7.389668857721204409e-01
-4.249226891796948485e-02 -7.047066328512661126e-01 7.389668860360398828e-01
-4.249226891796948485e-02 -7.047066328512661126e-01 7.389668860360398828e-01
-4.249226891796948485e-02 -7.047066328512661126e-01 7.389668860360398828e-01
-4.249226891796948485e-02 -7.047066328512661126e-01 7.389668860360398828e-01
-4.249226891796948485e-02 -7.047066328512661126e-01 7.389668860360398828e-01
-4.249226899745058017e-02 -7.046958528456285231e-01 7.389885241545250949e-01
-4.249226899745058017e-02 -7.046958528456285231e-01 7.389885241545250949e-01
-4.249226899745058017e-02 -7.046958528456285231e-01 7.389885241545250949e-01
-4.249226899745058017e-02 -7.046958528456285231e-01 7.389885241545250949e-01
-4.249226891796969996e-02 -7.046887096514936610e-01 7.389668861677113343e-01
-4.249226891796969996e-02 -7.046887096514936610e-01 7.389668861677113343e-01
-4.249226894847769193e-02 -7.046779034316277279e-01 7.389751917571292239e-01
-4.249226894847769193e-02 -7.046779034316277279e-01 7.389751917571292239e-01
-4.249226894847769193e-02 -7.046779034316277279e-01 7.389751917571292239e-01
-4.249226891796984568e-02 -7.046827178080661280e-01 7.389668862117301229e-01
-4.249226891796984568e-02 -7.046827178080661280e-01 7.389668862117301229e-01
-4.249226891796984568e-02 -7.046827178080661280e-01 7.389668862117301229e-01
-4.249226891796984568e-02 -7.046827178080661280e-01 7.389668862117301229e-01
-4.249226889334933865e-02 -7.046887096268731332e-01 7.389601834754059295e-01
-4.249226889334933865e-02 -7.046887096268731332e-01 7.389601834754059295e-01
-4.249226891797008854e-02 -7.046695305194741188e-01 7.389668863086094053e-01
-4.249226891797008854e-02 -7.046695305194741188e-01 7.389668863086094053e-01
-4.249226891797008854e-02 -7.046695305194741188e-01 7.389668863086094053e-01
-4.249226891797008854e-02 -7.046695305194741188e-01 7.389668863086094053e-01
-4.249226894847749070e-02 -7.046934979236922914e-01 7.389751916425654210e-01
-4.249226894847749070e-02 -7.046934979236922914e-01 7.389751916425654210e-01
-4.249226894847749070e-02 -7.046934979236922914e-01 7.389751916425654210e-01
-4.249226891796981792e-02 -7.046755223629017628e-01 7.389668862645905056e-01
-4.249226891796981792e-02 -7.046755223629017628e-01 7.389668862645905056e-01
-4.249226894847751845e-02 -7.046863024785283702e-01 7.389751916954261368e-01
-4.249226894847751845e-02 -7.046863024785283702e-01 7.389751916954261368e-01
-4.249226894847771968e-02 -7.046803106351005042e-01 7.389751917394449254e-01
-4.249226894847771968e-02 -7.046803106351005042e-01 7.389751917394449254e-01
-4.249226893616753209e-02 -7.046803106227902402e-01 7.389718403932921120e-01
-4.249226893616753209e-02 -7.046803106227902402e-01 7.389718403932921120e-01
-4.249226893616753209e-02 -7.046803106227902402e-01 7.389718403932921120e-01
-4.249226893616753209e-02 -7.046803106227902402e-01 7.389718403932921120e-01
-4.249226893616753209e-02 -7.046803106227902402e-01 7.389718403932921120e-01
-4.249226893616753209e-02 -7.046803106227902402e-01 7.389718403932921120e-01
-4.249226893616753209e-02 -7.046803106227902402e-01 7.389718403932921120e-01
-4.249226893616753209e-02 -7.046803106227902402e-01 7.389718403932921120e-01
-4.249226893616753209e-02 -7.046803106227902402e-01 7.389718403932921120e-01
-4.249226894847771968e-02 -7.046803106351005042e-01 7.389751917394449254e-01
-4.249226894847771968e-02 -7.046803106351005042e-01 7.389751917394449254e-01
-4.249226897283046867e-02 -7.046731152142893251e-01 7.389818216292597386e-01
-4.249226897283046867e-02 -7.046731152142893251e-01 7.389818216292597386e-01
-4.262290300572758178e-02 -7.046535913958014152e-01 7.389785428517483545e-01
-4.262290300572758178e-02 -7.046535913958014152e-01 7.389785428517483545e-01
-4.262290300572758178e-02 -7.046535913958014152e-01 7.389785428517483545e-01
-4.262290300572758178e-02 -7.046535913958014152e-01 7.389785428517483545e-01
-4.262290300572758178e-02 -7.046535913958014152e-01 7.389785428517483545e-01
-4.249226897283046867e-02 -7.046803106594532462e-01 7.389818215763990228e-01
-4.249226897283046867e-02 -7.046803106594532462e-01 7.389818215763990228e-01
-4.262290299341740113e-02 -7.046559985869640386e-01 7.389751914879114647e-01
-4.262290299341740113e-02 -7.046559985869640386e-01 7.389751914879114647e-01
-4.262290299341740113e-02 -7.046559985869640386e-01 7.389751914879114647e-01
-4.262290299341740113e-02 -7.046559985869640386e-01 7.389751914879114647e-01
-4.249226894841798274e-02 -7.091102004382725532e-01 7.389751591955973087e-01
-4.249226894841798274e-02 -7.091102004382725532e-01 7.389751591955973087e-01
-4.249226891791014343e-02 -7.091102004077647347e-01 7.389668536855668046e-01
-4.249226891791014343e-02 -7.091102004077647347e-01 7.389668536855668046e-01
-4.249226891791014343e-02 -7.091102004077647347e-01 7.389668536855668046e-01
-4.249226891791014343e-02 -7.091102004077647347e-01 7.389668536855668046e-01
-4.249226891791014343e-02 -7.091102004077647347e-01 7.389668536855668046e-01
-4.249226896072816340e-02 -7.091066158106282824e-01 7.389785105680843902e-01
-4.249226896072816340e-02 -7.091066158106282824e-01 7.389785105680843902e-01
-4.249226898508158545e-02 -7.090515379729068757e-01 7.389851408096640428e-01
-4.249226898508158545e-02 -7.090515379729068757e-01 7.389851408096640428e-01
-4.249226898508158545e-02 -7.090515379729068757e-01 7.389851408096640428e-01
-4.249226898508158545e-02 -7.090515379729068757e-01 7.389851408096640428e-01
-4.249226897280743154e-02 -7.063831267454151464e-01 7.389818090667904515e-01
-4.249226897280743154e-02 -7.063831267454151464e-01 7.389818090667904515e-01
-4.249226897280743154e-02 -7.063831267454151464e-01 7.389818090667904515e-01
-4.249226897280743154e-02 -7.063831267454151464e-01 7.389818090667904515e-01
-4.249226891802768136e-02 -7.003890853815267770e-01 7.389669177545726830e-01
-4.249226891802768136e-02 -7.003890853815267770e-01 7.389669177545726830e-01
-4.249226891802768136e-02 -7.003890853815267770e-01 7.389669177545726830e-01
-4.249226893627519597e-02 -6.966923534921942718e-01 7.389718990762095263e-01
-4.249226893627519597e-02 -6.966923534921942718e-01 7.389718990762095263e-01
-4.249226893627519597e-02 -6.966923534921942718e-01 7.389718990762095263e-01
-4.249226893627519597e-02 -6.966923534921942718e-01 7.389718990762095263e-01
-4.249226897305581618e-02 -6.879748231425738547e-01 7.389819443019884915e-01
-4.249226897305581618e-02 -6.879748231425738547e-01 7.389819443019884915e-01
-4.249226897305581618e-02 -6.879748231425738547e-01 7.389819443019884915e-01
-4.249226897305581618e-02 -6.879748231425738547e-01 7.389819443019884915e-01
-4.249226896120084779e-02 -6.740677283698266464e-01 7.389787679785974062e-01
-4.249226896120084779e-02 -6.740677283698266464e-01 7.389787679785974062e-01
-4.249226896120084779e-02 -6.740677283698266464e-01 7.389787679785974062e-01
-4.249226896120084779e-02 -6.740677283698266464e-01 7.389787679785974062e-01
-4.249226896120084779e-02 -6.740677283698266464e-01 7.389787679785974062e-01
-4.249226893664878602e-02 -6.690062428947068929e-01 7.389721024701089158e-01
-4.249226893664878602e-02 -6.690062428947068929e-01 7.389721024701089158e-01
-4.249226893679672323e-02 -6.580381080873547450e-01 7.389721830466742247e-01
-4.249226893679672323e-02 -6.580381080873547450e-01 7.389721830466742247e-01
-4.249226893679672323e-02 -6.580381080873547450e-01 7.389721830466742247e-01
-4.249226893679672323e-02 -6.580381080873547450e-01 7.389721830466742247e-01
-4.262290298188986526e-02 -6.466506182097275790e-01 7.389722662738598125e-01
-4.262290298188986526e-02 -6.466506182097275790e-01 7.389722662738598125e-01
-4.262290301860309494e-02 -6.429215722487595652e-01 7.389822748521184259e-01
-4.262290301860309494e-02 -6.429215722487595652e-01 7.389822748521184259e-01
-4.262290301860309494e-02 -6.429215722487595652e-01 7.389822748521184259e-01
-4.262290301860309494e-02 -6.429215722487595652e-01 7.389822748521184259e-01
-4.262290301860309494e-02 -6.429215722487595652e-01 7.389822748521184259e-01
-4.262290295151411473e-02 -6.368569108489317010e-01 7.389640327125531760e-01
-4.262290295151411473e-02 -6.368569108489317010e-01 7.389640327125531760e-01
-4.262290295151411473e-02 -6.368569108489317010e-01 7.389640327125531760e-01
-4.262290295151411473e-02 -6.368569108489317010e-01 7.389640327125531760e-01
-4.262290298206403150e-02 -6.337395562165260010e-01 7.389723611239915613e-01
-4.262290298206403150e-02 -6.337395562165260010e-01 7.389723611239915613e-01
-4.262290296387891836e-02 -6.328070003398005294e-01 7.389674138110642332e-01
-4.262290296387891836e-02 -6.328070003398005294e-01 7.389674138110642332e-01
-4.262290301874362142e-02 -6.325101032445609173e-01 7.389823513391812204e-01
-4.262290301874362142e-02 -6.325101032445609173e-01 7.389823513391812204e-01
-4.262290301874362142e-02 -6.325101032445609173e-01 7.389823513391812204e-01
-4.262290301874362142e-02 -6.325101032445609173e-01 7.389823513391812204e-01
-4.262290301874362142e-02 -6.325101032445609173e-01 7.389823513391812204e-01
-4.262290301874498144e-02 -6.324035583256213400e-01 7.389823521219054392e-01
-4.262290301874498144e-02 -6.324035583256213400e-01 7.389823521219054392e-01
-4.262290300670210086e-02 -6.324239148820796075e-01 7.389790734815557816e-01
-4.262290300670210086e-02 -6.324239148820796075e-01 7.389790734815557816e-01
-4.262290300670210086e-02 -6.324239148820796075e-01 7.389790734815557816e-01
-4.262290300670210086e-02 -6.324239148820796075e-01 7.389790734815557816e-01
-4.262290301874356591e-02 -6.325077222063429927e-01 7.389823513566732283e-01
-4.262290301874356591e-02 -6.325077222063429927e-01 7.389823513566732283e-01
-4.262290301874356591e-02 -6.325077222063429927e-01 7.389823513566732283e-01
-4.262290301874356591e-02 -6.325077222063429927e-01 7.389823513566732283e-01
-4.262290301874356591e-02 -6.325077222063429927e-01 7.389823513566732283e-01
-4.262290299439034508e-02 -6.325484353189917419e-01 7.389757212206231607e-01
-4.262290299439034508e-02 -6.325484353189917419e-01 7.389757212206231607e-01
-4.262290299439034508e-02 -6.325484353189917419e-01 7.389757212206231607e-01
-4.262290299439034508e-02 -6.325484353189917419e-01 7.389757212206231607e-01
-4.262290298208074035e-02 -6.325029077627337681e-01 7.389723702089350255e-01
-4.262290298208074035e-02 -6.325029077627337681e-01 7.389723702089350255e-01
-4.262290298208074035e-02 -6.325029077627337681e-01 7.389723702089350255e-01
-4.262290298208074035e-02 -6.325029077627337681e-01 7.389723702089350255e-01
-4.262290295163748827e-02 -6.277143782233713942e-01 7.389640998774712477e-01
-4.262290295163748827e-02 -6.277143782233713942e-01 7.389640998774712477e-01
-4.262290295163748827e-02 -6.277143782233713942e-01 7.389640998774712477e-01
-4.262290293936741442e-02 -6.247347312859617974e-01 7.389607704210673367e-01
-4.262290293936741442e-02 -6.247347312859617974e-01 7.389607704210673367e-01
-4.262290293936741442e-02 -6.247347312859617974e-01 7.389607704210673367e-01
-4.262290293936741442e-02 -6.247347312859617974e-01 7.389607704210673367e-01
-4.262290299459980947e-02 -6.170156409257830932e-01 7.389758353311118855e-01
-4.262290299459980947e-02 -6.170156409257830932e-01 7.389758353311118855e-01
-4.262290299459980947e-02 -6.170156409257830932e-01 7.389758353311118855e-01
-4.262290299459980947e-02 -6.170156409257830932e-01 7.389758353311118855e-01
-4.262290295190458017e-02 -6.079138213944058622e-01 7.389642453407512246e-01
-4.262290295190458017e-02 -6.079138213944058622e-01 7.389642453407512246e-01
-4.262290296429272624e-02 -6.021328699355678049e-01 7.389676391562227664e-01
-4.262290296429272624e-02 -6.021328699355678049e-01 7.389676391562227664e-01
-4.262290296429272624e-02 -6.021328699355678049e-01 7.389676391562227664e-01
-4.262290298255805299e-02 -5.971252587636041165e-01 7.389726301081342985e-01
-4.262290298255805299e-02 -5.971252587636041165e-01 7.389726301081342985e-01
-4.262290298255805299e-02 -5.971252587636041165e-01 7.389726301081342985e-01
-4.262290298255805299e-02 -5.971252587636041165e-01 7.389726301081342985e-01
-4.262290293991204126e-02 -5.843722087033894619e-01 7.389610669412597366e-01
-4.262290293991204126e-02 -5.843722087033894619e-01 7.389610669412597366e-01
-4.262290293991204126e-02 -5.843722087033894619e-01 7.389610669412597366e-01
-4.262290293991204126e-02 -5.843722087033894619e-01 7.389610669412597366e-01
-4.262290299513048220e-02 -5.776862011119957563e-01 7.389761242618406722e-01
-4.262290299513048220e-02 -5.776862011119957563e-01 7.389761242618406722e-01
-4.262290299513048220e-02 -5.776862011119957563e-01 7.389761242618406722e-01
-4.262290300747496874e-02 -5.751411067566105650e-01 7.389794943053350496e-01
-4.262290300747496874e-02 -5.751411067566105650e-01 7.389794943053350496e-01
-4.262290294006847169e-02 -5.727815632283185243e-01 7.389611520910523979e-01
-4.262290294006847169e-02 -5.727815632283185243e-01 7.389611520910523979e-01
-4.262290294006847169e-02 -5.727815632283185243e-01 7.389611520910523979e-01
-4.262290294006847169e-02 -5.727815632283185243e-01 7.389611520910523979e-01
-4.262290295241367988e-02 -5.701802004917498889e-01 7.389645225479181123e-01
-4.262290295241367988e-02 -5.701802004917498889e-01 7.389645225479181123e-01
-4.249226890747669072e-02 -5.699961978610706970e-01 7.389645243298195165e-01
-4.249226890747669072e-02 -5.699961978610706970e-01 7.389645243298195165e-01
-4.249226890747669072e-02 -5.699961978610706970e-01 7.389645243298195165e-01
-4.249226890747669072e-02 -5.699961978610706970e-01 7.389645243298195165e-01
-4.249226890747669072e-02 -5.699961978610706970e-01 7.389645243298195165e-01
-4.262290298292412127e-02 -5.699886577719882608e-01 7.389728294651027873e-01
-4.262290298292412127e-02 -5.699886577719882608e-01 7.389728294651027873e-01
-4.262290298292412127e-02 -5.699886577719882608e-01 7.389728294651027873e-01
-4.262290298292412127e-02 -5.699886577719882608e-01 7.389728294651027873e-01
-4.262290299523406600e-02 -5.700042261111083475e-01 7.389761806968838664e-01
-4.262290299523406600e-02 -5.700042261111083475e-01 7.389761806968838664e-01
-4.262290299523395498e-02 -5.700101917892809178e-01 7.389761806530574795e-01
-4.262290299523395498e-02 -5.700101917892809178e-01 7.389761806530574795e-01
-4.262290295242750215e-02 -5.691602395984187712e-01 7.389645300409829476e-01
-4.262290295242750215e-02 -5.691602395984187712e-01 7.389645300409829476e-01
-4.262290295242750215e-02 -5.691602395984187712e-01 7.389645300409829476e-01
-4.262290295242750215e-02 -5.691602395984187712e-01 7.389645300409829476e-01
-4.262290295242750215e-02 -5.691602395984187712e-01 7.389645300409829476e-01
-4.262290298298851421e-02 -5.652192681472704150e-01 7.389728645030597676e-01
-4.262290298298851421e-02 -5.652192681472704150e-01 7.389728645030597676e-01
-4.262290299533279259e-02 -5.626909326378038978e-01 7.389762344234365177e-01
-4.262290299533279259e-02 -5.626909326378038978e-01 7.389762344234365177e-01
-4.262290299533279259e-02 -5.626909326378038978e-01 7.389762344234365177e-01
-4.262290299533279259e-02 -5.626909326378038978e-01 7.389762344234365177e-01
-4.262290296492278474e-02 -5.554434970811850114e-01 7.389679821561380146e-01
-4.262290296492278474e-02 -5.554434970811850114e-01 7.389679821561380146e-01
-4.262290296492278474e-02 -5.554434970811850114e-01 7.389679821561380146e-01
-4.262290296492278474e-02 -5.554434970811850114e-01 7.389679821561380146e-01
-4.262290296492278474e-02 -5.554434970811850114e-01 7.389679821561380146e-01
-4.262290296505981402e-02 -5.452750509667485534e-01 7.389680568578516073e-01
-4.262290296505981402e-02 -5.452750509667485534e-01 7.389680568578516073e-01
-4.262290296505981402e-02 -5.452750509667485534e-01 7.389680568578516073e-01
-4.262290296505981402e-02 -5.452750509667485534e-01 7.389680568578516073e-01
-4.262290295289751507e-02 -5.343176831495775048e-01 7.389647860091655973e-01
-4.262290295289751507e-02 -5.343176831495775048e-01 7.389647860091655973e-01
-4.262290295294469955e-02 -5.308244645965443098e-01 7.389648116718292581e-01
-4.262290295294469955e-02 -5.308244645965443098e-01 7.389648116718292581e-01
-4.262290295294469955e-02 -5.308244645965443098e-01 7.389648116718292581e-01
-4.262290295294469955e-02 -5.308244645965443098e-01 7.389648116718292581e-01
-4.262290299591979525e-02 -5.191823521074269143e-01 7.389765540559035673e-01
-4.262290299591979525e-02 -5.191823521074269143e-01 7.389765540559035673e-01
-4.262290299591979525e-02 -5.191823521074269143e-01 7.389765540559035673e-01
-4.262290299591979525e-02 -5.191823521074269143e-01 7.389765540559035673e-01
-4.262290299591979525e-02 -5.191823521074269143e-01 7.389765540559035673e-01
-4.249226889593733791e-02 -5.128666396226602142e-01 7.389615926816071045e-01
-4.249226889593733791e-02 -5.128666396226602142e-01 7.389615926816071045e-01
-4.262290294090965992e-02 -5.104289098533321134e-01 7.389616101600626763e-01
-4.262290294090965992e-02 -5.104289098533321134e-01 7.389616101600626763e-01
-4.262290294090965992e-02 -5.104289098533321134e-01 7.389616101600626763e-01
-4.262290294090965992e-02 -5.104289098533321134e-01 7.389616101600626763e-01
-4.262290295325561751e-02 -5.077772574963798080e-01 7.389649809863774177e-01
-4.262290295325561751e-02 -5.077772574963798080e-01 7.389649809863774177e-01
-4.249226893883001344e-02 -5.073322957240463671e-01 7.389732901954256805e-01
-4.249226893883001344e-02 -5.073322957240463671e-01 7.389732901954256805e-01
-4.249226893883001344e-02 -5.073322957240463671e-01 7.389732901954256805e-01
-4.249226893883001344e-02 -5.073322957240463671e-01 7.389732901954256805e-01
-4.249226893883001344e-02 -5.073322957240463671e-01 7.389732901954256805e-01
-4.262290295326202905e-02 -5.072996107637564034e-01 7.389649844953727342e-01
-4.262290295326202905e-02 -5.072996107637564034e-01 7.389649844953727342e-01
-4.262290295326202905e-02 -5.072996107637564034e-01 7.389649844953727342e-01
-4.262290295326202905e-02 -5.072996107637564034e-01 7.389649844953727342e-01
-4.262290296557182112e-02 -5.073319379487949421e-01 7.389683356040361861e-01
-4.262290296557182112e-02 -5.073319379487949421e-01 7.389683356040361861e-01
-4.262290296557182112e-02 -5.073319379487949421e-01 7.389683356040361861e-01
-4.262290296557182112e-02 -5.073319379487949421e-01 7.389683356040361861e-01
-4.262290296557182112e-02 -5.073319379487949421e-01 7.389683356040361861e-01
-4.249226892063169558e-02 -5.073825722436048347e-01 7.389683356621952193e-01
-4.249226892063169558e-02 -5.073825722436048347e-01 7.389683356621952193e-01
-4.249226892063169558e-02 -5.073825722436048347e-01 7.389683356621952193e-01
-4.249226892063169558e-02 -5.073825722436048347e-01 7.389683356621952193e-01
-4.249226892063169558e-02 -5.073825722436048347e-01 7.389683356621952193e-01
-4.249226892063169558e-02 -5.073825722436048347e-01 7.389683356621952193e-01
-4.262290300838895984e-02 -5.073953887353332970e-01 7.389799919940833739e-01
-4.262290300838895984e-02 -5.073953887353332970e-01 7.389799919940833739e-01
-4.262290300838895984e-02 -5.073953887353332970e-01 7.389799919940833739e-01
-4.262290300838895984e-02 -5.073953887353332970e-01 7.389799919940833739e-01
-4.262290296557037783e-02 -5.074336815434160597e-01 7.389683348565846410e-01
-4.262290296557037783e-02 -5.074336815434160597e-01 7.389683348565846410e-01
-4.262290296557037783e-02 -5.074336815434160597e-01 7.389683348565846410e-01
-4.262290296556990599e-02 -5.074743815977900141e-01 7.389683345575847051e-01
-4.262290296556990599e-02 -5.074743815977900141e-01 7.389683345575847051e-01
-4.262290296556990599e-02 -5.074743815977900141e-01 7.389683345575847051e-01
-4.262290296556990599e-02 -5.074743815977900141e-01 7.389683345575847051e-01
-4.262290299607775224e-02 -5.074743816282978326e-01 7.389766400676150981e-01
-4.262290299607775224e-02 -5.074743816282978326e-01 7.389766400676150981e-01
-4.262290299607775224e-02 -5.074743816282978326e-01 7.389766400676150981e-01
-4.262290299607775224e-02 -5.074743816282978326e-01 7.389766400676150981e-01
-4.262290299607741917e-02 -5.075007169575987964e-01 7.389766398741449693e-01
-4.262290299607741917e-02 -5.075007169575987964e-01 7.389766398741449693e-01
-4.262290299607741917e-02 -5.075007169575987964e-01 7.389766398741449693e-01
-4.262290299607741917e-02 -5.075007169575987964e-01 7.389766398741449693e-01
-4.262290299607741917e-02 -5.075007169575987964e-01 7.389766398741449693e-01
-4.262290296556951741e-02 -5.075031110479363283e-01 7.389683343465259791e-01
-4.262290296556951741e-02 -5.075031110479363283e-01 7.389683343465259791e-01
-4.262290296556951741e-02 -5.075031110479363283e-01 7.389683343465259791e-01
-4.262290296556951741e-02 -5.075031110479363283e-01 7.389683343465259791e-01
-4.262290296556951741e-02 -5.075031110479363283e-01 7.389683343465259791e-01
-4.262290296556951741e-02 -5.075031110479363283e-01 7.389683343465259791e-01
-4.262290296556951741e-02 -5.075031110479363283e-01 7.389683343465259791e-01
-4.262290296556951741e-02 -5.075031110479363283e-01 7.389683343465259791e-01
-4.262290296556951741e-02 -5.075031110479363283e-01 7.389683343465259791e-01
-4.262290296556951741e-02 -5.075031110479363283e-01 7.389683343465259791e-01
-4.262290296556951741e-02 -5.075031110479363283e-01 7.389683343465259791e-01
-4.262290296556965619e-02 -5.074971322871359991e-01 7.389683343904485113e-01
-4.262290296556965619e-02 -5.074971322871359991e-01 7.389683343904485113e-01
-4.262290296556965619e-02 -5.074971322871359991e-01 7.389683343904485113e-01
-4.262290296556965619e-02 -5.074971322871359991e-01 7.389683343904485113e-01
-4.262290296556962843e-02 -5.074923440454450763e-01 7.389683344256250397e-01
-4.262290296556962843e-02 -5.074923440454450763e-01 7.389683344256250397e-01
-4.262290303274034187e-02 -5.075007169942618024e-01 7.389866210572519911e-01
-4.262290303274034187e-02 -5.075007169942618024e-01 7.389866210572519911e-01
-4.262290295325939227e-02 -5.075007169147804920e-01 7.389649830179617629e-01
-4.262290295325939227e-02 -5.075007169147804920e-01 7.389649830179617629e-01
-4.262290295325939227e-02 -5.075007169147804920e-01 7.389649830179617629e-01
-4.262290295325939227e-02 -5.075007169147804920e-01 7.389649830179617629e-01
-4.262290295325939227e-02 -5.075007169147804920e-01 7.389649830179617629e-01
-4.262290298376722464e-02 -5.075007169452885325e-01 7.389732885279921559e-01
-4.262290298376722464e-02 -5.075007169452885325e-01 7.389732885279921559e-01
-4.262290298376730791e-02 -5.074971323053336647e-01 7.389732885543265350e-01
-4.262290298376730791e-02 -5.074971323053336647e-01 7.389732885543265350e-01
-4.262290294094929488e-02 -5.074899498999790870e-01 7.389616317509077881e-01
-4.262290294094929488e-02 -5.074899498999790870e-01 7.389616317509077881e-01
-4.262290296556962843e-02 -5.074923440454450763e-01 7.389683344256250397e-01
-4.262290296556962843e-02 -5.074923440454450763e-01 7.389683344256250397e-01
-4.262290296556962843e-02 -5.074923440454450763e-01 7.389683344256250397e-01
-4.262290296556962843e-02 -5.074923440454450763e-01 7.389683344256250397e-01
-4.262290295325947553e-02 -5.074899499122892399e-01 7.389649830970606015e-01
-4.262290295325947553e-02 -5.074899499122892399e-01 7.389649830970606015e-01
-4.262290295325947553e-02 -5.074899499122892399e-01 7.389649830970606015e-01
-4.262290295325947553e-02 -5.074899499122892399e-01 7.389649830970606015e-01
-4.262290295325947553e-02 -5.074899499122892399e-01 7.389649830970606015e-01
-4.262290294094926713e-02 -5.074923440208245484e-01 7.389616317333196349e-01
-4.262290294094926713e-02 -5.074923440208245484e-01 7.389616317333196349e-01
-4.262290302043024448e-02 -5.074899499794602864e-01 7.389832697901979053e-01
-4.262290302043024448e-02 -5.074899499794602864e-01 7.389832697901979053e-01
-4.262290302043024448e-02 -5.074899499794602864e-01 7.389832697901979053e-01
-4.262290302043024448e-02 -5.074899499794602864e-01 7.389832697901979053e-01
-4.262290298376730791e-02 -5.074971323053336647e-01 7.389732885543265350e-01
-4.262290298376730791e-02 -5.074971323053336647e-01 7.389732885543265350e-01
-4.262290298376730791e-02 -5.074971323053336647e-01 7.389732885543265350e-01
-4.262290298376730791e-02 -5.074971323053336647e-01 7.389732885543265350e-01
-4.262290298376730791e-02 -5.074971323053336647e-01 7.389732885543265350e-01
-4.262290299607747468e-02 -5.074947381967986892e-01 7.389766399180672796e-01
-4.262290299607747468e-02 -5.074947381967986892e-01 7.389766399180672796e-01
-4.262290296556968394e-02 -5.074875558037541534e-01 7.389683344608014570e-01
-4.262290296556968394e-02 -5.074875558037541534e-01 7.389683344608014570e-01
-4.262290296556968394e-02 -5.074875558037541534e-01 7.389683344608014570e-01
-4.262290296556968394e-02 -5.074875558037541534e-01 7.389683344608014570e-01
-4.249226892063011352e-02 -5.075010877667721632e-01 7.389683347915300127e-01
-4.249226892063011352e-02 -5.075010877667721632e-01 7.389683347915300127e-01
-4.249226892063011352e-02 -5.075010877667721632e-01 7.389683347915300127e-01
-4.249226892063011352e-02 -5.075010877667721632e-01 7.389683347915300127e-01
-4.249226892063011352e-02 -5.075010877667721632e-01 7.389683347915300127e-01
-4.262290295325950329e-02 -5.074875557914440005e-01 7.389649831146489767e-01
-4.262290295325950329e-02 -5.074875557914440005e-01 7.389649831146489767e-01
-4.262290295325950329e-02 -5.074875557914440005e-01 7.389649831146489767e-01
-4.262290295325950329e-02 -5.074875557914440005e-01 7.389649831146489767e-01
-4.262290296556976721e-02 -5.074827675620631195e-01 7.389683344959779854e-01
-4.262290296556976721e-02 -5.074827675620631195e-01 7.389683344959779854e-01
-4.262290302043027224e-02 -5.074875558586149360e-01 7.389832698077862805e-01
-4.262290302043027224e-02 -5.074875558586149360e-01 7.389832698077862805e-01
-4.262290295325958656e-02 -5.074827675497528556e-01 7.389649831498255050e-01
-4.262290295325958656e-02 -5.074827675497528556e-01 7.389649831498255050e-01
-4.262290296556962843e-02 -5.074923440454450763e-01 7.389683344256250397e-01
-4.262290296556962843e-02 -5.074923440454450763e-01 7.389683344256250397e-01
-4.262290296556962843e-02 -5.074923440454450763e-01 7.389683344256250397e-01
-4.262290296556962843e-02 -5.074923440454450763e-01 7.389683344256250397e-01
-4.262290296556962843e-02 -5.074923440454450763e-01 7.389683344256250397e-01
-4.249226892063019678e-02 -5.074927148851264835e-01 7.389683348530406981e-01
-4.249226892063019678e-02 -5.074927148851264835e-01 7.389683348530406981e-01
-4.262290298376733566e-02 -5.074851747837338944e-01 7.389732886421715996e-01
-4.262290298376733566e-02 -5.074851747837338944e-01 7.389732886421715996e-01
-4.262290295325972533e-02 -5.074743815854795281e-01 7.389649832114321137e-01
-4.262290295325972533e-02 -5.074743815854795281e-01 7.389649832114321137e-01
-4.262290295325972533e-02 -5.074743815854795281e-01 7.389649832114321137e-01
-4.262290295325972533e-02 -5.074743815854795281e-01 7.389649832114321137e-01
-4.262290295325972533e-02 -5.074743815854795281e-01 7.389649832114321137e-01
-4.262290296556976721e-02 -5.074827675620631195e-01 7.389683344959779854e-01
-4.262290296556976721e-02 -5.074827675620631195e-01 7.389683344959779854e-01
-4.262290296556976721e-02 -5.074827675620631195e-01 7.389683344959779854e-01
-4.262290296556976721e-02 -5.074827675620631195e-01 7.389683344959779854e-01
-4.262290299607761346e-02 -5.074827675925710491e-01 7.389766400060086005e-01
-4.262290299607761346e-02 -5.074827675925710491e-01 7.389766400060086005e-01
-4.262290299607761346e-02 -5.074827675925710491e-01 7.389766400060086005e-01
-4.262290299607761346e-02 -5.074827675925710491e-01 7.389766400060086005e-01
-4.262290298376741893e-02 -5.074827675802607851e-01 7.389732886598558981e-01
-4.262290298376741893e-02 -5.074827675802607851e-01 7.389732886598558981e-01
-4.262290298376741893e-02 -5.074827675802607851e-01 7.389732886598558981e-01
-4.262290298376741893e-02 -5.074827675802607851e-01 7.389732886598558981e-01
-4.262290298376741893e-02 -5.074827675802607851e-01 7.389732886598558981e-01
-4.262290298376755771e-02 -5.074743816159875687e-01 7.389732887214627288e-01
-4.262290298376755771e-02 -5.074743816159875687e-01 7.389732887214627288e-01
-4.262290296556976721e-02 -5.074827675620631195e-01 7.389683344959779854e-01
-4.262290296556976721e-02 -5.074827675620631195e-01 7.389683344959779854e-01
-4.262290299607761346e-02 -5.074827675925710491e-01 7.389766400060086005e-01
-4.262290299607761346e-02 -5.074827675925710491e-01 7.389766400060086005e-01
-4.262290299607761346e-02 -5.074827675925710491e-01 7.389766400060086005e-01
-4.262290299607761346e-02 -5.074827675925710491e-01 7.389766400060086005e-01
-4.262290300844738533e-02 -5.030636578868279418e-01 7.389800238168136026e-01
-4.262290300844738533e-02 -5.030636578868279418e-01 7.389800238168136026e-01
-4.262290300844738533e-02 -5.030636578868279418e-01 7.389800238168136026e-01
-4.262290300844738533e-02 -5.030636578868279418e-01 7.389800238168136026e-01
-4.262290300844738533e-02 -5.030636578868279418e-01 7.389800238168136026e-01
-4.262290298381880144e-02 -5.036730074065897123e-01 7.389733166479683923e-01
-4.262290298381880144e-02 -5.036730074065897123e-01 7.389733166479683923e-01
-4.262290298381880144e-02 -5.036730074065897123e-01 7.389733166479683923e-01
-4.262290298381880144e-02 -5.036730074065897123e-01 7.389733166479683923e-01
-4.262290298378917930e-02 -5.058709411690567315e-01 7.389733005010155065e-01
-4.262290298378917930e-02 -5.058709411690567315e-01 7.389733005010155065e-01
-4.262290296549824109e-02 -5.127891523541415753e-01 7.389682955130270070e-01
-4.262290296549824109e-02 -5.127891523541415753e-01 7.389682955130270070e-01
-4.262290296549824109e-02 -5.127891523541415753e-01 7.389682955130270070e-01
-4.262290296549824109e-02 -5.127891523541415753e-01 7.389682955130270070e-01
-4.262290296549824109e-02 -5.127891523541415753e-01 7.389682955130270070e-01
-4.262290298361742780e-02 -5.185988463762613021e-01 7.389732069964310979e-01
-4.262290298361742780e-02 -5.185988463762613021e-01 7.389732069964310979e-01
-4.262290296537589451e-02 -5.218514623074357317e-01 7.389682289374581714e-01
-4.262290296537589451e-02 -5.218514623074357317e-01 7.389682289374581714e-01
-4.262290296537589451e-02 -5.218514623074357317e-01 7.389682289374581714e-01
-4.262290296537589451e-02 -5.218514623074357317e-01 7.389682289374581714e-01
-4.262290302009667797e-02 -5.322186205069111553e-01 7.389830881229068060e-01
-4.262290302009667797e-02 -5.322186205069111553e-01 7.389830881229068060e-01
-4.262290302009667797e-02 -5.322186205069111553e-01 7.389830881229068060e-01
-4.262290302009667797e-02 -5.322186205069111553e-01 7.389830881229068060e-01
-4.262290298326798510e-02 -5.444988119967124618e-01 7.389730167243099279e-01
-4.262290298326798510e-02 -5.444988119967124618e-01 7.389730167243099279e-01
-4.262290298326798510e-02 -5.444988119967124618e-01 7.389730167243099279e-01
-4.262290298322901627e-02 -5.473874823296818182e-01 7.389729955029137320e-01
-4.262290298322901627e-02 -5.473874823296818182e-01 7.389729955029137320e-01
-4.262290298322901627e-02 -5.473874823296818182e-01 7.389729955029137320e-01
-4.262290298322901627e-02 -5.473874823296818182e-01 7.389729955029137320e-01
-4.262290300773251273e-02 -5.560523289993567486e-01 7.389796345395843735e-01
-4.262290300773251273e-02 -5.560523289993567486e-01 7.389796345395843735e-01
-4.262290300773251273e-02 -5.560523289993567486e-01 7.389796345395843735e-01
-4.262290300773251273e-02 -5.560523289993567486e-01 7.389796345395843735e-01
-4.262290299535938243e-02 -5.607211524536250824e-01 7.389762488942762664e-01
-4.262290299535938243e-02 -5.607211524536250824e-01 7.389762488942762664e-01
-4.262290299535938243e-02 -5.607211524536250824e-01 7.389762488942762664e-01
-4.262290299535938243e-02 -5.607211524536250824e-01 7.389762488942762664e-01
-4.262290299535938243e-02 -5.607211524536250824e-01 7.389762488942762664e-01
-4.262290300763625639e-02 -5.631860634092465956e-01 7.389795821321487601e-01
-4.262290300763625639e-02 -5.631860634092465956e-01 7.389795821321487601e-01
-4.262290300763625639e-02 -5.631860634092465956e-01 7.389795821321487601e-01
-4.262290300763625639e-02 -5.631860634092465956e-01 7.389795821321487601e-01
-4.262290301967854717e-02 -5.632099915471169282e-01 7.389828604471641027e-01
-4.262290301967854717e-02 -5.632099915471169282e-01 7.389828604471641027e-01
-4.262290301967854717e-02 -5.632099915471169282e-01 7.389828604471641027e-01
-4.262290301967854717e-02 -5.632099915471169282e-01 7.389828604471641027e-01
-4.262290298301590896e-02 -5.631812620603077191e-01 7.389728794751158070e-01
-4.262290298301590896e-02 -5.631812620603077191e-01 7.389728794751158070e-01
-4.262290298301590896e-02 -5.631812620603077191e-01 7.389728794751158070e-01
-4.262290296481872909e-02 -5.631513420728547770e-01 7.389679255310427353e-01
-4.262290296481872909e-02 -5.631513420728547770e-01 7.389679255310427353e-01
-4.262290296481872909e-02 -5.631513420728547770e-01 7.389679255310427353e-01
-4.262290296481872909e-02 -5.631513420728547770e-01 7.389679255310427353e-01
-4.262290298301699143e-02 -5.631058407123599174e-01 7.389728800291932576e-01
-4.262290298301699143e-02 -5.631058407123599174e-01 7.389728800291932576e-01
-4.262290298301699143e-02 -5.631058407123599174e-01 7.389728800291932576e-01
-4.262290298301699143e-02 -5.631058407123599174e-01 7.389728800291932576e-01
-4.262290303199052499e-02 -5.630759207920780218e-01 7.389862127782577117e-01
-4.262290303199052499e-02 -5.630759207920780218e-01 7.389862127782577117e-01
-4.262290303199052499e-02 -5.630759207920780218e-01 7.389862127782577117e-01
-4.262290303199052499e-02 -5.630759207920780218e-01 7.389862127782577117e-01
-4.262290303199052499e-02 -5.630759207920780218e-01 7.389862127782577117e-01
-4.249226904217902334e-02 -5.630894528102240448e-01 7.390012213113222872e-01
-4.249226904217902334e-02 -5.630894528102240448e-01 7.390012213113222872e-01
-4.249226887090681859e-02 -5.631002196414427452e-01 7.389545938074900677e-01
-4.249226887090681859e-02 -5.631002196414427452e-01 7.389545938074900677e-01
-4.249226895038792085e-02 -5.630918468392783760e-01 7.389762319082907593e-01
-4.249226895038792085e-02 -5.630918468392783760e-01 7.389762319082907593e-01
-4.249226895038792085e-02 -5.630918468392783760e-01 7.389762319082907593e-01
-4.249226895038792085e-02 -5.630918468392783760e-01 7.389762319082907593e-01
-4.249226898705081579e-02 -5.630894527550955875e-01 7.389862131089860453e-01
-4.249226898705081579e-02 -5.630894527550955875e-01 7.389862131089860453e-01
-4.249226895038780982e-02 -5.630978386827059090e-01 7.389762318642721928e-01
-4.249226895038780982e-02 -5.630978386827059090e-01 7.389762318642721928e-01
-4.249226895038780982e-02 -5.630978386827059090e-01 7.389762318642721928e-01
-4.249226895038780982e-02 -5.630978386827059090e-01 7.389762318642721928e-01
-4.249226895038780982e-02 -5.630978386827059090e-01 7.389762318642721928e-01
-4.249226896269818476e-02 -5.630846514064243857e-01 7.389795833073040665e-01
-4.249226896269818476e-02 -5.630846514064243857e-01 7.389795833073040665e-01
-4.249226896269818476e-02 -5.630846514064243857e-01 7.389795833073040665e-01
-4.249226896269818476e-02 -5.630846514064243857e-01 7.389795833073040665e-01
-4.249226896269807374e-02 -5.630894527307428454e-01 7.389795832720316149e-01
-4.249226896269807374e-02 -5.630894527307428454e-01 7.389795832720316149e-01
-4.249226895038805962e-02 -5.630870585975871201e-01 7.389762319434671767e-01
-4.249226895038805962e-02 -5.630870585975871201e-01 7.389762319434671767e-01
-4.249226895038805962e-02 -5.630870585975871201e-01 7.389762319434671767e-01
-4.249226898705098232e-02 -5.630870586342502371e-01 7.389862131265743095e-01
-4.249226898705098232e-02 -5.630870586342502371e-01 7.389862131265743095e-01
-4.249226898705098232e-02 -5.630870586342502371e-01 7.389862131265743095e-01
-4.249226898705098232e-02 -5.630870586342502371e-01 7.389862131265743095e-01
-4.249226897474094045e-02 -5.630786726576669787e-01 7.389828618420282158e-01
-4.249226897474094045e-02 -5.630786726576669787e-01 7.389828618420282158e-01
-4.249226897474094045e-02 -5.630786726576669787e-01 7.389828618420282158e-01
-4.249226897474094045e-02 -5.630786726576669787e-01 7.389828618420282158e-01
-4.249226895038800411e-02 -5.630846513941141218e-01 7.389762319611515862e-01
-4.249226895038800411e-02 -5.630846513941141218e-01 7.389762319611515862e-01
-4.249226893807786509e-02 -5.630870585852768562e-01 7.389728805973145853e-01
-4.249226893807786509e-02 -5.630870585852768562e-01 7.389728805973145853e-01
-4.249226893807786509e-02 -5.630870585852768562e-01 7.389728805973145853e-01
-4.249226893807786509e-02 -5.630870585852768562e-01 7.389728805973145853e-01
-4.249226893807786509e-02 -5.630870585852768562e-01 7.389728805973145853e-01
-4.249226897474094045e-02 -5.630786726576669787e-01 7.389828618420282158e-01
-4.249226897474094045e-02 -5.630786726576669787e-01 7.389828618420282158e-01
-4.249226895038819840e-02 -5.630738843916229808e-01 7.389762320402504248e-01
-4.249226895038819840e-02 -5.630738843916229808e-01 7.389762320402504248e-01
-4.249226895038819840e-02 -5.630738843916229808e-01 7.389762320402504248e-01
-4.249226895038819840e-02 -5.630738843916229808e-01 7.389762320402504248e-01
-4.249226896269807374e-02 -5.630894527307428454e-01 7.389795832720316149e-01
-4.249226896269807374e-02 -5.630894527307428454e-01 7.389795832720316149e-01
-4.249226896269807374e-02 -5.630894527307428454e-01 7.389795832720316149e-01
-4.249226896269807374e-02 -5.630894527307428454e-01 7.389795832720316149e-01
-4.249226896269807374e-02 -5.630894527307428454e-01 7.389795832720316149e-01
-4.249226895038817065e-02 -5.630702866690410202e-01 7.389762320666809492e-01
-4.249226895038817065e-02 -5.630702866690410202e-01 7.389762320666809492e-01
-4.249226895038817065e-02 -5.630702866690410202e-01 7.389762320666809492e-01
-4.249226895038817065e-02 -5.630702866690410202e-01 7.389762320666809492e-01
-4.249226889526010187e-02 -5.630631173340036044e-01 7.389612239170133545e-01
-4.249226889526010187e-02 -5.630631173340036044e-01 7.389612239170133545e-01
-4.249226889526010187e-02 -5.630631173340036044e-01 7.389612239170133545e-01
-4.249226889526010187e-02 -5.630631173340036044e-01 7.389612239170133545e-01
-4.249226890757019925e-02 -5.630655114671593298e-01 7.389645752455780148e-01
-4.249226890757019925e-02 -5.630655114671593298e-01 7.389645752455780148e-01
-4.249226890757019925e-02 -5.630655114671593298e-01 7.389645752455780148e-01
-4.236162627075115705e-02 -5.630813540828910613e-01 7.389728810697006045e-01
-4.236162627075115705e-02 -5.630813540828910613e-01 7.389728810697006045e-01
-4.236162627075115705e-02 -5.630813540828910613e-01 7.389728810697006045e-01
-4.236162627075115705e-02 -5.630813540828910613e-01 7.389728810697006045e-01
-4.249226895038811513e-02 -5.630762785124684422e-01 7.389762320226622716e-01
-4.249226895038811513e-02 -5.630762785124684422e-01 7.389762320226622716e-01
-4.249226895038819840e-02 -5.630738843916229808e-01 7.389762320402504248e-01
-4.249226895038819840e-02 -5.630738843916229808e-01 7.389762320402504248e-01
-4.249226895038819840e-02 -5.630738843916229808e-01 7.389762320402504248e-01
-4.249226895038819840e-02 -5.630738843916229808e-01 7.389762320402504248e-01
-4.249226893807800387e-02 -5.630786726210039728e-01 7.389728806589214161e-01
-4.249226893807800387e-02 -5.630786726210039728e-01 7.389728806589214161e-01
-4.249226893807800387e-02 -5.630786726210039728e-01 7.389728806589214161e-01
-4.249226891988035215e-02 -5.630738843611150513e-01 7.389679265302199207e-01
-4.249226891988035215e-02 -5.630738843611150513e-01 7.389679265302199207e-01
-4.249226893807800387e-02 -5.630786726210039728e-01 7.389728806589214161e-01
-4.249226893807800387e-02 -5.630786726210039728e-01 7.389728806589214161e-01
-4.249226893807800387e-02 -5.630786726210039728e-01 7.389728806589214161e-01
-4.249226893807800387e-02 -5.630786726210039728e-01 7.389728806589214161e-01
-4.249226891988035215e-02 -5.630738843611150513e-01 7.389679265302199207e-01
-4.249226891988035215e-02 -5.630738843611150513e-01 7.389679265302199207e-01
-4.249226891988051868e-02 -5.630571255151965993e-01 7.389679266533376589e-01
-4.249226891988051868e-02 -5.630571255151965993e-01 7.389679266533376589e-01
-4.249226896269829579e-02 -5.630762785247787061e-01 7.389795833688150850e-01
-4.249226896269829579e-02 -5.630762785247787061e-01 7.389795833688150850e-01
-4.249226896269829579e-02 -5.630762785247787061e-01 7.389795833688150850e-01
-4.249226896269829579e-02 -5.630762785247787061e-01 7.389795833688150850e-01
-4.249226896269829579e-02 -5.630762785247787061e-01 7.389795833688150850e-01
-4.249226896269829579e-02 -5.630762785247787061e-01 7.389795833688150850e-01
-4.249226896269829579e-02 -5.630762785247787061e-01 7.389795833688150850e-01
-4.249226895038817065e-02 -5.630702866690410202e-01 7.389762320666809492e-01
-4.249226895038817065e-02 -5.630702866690410202e-01 7.389762320666809492e-01
-4.249226895038817065e-02 -5.630702866690410202e-01 7.389762320666809492e-01
-4.249226895038817065e-02 -5.630702866690410202e-01 7.389762320666809492e-01
-4.249226893807803163e-02 -5.630655114976672593e-01 7.389728807556085188e-01
-4.249226893807803163e-02 -5.630655114976672593e-01 7.389728807556085188e-01
-4.249226893807803163e-02 -5.630655114976672593e-01 7.389728807556085188e-01
-4.249226893807803163e-02 -5.630655114976672593e-01 7.389728807556085188e-01
-4.249226893807803163e-02 -5.630655114976672593e-01 7.389728807556085188e-01
-4.236162622793325505e-02 -5.630765657983819450e-01 7.389612242486939264e-01
-4.236162622793325505e-02 -5.630765657983819450e-01 7.389612242486939264e-01
-4.236162621562296338e-02 -5.630813540277627149e-01 7.389578728673648067e-01
-4.236162621562296338e-02 -5.630813540277627149e-01 7.389578728673648067e-01
-4.236162630741409363e-02 -5.630837351577719918e-01 7.389828622353153964e-01
-4.236162630741409363e-02 -5.630837351577719918e-01 7.389828622353153964e-01
-4.236162630741409363e-02 -5.630837351577719918e-01 7.389828622353153964e-01
-4.236162630741409363e-02 -5.630837351577719918e-01 7.389828622353153964e-01
-4.236162624024332468e-02 -5.630813540523832428e-01 7.389645755596702115e-01
-4.236162624024332468e-02 -5.630813540523832428e-01 7.389645755596702115e-01
-4.236162624024332468e-02 -5.630813540523832428e-01 7.389645755596702115e-01
-4.236162624024332468e-02 -5.630813540523832428e-01 7.389645755596702115e-01
-4.236162624024332468e-02 -5.630813540523832428e-01 7.389645755596702115e-01
-4.236162624024318590e-02 -5.630945282583473821e-01 7.389645754628869634e-01
-4.236162624024318590e-02 -5.630945282583473821e-01 7.389645754628869634e-01
-4.236162624024318590e-02 -5.630945282583473821e-01 7.389645754628869634e-01
-4.236162624024318590e-02 -5.630945282583473821e-01 7.389645754628869634e-01
-4.236162624024343570e-02 -5.630765658106920979e-01 7.389645755948467398e-01
-4.236162624024343570e-02 -5.630765658106920979e-01 7.389645755948467398e-01
-4.236162627075110154e-02 -5.630873328436910574e-01 7.389728810257780722e-01
-4.236162627075110154e-02 -5.630873328436910574e-01 7.389728810257780722e-01
-4.236162624024326917e-02 -5.630921210548741618e-01 7.389645754805712619e-01
-4.236162624024326917e-02 -5.630921210548741618e-01 7.389645754805712619e-01
-4.236162624024326917e-02 -5.630921210548741618e-01 7.389645754805712619e-01
-4.236162624024326917e-02 -5.630921210548741618e-01 7.389645754805712619e-01
-4.236162624024326917e-02 -5.630921210548741618e-01 7.389645754805712619e-01
-4.236162627075115705e-02 -5.630837351211090969e-01 7.389728810522085967e-01
-4.236162627075115705e-02 -5.630837351211090969e-01 7.389728810522085967e-01
-4.236162627075126808e-02 -5.630765658412000274e-01 7.389728811048771329e-01
-4.236162627075126808e-02 -5.630765658412000274e-01 7.389728811048771329e-01
-4.236162628306129607e-02 -5.630873328560014324e-01 7.389762323719308856e-01
-4.236162628306129607e-02 -5.630873328560014324e-01 7.389762323719308856e-01
-4.236162628306129607e-02 -5.630873328560014324e-01 7.389762323719308856e-01
-4.236162628306129607e-02 -5.630873328560014324e-01 7.389762323719308856e-01
-4.236162628306135158e-02 -5.630837351334192498e-01 7.389762323983610770e-01
-4.236162628306135158e-02 -5.630837351334192498e-01 7.389762323983610770e-01
-4.236162628306135158e-02 -5.630837351334192498e-01 7.389762323983610770e-01
-4.236162628306135158e-02 -5.630837351334192498e-01 7.389762323983610770e-01
-4.236162628306135158e-02 -5.630837351334192498e-01 7.389762323983610770e-01
-4.236162622793322730e-02 -5.630789599192275174e-01 7.389612242311054402e-01
-4.236162622793322730e-02 -5.630789599192275174e-01 7.389612242311054402e-01
-4.236162629537153224e-02 -5.630813541075115891e-01 7.389795837620060093e-01
-4.236162629537153224e-02 -5.630813541075115891e-01 7.389795837620060093e-01
-4.236162629537153224e-02 -5.630813541075115891e-01 7.389795837620060093e-01
-4.236162629537153224e-02 -5.630813541075115891e-01 7.389795837620060093e-01
-4.236163126012128244e-02 -5.630897319539249768e-01 7.403311961749525771e-01
-4.236163126012128244e-02 -5.630897319539249768e-01 7.403311961749525771e-01
-4.236163126012128244e-02 -5.630897319539249768e-01 7.403311961749525771e-01
-4.236163675180044941e-02 -5.630873433247790549e-01 7.418262608534040847e-01
-4.236163675180044941e-02 -5.630873433247790549e-01 7.418262608534040847e-01
-4.236165836232463899e-02 -5.630837672128004012e-01 7.477095490509128028e-01
-4.236165836232463899e-02 -5.630837672128004012e-01 7.477095490509128028e-01
-4.236165836232463899e-02 -5.630837672128004012e-01 7.477095490509128028e-01
-4.236165836232463899e-02 -5.630837672128004012e-01 7.477095490509128028e-01
-4.236167356325833133e-02 -5.630790072547264824e-01 7.518478787417779419e-01
-4.236167356325833133e-02 -5.630790072547264824e-01 7.518478787417779419e-01
-4.236167356325833133e-02 -5.630790072547264824e-01 7.518478787417779419e-01
-4.236167356325833133e-02 -5.630790072547264824e-01 7.518478787417779419e-01
-4.236172043347252725e-02 -5.630874270067585119e-01 7.646079105906485873e-01
-4.236172043347252725e-02 -5.630874270067585119e-01 7.646079105906485873e-01
-4.236172043347252725e-02 -5.630874270067585119e-01 7.646079105906485873e-01
-4.236172043347252725e-02 -5.630874270067585119e-01 7.646079105906485873e-01
-4.236172043347252725e-02 -5.630874270067585119e-01 7.646079105906485873e-01
-4.236177005206881452e-02 -5.630814978647368241e-01 7.781161670012195497e-01
-4.236177005206881452e-02 -5.630814978647368241e-01 7.781161670012195497e-01
-4.236177005206881452e-02 -5.630814978647368241e-01 7.781161670012195497e-01
-4.236177005206881452e-02 -5.630814978647368241e-01 7.781161670012195497e-01
-4.249247388467479458e-02 -5.630740893266623637e-01 7.947679128281546213e-01
-4.249247388467479458e-02 -5.630740893266623637e-01 7.947679128281546213e-01
-4.249247388467479458e-02 -5.630740893266623637e-01 7.947679128281546213e-01
-4.249247388467479458e-02 -5.630740893266623637e-01 7.947679128281546213e-01
-4.262313063601232133e-02 -5.630605800701259378e-01 8.009495433314466339e-01
-4.262313063601232133e-02 -5.630605800701259378e-01 8.009495433314466339e-01
-4.262313063601232133e-02 -5.630605800701259378e-01 8.009495433314466339e-01
-4.249250358860814925e-02 -5.630765131515504951e-01 8.028545653663475834e-01
-4.249250358860814925e-02 -5.630765131515504951e-01 8.028545653663475834e-01
-4.249250358860814925e-02 -5.630765131515504951e-01 8.028545653663475834e-01
-4.249250358860814925e-02 -5.630765131515504951e-01 8.028545653663475834e-01
-4.249251298582637504e-02 -5.630657555463122188e-01 8.054128811009320099e-01
-4.249251298582637504e-02 -5.630657555463122188e-01 8.054128811009320099e-01
-4.249251298582637504e-02 -5.630657555463122188e-01 8.054128811009320099e-01
-4.249251298582637504e-02 -5.630657555463122188e-01 8.054128811009320099e-01
-4.249251379401654261e-02 -5.630741292361505224e-01 8.056329041998815388e-01
-4.249251379401654261e-02 -5.630741292361505224e-01 8.056329041998815388e-01
-4.249251379401654261e-02 -5.630741292361505224e-01 8.056329041998815388e-01
-4.262314780844833617e-02 -5.630546184818249200e-01 8.056245984030450114e-01
-4.262314780844833617e-02 -5.630546184818249200e-01 8.056245984030450114e-01
-4.249251368991520394e-02 -5.630705314094670566e-01 8.056045634947162082e-01
-4.249251368991520394e-02 -5.630705314094670566e-01 8.056045634947162082e-01
-4.249251368991520394e-02 -5.630705314094670566e-01 8.056045634947162082e-01
-4.249251368991520394e-02 -5.630705314094670566e-01 8.056045634947162082e-01
-4.249251359812408757e-02 -5.630681502794576687e-01 8.055795741267655075e-01
-4.249251359812408757e-02 -5.630681502794576687e-01 8.055795741267655075e-01
-4.249251354272849668e-02 -5.630609678615249303e-01 8.055644931218429727e-01
-4.249251354272849668e-02 -5.630609678615249303e-01 8.055644931218429727e-01
-4.249251354272849668e-02 -5.630609678615249303e-01 8.055644931218429727e-01
-4.249251354272849668e-02 -5.630609678615249303e-01 8.055644931218429727e-01
-4.249251354272849668e-02 -5.630609678615249303e-01 8.055644931218429727e-01
-4.262314749587678420e-02 -5.630569992074700991e-01 8.055395033354149081e-01
-4.262314749587678420e-02 -5.630569992074700991e-01 8.055395033354149081e-01
-4.262314876944525710e-02 -5.630653864453166735e-01 8.058862218899108809e-01
-4.262314876944525710e-02 -5.630653864453166735e-01 8.058862218899108809e-01
-4.262315134682273521e-02 -5.630606007810124991e-01 8.065878918119727681e-01
-4.262315134682273521e-02 -5.630606007810124991e-01 8.065878918119727681e-01
-4.262315134682273521e-02 -5.630606007810124991e-01 8.065878918119727681e-01
-4.262315134682273521e-02 -5.630606007810124991e-01 8.065878918119727681e-01
-4.262317126764063324e-02 -5.630546419411035508e-01 8.120111713398386888e-01
-4.262317126764063324e-02 -5.630546419411035508e-01 8.120111713398386888e-01
-4.262318755240548929e-02 -5.630570392641459643e-01 8.164445651502720835e-01
-4.262318755240548929e-02 -5.630570392641459643e-01 8.164445651502720835e-01
-4.262318755240548929e-02 -5.630570392641459643e-01 8.164445651502720835e-01
-4.262318755240548929e-02 -5.630570392641459643e-01 8.164445651502720835e-01
-4.262318755240548929e-02 -5.630570392641459643e-01 8.164445651502720835e-01
-4.262323957095186244e-02 -5.630630831263110370e-01 8.306061882619777403e-01
-4.262323957095186244e-02 -5.630630831263110370e-01 8.306061882619777403e-01
-4.262326069174493526e-02 -5.630571124037541120e-01 8.363561511844781471e-01
-4.262326069174493526e-02 -5.630571124037541120e-01 8.363561511844781471e-01
-4.262328059463273144e-02 -5.630547512684971334e-01 8.417745493773870491e-01
-4.262328059463273144e-02 -5.630547512684971334e-01 8.417745493773870491e-01
-4.262328059463273144e-02 -5.630547512684971334e-01 8.417745493773870491e-01
-4.262328059463273144e-02 -5.630547512684971334e-01 8.417745493773870491e-01
-4.262328059463273144e-02 -5.630547512684971334e-01 8.417745493773870491e-01
-4.262332047935410428e-02 -5.630607699141652045e-01 8.526328380128862516e-01
-4.262332047935410428e-02 -5.630607699141652045e-01 8.526328380128862516e-01
-4.262332047935410428e-02 -5.630607699141652045e-01 8.526328380128862516e-01
-4.262332047935410428e-02 -5.630607699141652045e-01 8.526328380128862516e-01
-4.262335612187988232e-02 -5.630500385543305564e-01 8.623362237450434842e-01
-4.262335612187988232e-02 -5.630500385543305564e-01 8.623362237450434842e-01
-4.249273757786758976e-02 -5.630683742600237629e-01 8.665562245450149081e-01
-4.249273757786758976e-02 -5.630683742600237629e-01 8.665562245450149081e-01
-4.249273757786758976e-02 -5.630683742600237629e-01 8.665562245450149081e-01
-4.249273757786758976e-02 -5.630683742600237629e-01 8.665562245450149081e-01
-4.262337826522077933e-02 -5.630572299776619438e-01 8.683645668675850082e-01
-4.262337826522077933e-02 -5.630572299776619438e-01 8.683645668675850082e-01
-4.262337826522077933e-02 -5.630572299776619438e-01 8.683645668675850082e-01
-4.249274450769702227e-02 -5.630767540715242436e-01 8.684428138014252951e-01
-4.249274450769702227e-02 -5.630767540715242436e-01 8.684428138014252951e-01
-4.249274450769702227e-02 -5.630767540715242436e-01 8.684428138014252951e-01
-4.249274450769702227e-02 -5.630767540715242436e-01 8.684428138014252951e-01
-4.249274444052632271e-02 -5.630743598835076247e-01 8.684245271258757004e-01
-4.249274444052632271e-02 -5.630743598835076247e-01 8.684245271258757004e-01
-4.262337833239154827e-02 -5.630572300448328793e-01 8.683828535607226451e-01
-4.262337833239154827e-02 -5.630572300448328793e-01 8.683828535607226451e-01
-4.262337833239154827e-02 -5.630572300448328793e-01 8.683828535607226451e-01
-4.262337833239154827e-02 -5.630572300448328793e-01 8.683828535607226451e-01
-4.262337808752597601e-02 -5.630572297999663078e-01 8.683161909144240242e-01
-4.262337808752597601e-02 -5.630572297999663078e-01 8.683161909144240242e-01
-4.262337808752597601e-02 -5.630572297999663078e-01 8.683161909144240242e-01
-4.262337808752597601e-02 -5.630572297999663078e-01 8.683161909144240242e-01
-4.262337808752597601e-02 -5.630572297999663078e-01 8.683161909144240242e-01
-4.262337808752597601e-02 -5.630572297999663078e-01 8.683161909144240242e-01
-4.262337808752597601e-02 -5.630572297999663078e-01 8.683161909144240242e-01
-4.262337809983610115e-02 -5.630608275348589764e-01 8.683195422341463132e-01
-4.262337809983610115e-02 -5.630608275348589764e-01 8.683195422341463132e-01
-4.262337809983610115e-02 -5.630608275348589764e-01 8.683195422341463132e-01
-4.262337809983610115e-02 -5.630608275348589764e-01 8.683195422341463132e-01
-4.262341317288203396e-02 -5.630656508497245971e-01 8.778678916647898456e-01
-4.262341317288203396e-02 -5.630656508497245971e-01 8.778678916647898456e-01
-4.262341317288203396e-02 -5.630656508497245971e-01 8.778678916647898456e-01
-4.262342508619443998e-02 -5.630525016397440741e-01 8.811111934284355796e-01
-4.262342508619443998e-02 -5.630525016397440741e-01 8.811111934284355796e-01
-4.262343906280010447e-02 -5.630549097372468115e-01 8.849162098351396333e-01
-4.262343906280010447e-02 -5.630549097372468115e-01 8.849162098351396333e-01
-4.262345731853217634e-02 -5.630525338722001116e-01 8.898861833418426626e-01
-4.262345731853217634e-02 -5.630525338722001116e-01 8.898861833418426626e-01
-4.262345731853217634e-02 -5.630525338722001116e-01 8.898861833418426626e-01
-4.262345731853217634e-02 -5.630525338722001116e-01 8.898861833418426626e-01
-4.262350699867919340e-02 -5.630609564341753082e-01 9.034111963777442522e-01
-4.262350699867919340e-02 -5.630609564341753082e-01 9.034111963777442522e-01
-4.262350699867919340e-02 -5.630609564341753082e-01 9.034111963777442522e-01
-4.262350699867919340e-02 -5.630609564341753082e-01 9.034111963777442522e-01
-4.262350699867919340e-02 -5.630609564341753082e-01 9.034111963777442522e-01
-4.249293251468093391e-02 -5.630661750767077534e-01 9.196261751424013031e-01
-4.249293251468093391e-02 -5.630661750767077534e-01 9.196261751424013031e-01
-4.249293251468093391e-02 -5.630661750767077534e-01 9.196261751424013031e-01
-4.249293251468093391e-02 -5.630661750767077534e-01 9.196261751424013031e-01
-4.262360678742130315e-02 -5.630610562232839511e-01 9.305778639897531734e-01
-4.262360678742130315e-02 -5.630610562232839511e-01 9.305778639897531734e-01
-4.262360678742130315e-02 -5.630610562232839511e-01 9.305778639897531734e-01
-4.262360678742130315e-02 -5.630610562232839511e-01 9.305778639897531734e-01
-4.262363321015603945e-02 -5.630634767669613350e-01 9.377712370675473919e-01
-4.262363321015603945e-02 -5.630634767669613350e-01 9.377712370675473919e-01
-4.262363321015603945e-02 -5.630634767669613350e-01 9.377712370675473919e-01
-4.262363321015603945e-02 -5.630634767669613350e-01 9.377712370675473919e-01
-4.262363321015603945e-02 -5.630634767669613350e-01 9.377712370675473919e-01
-4.262364917613667425e-02 -5.673269845961522728e-01 9.421178288508404997e-01
-4.262364917613667425e-02 -5.673269845961522728e-01 9.421178288508404997e-01
-4.262364917613667425e-02 -5.673269845961522728e-01 9.421178288508404997e-01
-4.262364917613667425e-02 -5.673269845961522728e-01 9.421178288508404997e-01
-4.262364928642728423e-02 -5.647914537394683743e-01 9.421478638825973029e-01
-4.262364928642728423e-02 -5.647914537394683743e-01 9.421478638825973029e-01
-4.262364931079293262e-02 -5.638373377350557325e-01 9.421545007288920637e-01
-4.262364931079293262e-02 -5.638373377350557325e-01 9.421545007288920637e-01
-4.262364931079293262e-02 -5.638373377350557325e-01 9.421545007288920637e-01
-4.262364931079293262e-02 -5.638373377350557325e-01 9.421545007288920637e-01
-4.262364931079293262e-02 -5.638373377350557325e-01 9.421545007288920637e-01
-4.262364921911837579e-02 -5.551952286049287588e-01 9.421295748320439589e-01
-4.262364921911837579e-02 -5.551952286049287588e-01 9.421295748320439589e-01
-4.249301507627287200e-02 -5.522171298580454968e-01 9.421029320820388797e-01
-4.249301507627287200e-02 -5.522171298580454968e-01 9.421029320820388797e-01
-4.249301507627287200e-02 -5.522171298580454968e-01 9.421029320820388797e-01
-4.249301507627287200e-02 -5.522171298580454968e-01 9.421029320820388797e-01
-4.262364910900343085e-02 -5.447107453459988369e-01 9.420996354508273107e-01
-4.262364910900343085e-02 -5.447107453459988369e-01 9.420996354508273107e-01
-4.249301503362396676e-02 -5.396759660339732756e-01 9.420913673585584736e-01
-4.249301503362396676e-02 -5.396759660339732756e-01 9.420913673585584736e-01
-4.249301503362396676e-02 -5.396759660339732756e-01 9.420913673585584736e-01
-4.249301503362396676e-02 -5.396759660339732756e-01 9.420913673585584736e-01
-4.249301503362396676e-02 -5.396759660339732756e-01 9.420913673585584736e-01
-4.249301488713769226e-02 -5.274209191710482747e-01 9.420515326568963399e-01
-4.249301488713769226e-02 -5.274209191710482747e-01 9.420515326568963399e-01
-4.249301488713769226e-02 -5.274209191710482747e-01 9.420515326568963399e-01
-4.249301488713769226e-02 -5.274209191710482747e-01 9.420515326568963399e-01
-4.262364885222341693e-02 -5.153822021781668816e-01 9.420298369182787956e-01
-4.262364885222341693e-02 -5.153822021781668816e-01 9.420298369182787956e-01
-4.262364885222341693e-02 -5.153822021781668816e-01 9.420298369182787956e-01
-4.262364885222341693e-02 -5.153822021781668816e-01 9.420298369182787956e-01
-4.249301477687187495e-02 -5.082787716293329927e-01 9.420215840231984661e-01
-4.249301477687187495e-02 -5.082787716293329927e-01 9.420215840231984661e-01
-4.249301477687187495e-02 -5.082787716293329927e-01 9.420215840231984661e-01
-4.249301477687187495e-02 -5.082787716293329927e-01 9.420215840231984661e-01
-4.249301477687187495e-02 -5.082787716293329927e-01 9.420215840231984661e-01
-4.249301477687187495e-02 -5.082787716293329927e-01 9.420215840231984661e-01
-4.249301477687187495e-02 -5.082787716293329927e-01 9.420215840231984661e-01
-4.262364871805878613e-02 -5.022664100117621988e-01 9.419933598861689461e-01
-4.262364871805878613e-02 -5.022664100117621988e-01 9.419933598861689461e-01
-4.262364871805878613e-02 -5.022664100117621988e-01 9.419933598861689461e-01
-4.262364871805878613e-02 -5.022664100117621988e-01 9.419933598861689461e-01
-4.249301458724042552e-02 -5.004315759351112280e-01 9.419699872280591357e-01
-4.249301458724042552e-02 -5.004315759351112280e-01 9.419699872280591357e-01
-4.249301463006366353e-02 -5.000424986339628841e-01 9.419816469425692507e-01
-4.249301463006366353e-02 -5.000424986339628841e-01 9.419816469425692507e-01
-4.249301463006366353e-02 -5.000424986339628841e-01 9.419816469425692507e-01
-4.249301463006366353e-02 -5.000424986339628841e-01 9.419816469425692507e-01
-4.249301463006366353e-02 -5.000424986339628841e-01 9.419816469425692507e-01
-4.262364863222537631e-02 -4.970576795020451577e-01 9.419700115839919619e-01
-4.262364863222537631e-02 -4.970576795020451577e-01 9.419700115839919619e-01
-4.262364863222537631e-02 -4.970576795020451577e-01 9.419700115839919619e-01
-4.262364863222537631e-02 -4.970576795020451577e-01 9.419700115839919619e-01
-4.262364860794697757e-02 -4.915460862256068042e-01 9.419634222375370403e-01
-4.262364860794697757e-02 -4.915460862256068042e-01 9.419634222375370403e-01
-4.262364858337463341e-02 -4.879870227833876806e-01 9.419567456916193571e-01
-4.262364858337463341e-02 -4.879870227833876806e-01 9.419567456916193571e-01
-4.249301455085851414e-02 -4.795990614066693025e-01 9.419601590894305376e-01
-4.249301455085851414e-02 -4.795990614066693025e-01 9.419601590894305376e-01
-4.249301455085851414e-02 -4.795990614066693025e-01 9.419601590894305376e-01
-4.249301455085851414e-02 -4.795990614066693025e-01 9.419601590894305376e-01
-4.249301455085851414e-02 -4.795990614066693025e-01 9.419601590894305376e-01
-4.262364858357472336e-02 -4.731593296857550257e-01 9.419568546221355199e-01
-4.262364858357472336e-02 -4.731593296857550257e-01 9.419568546221355199e-01
-4.262364857133397328e-02 -4.680080581499241887e-01 9.419535411194057684e-01
-4.262364857133397328e-02 -4.680080581499241887e-01 9.419535411194057684e-01
-4.262364857145516800e-02 -4.590307656519014845e-01 9.419536070704004338e-01
-4.262364857145516800e-02 -4.590307656519014845e-01 9.419536070704004338e-01
-4.262364857145516800e-02 -4.590307656519014845e-01 9.419536070704004338e-01
-4.262364857145516800e-02 -4.590307656519014845e-01 9.419536070704004338e-01
-4.262364857156521886e-02 -4.508687170909759789e-01 9.419536670322671279e-01
-4.262364857156521886e-02 -4.508687170909759789e-01 9.419536670322671279e-01
-4.262364857156521886e-02 -4.508687170909759789e-01 9.419536670322671279e-01
-4.262364857156521886e-02 -4.508687170909759789e-01 9.419536670322671279e-01
-4.262364857156521886e-02 -4.508687170909759789e-01 9.419536670322671279e-01
-4.262364857166228010e-02 -4.436763463443120781e-01 9.419537198704701630e-01
-4.262364857166228010e-02 -4.436763463443120781e-01 9.419537198704701630e-01
-4.262364851682763633e-02 -4.417549465672699904e-01 9.419387986389015088e-01
-4.262364851682763633e-02 -4.417549465672699904e-01 9.419387986389015088e-01
-4.262364851682763633e-02 -4.417549465672699904e-01 9.419387986389015088e-01
-4.262364851682763633e-02 -4.417549465672699904e-01 9.419387986389015088e-01
-4.262364857173862182e-02 -4.380210862175536457e-01 9.419537614164070760e-01
-4.262364857173862182e-02 -4.380210862175536457e-01 9.419537614164070760e-01
-4.262364857173862182e-02 -4.380210862175536457e-01 9.419537614164070760e-01
-4.262364855354297544e-02 -4.378654618030830559e-01 9.419488083958119651e-01
-4.262364855354297544e-02 -4.378654618030830559e-01 9.419488083958119651e-01
-4.262364855354297544e-02 -4.378654618030830559e-01 9.419488083958119651e-01
-4.262364855354297544e-02 -4.378654618030830559e-01 9.419488083958119651e-01
-4.249301450860472340e-02 -4.377772436301661241e-01 9.419488094740400275e-01
-4.249301450860472340e-02 -4.377772436301661241e-01 9.419488094740400275e-01
-4.262364855354425219e-02 -4.377768793317988738e-01 9.419488090465764074e-01
-4.262364855354425219e-02 -4.377768793317988738e-01 9.419488090465764074e-01
-4.262364855354425219e-02 -4.377768793317988738e-01 9.419488090465764074e-01
-4.262364855354425219e-02 -4.377768793317988738e-01 9.419488090465764074e-01
-4.262364859636164766e-02 -4.378223676706818335e-01 9.419604655685833716e-01
-4.262364859636164766e-02 -4.378223676706818335e-01 9.419604655685833716e-01
-4.262364859636164766e-02 -4.378223676706818335e-01 9.419604655685833716e-01
-4.262364859636164766e-02 -4.378223676706818335e-01 9.419604655685833716e-01
-4.262364859636164766e-02 -4.378223676706818335e-01 9.419604655685833716e-01
-4.262364855354293380e-02 -4.378726441656196622e-01 9.419488083430472836e-01
-4.262364855354293380e-02 -4.378726441656196622e-01 9.419488083430472836e-01
-4.262364857174019001e-02 -4.378977889940091073e-01 9.419537623222007383e-01
-4.262364857174019001e-02 -4.378977889940091073e-01 9.419537623222007383e-01
-4.262364857174019001e-02 -4.378977889940091073e-01 9.419537623222007383e-01
-4.262364857174019001e-02 -4.378977889940091073e-01 9.419537623222007383e-01
-4.262364857173996796e-02 -4.379133507795048841e-01 9.419537622078774097e-01
-4.262364857173996796e-02 -4.379133507795048841e-01 9.419537622078774097e-01
-4.262364854123174007e-02 -4.379444808613026652e-01 9.419454564691516207e-01
-4.262364854123174007e-02 -4.379444808613026652e-01 9.419454564691516207e-01
-4.262364854123174007e-02 -4.379444808613026652e-01 9.419454564691516207e-01
-4.262364850456880350e-02 -4.379444808246395482e-01 9.419354752860447100e-01
-4.262364850456880350e-02 -4.379444808246395482e-01 9.419354752860447100e-01
-4.262364857173957938e-02 -4.379468684713422322e-01 9.419537619616421553e-01
-4.262364857173957938e-02 -4.379468684713422322e-01 9.419537619616421553e-01
-4.262364857173957938e-02 -4.379468684713422322e-01 9.419537619616421553e-01
-4.262364857173957938e-02 -4.379468684713422322e-01 9.419537619616421553e-01
-4.262364858404966289e-02 -4.379588456291941823e-01 9.419571132198059082e-01
-4.262364858404966289e-02 -4.379588456291941823e-01 9.419571132198059082e-01
-4.262364858404966289e-02 -4.379588456291941823e-01 9.419571132198059082e-01
-4.262364858404966289e-02 -4.379588456291941823e-01 9.419571132198059082e-01
