1.407402226221317609e-01 -5.349763284268274077e-01 7.581903168497374779e-01
1.417345332814370640e-01 -5.424105604575357731e-01 7.581902617514100218e-01
1.417831633256943780e-01 -5.428155373131884343e-01 7.581902587523663417e-01
1.417831633256943780e-01 -5.428155373131884343e-01 7.581902587523663417e-01
1.417831633256943780e-01 -5.428155373131884343e-01 7.581902587523663417e-01
1.427204288250789321e-01 -5.498713923194820108e-01 7.582006940478520640e-01
1.428318599493778596e-01 -5.507071081710375182e-01 7.582019299883352437e-01
1.428318599493778596e-01 -5.507071081710375182e-01 7.582019299883352437e-01
1.428318599493778596e-01 -5.507071081710375182e-01 7.582019299883352437e-01
1.440965039029668271e-01 -5.604926897134078212e-01 7.582018574852459336e-01
1.440965039029668271e-01 -5.604926897134078212e-01 7.582018574852459336e-01
1.440965039029668271e-01 -5.604926897134078212e-01 7.582018574852459336e-01
1.441500412582530366e-01 -5.608848047889529731e-01 7.582001483643722173e-01
1.441500412582530366e-01 -5.608848047889529731e-01 7.582001483643722173e-01
1.445442338293992379e-01 -5.639601852565023776e-01 7.581867507384648652e-01
1.445442338293992379e-01 -5.639601852565023776e-01 7.581867507384648652e-01
1.468200308914745789e-01 -5.813760906175577947e-01 7.581866216995106766e-01
1.468200308914745789e-01 -5.813760906175577947e-01 7.581866216995106766e-01
1.468991392403614094e-01 -5.817525581488923736e-01 7.581866188978905186e-01
1.468991392403614094e-01 -5.817525581488923736e-01 7.581866188978905186e-01
1.468994953508420409e-01 -5.817525418910628465e-01 7.581866188978907406e-01
1.468994953508420409e-01 -5.817525418910628465e-01 7.581866188978907406e-01
1.468994953508420409e-01 -5.817525418910628465e-01 7.581866188978907406e-01
1.495428304161098287e-01 -6.007117469728888715e-01 7.581833604307551822e-01
1.495428304161098287e-01 -6.007117469728888715e-01 7.581833604307551822e-01
1.496718882294241770e-01 -6.016863103947901470e-01 7.581831930054642177e-01
1.496718882294241770e-01 -6.016863103947901470e-01 7.581831930054642177e-01
1.496718882294241770e-01 -6.016863103947901470e-01 7.581831930054642177e-01
1.508656220749748922e-01 -6.115932018622535216e-01 7.581960930161322221e-01
1.508656220749748922e-01 -6.115932018622535216e-01 7.581960930161322221e-01
1.510440242543424627e-01 -6.131471333628923936e-01 7.581981159911027612e-01
1.510440242543424627e-01 -6.131471333628923936e-01 7.581981159911027612e-01
1.522720952196689737e-01 -6.219152253620654491e-01 7.581980512343963197e-01
1.528111951187861306e-01 -6.257073094013527736e-01 7.581980232306181344e-01
1.528111951187861306e-01 -6.257073094013527736e-01 7.581980232306181344e-01
1.528111951187861306e-01 -6.257073094013527736e-01 7.581980232306181344e-01
1.528111951187861306e-01 -6.257073094013527736e-01 7.581980232306181344e-01
1.539195524121414194e-01 -6.352583707029502147e-01 7.582013035106176524e-01
1.539195524121414194e-01 -6.352583707029502147e-01 7.582013035106176524e-01
1.540875376487067239e-01 -6.365781011802762457e-01 7.581987470368958260e-01
1.540875376487067239e-01 -6.365781011802762457e-01 7.581987470368958260e-01
1.547194050453145064e-01 -6.413355496329388172e-01 7.581895287705339159e-01
1.547194050453145064e-01 -6.413355496329388172e-01 7.581895287705339159e-01
1.547194050453145064e-01 -6.413355496329388172e-01 7.581895287705339159e-01
1.569591670875347122e-01 -6.572458669379805940e-01 7.581894111740317133e-01
1.569591670875347122e-01 -6.572458669379805940e-01 7.581894111740317133e-01
1.574593241063288740e-01 -6.619932130486142485e-01 7.581893756908787418e-01
1.574593241063288740e-01 -6.619932130486142485e-01 7.581893756908787418e-01
1.574593241063288740e-01 -6.619932130486142485e-01 7.581893756908787418e-01
1.574593241063288740e-01 -6.619932130486142485e-01 7.581893756908787418e-01
1.574593241063288740e-01 -6.619932130486142485e-01 7.581893756908787418e-01
1.585660390310130730e-01 -6.704926342263618499e-01 7.581893127213773509e-01
1.585660390310130730e-01 -6.704926342263618499e-01 7.581893127213773509e-01
1.585660390310130730e-01 -6.704926342263618499e-01 7.581893127213773509e-01
1.585660390310130730e-01 -6.704926342263618499e-01 7.581893127213773509e-01
1.601119233236911465e-01 -6.821713052058712146e-01 7.581860884307350945e-01
1.601119233236911465e-01 -6.821713052058712146e-01 7.581860884307350945e-01
1.601119233236911465e-01 -6.821713052058712146e-01 7.581860884307350945e-01
1.601119233236911465e-01 -6.821713052058712146e-01 7.581860884307350945e-01
1.602180834902201256e-01 -6.829662676464972604e-01 7.581858689434261001e-01
1.611447430579519002e-01 -6.898599429370018132e-01 7.581806789326038798e-01
1.613848087352077743e-01 -6.917628979099632591e-01 7.581792467758198262e-01
1.615850255918352407e-01 -6.930584152615871796e-01 7.581833636417858457e-01
1.621232773504014402e-01 -6.964522174709594227e-01 7.581941476886261411e-01
1.621232773504014402e-01 -6.964522174709594227e-01 7.581941476886261411e-01
1.622212477982532541e-01 -6.975230079137382244e-01 7.581962443180263467e-01
1.624385136526308449e-01 -6.998610783057926943e-01 7.582008248181150156e-01
1.624385136526308449e-01 -6.998610783057926943e-01 7.582008248181150156e-01
1.624385136526308449e-01 -6.998610783057926943e-01 7.582008248181150156e-01
1.636842261413142818e-01 -7.094653806870964141e-01 7.581964019488206530e-01
1.643664700940750678e-01 -7.146534520724472372e-01 7.581940125271330322e-01
1.643664700940750678e-01 -7.146534520724472372e-01 7.581940125271330322e-01
1.660538986130840056e-01 -7.262771350900509848e-01 7.581972057741901416e-01
1.660538986130840056e-01 -7.262771350900509848e-01 7.581972057741901416e-01
1.660538986130840056e-01 -7.262771350900509848e-01 7.581972057741901416e-01
1.660538986130840056e-01 -7.262771350900509848e-01 7.581972057741901416e-01
1.661126408623474493e-01 -7.265319287060575393e-01 7.581972761342878897e-01
1.661126408623474493e-01 -7.265319287060575393e-01 7.581972761342878897e-01
1.661126408623474493e-01 -7.265319287060575393e-01 7.581972761342878897e-01
1.675298321470330420e-01 -7.388641111139356843e-01 7.581821762866131076e-01
1.675298321470330420e-01 -7.388641111139356843e-01 7.581821762866131076e-01
1.675298321470330420e-01 -7.388641111139356843e-01 7.581821762866131076e-01
1.675298321470330420e-01 -7.388641111139356843e-01 7.581821762866131076e-01
1.685851442141182432e-01 -7.464139854868067081e-01 7.581863021603115760e-01
1.685851442141182432e-01 -7.464139854868067081e-01 7.581863021603115760e-01
1.691669087852908926e-01 -7.508359431253055494e-01 7.581887173854884310e-01
1.701611512339336607e-01 -7.583931203796545617e-01 7.581925006294868430e-01
1.704637115490198473e-01 -7.607313972364633248e-01 7.581936710839196625e-01
1.704637115490198473e-01 -7.607313972364633248e-01 7.581936710839196625e-01
1.704637115490198473e-01 -7.607313972364633248e-01 7.581936710839196625e-01
1.711258276834892178e-01 -7.658749936146156401e-01 7.581786976296885916e-01
1.711258276834892178e-01 -7.658749936146156401e-01 7.581786976296885916e-01
1.711808895864685431e-01 -7.662936356456033771e-01 7.581814860486931762e-01
1.711808895864685431e-01 -7.662936356456033771e-01 7.581814860486931762e-01
1.711808895864685431e-01 -7.662936356456033771e-01 7.581814860486931762e-01
1.715392088263342774e-01 -7.691211134960150853e-01 7.582003116242397311e-01
1.715392088263342774e-01 -7.691211134960150853e-01 7.582003116242397311e-01
1.729050402914784068e-01 -7.789073033122161371e-01 7.581835098107282400e-01
1.733475025835692074e-01 -7.817749560708564527e-01 7.581785801210317866e-01
1.733615503067264807e-01 -7.817737451556221462e-01 7.581785801210320086e-01
1.733615503067264807e-01 -7.817737451556221462e-01 7.581785801210320086e-01
1.733560829583091212e-01 -7.817741489463626570e-01 7.581785801210318976e-01
1.736806807346905068e-01 -7.846665470763578565e-01 7.581866093000992901e-01
1.737833720719147435e-01 -7.853319402525843484e-01 7.581884621087374709e-01
1.739092470635409948e-01 -7.859374676371797541e-01 7.581932282720766914e-01
1.739658262139437972e-01 -7.863981593810323023e-01 7.581968325501905470e-01
1.739658262139437972e-01 -7.863981593810323023e-01 7.581968325501905470e-01
1.739658262139437972e-01 -7.863981593810323023e-01 7.581968325501905470e-01
1.739658262139437972e-01 -7.863981593810323023e-01 7.581968325501905470e-01
1.740595240202324201e-01 -7.869548064322285930e-01 7.581968284166692440e-01
1.740595240202324201e-01 -7.869548064322285930e-01 7.581968284166692440e-01
1.740595240202324201e-01 -7.869548064322285930e-01 7.581968284166692440e-01
1.740595240202324201e-01 -7.869548064322285930e-01 7.581968284166692440e-01
1.740400512081584083e-01 -7.869318722094472696e-01 7.581968285939550967e-01
1.740138546915775131e-01 -7.869211448952833088e-01 7.581968286894307241e-01
1.740138546915775131e-01 -7.869211448952833088e-01 7.581968286894307241e-01
1.740267590591413893e-01 -7.868818042310045113e-01 7.581884506052684047e-01
1.740267590591413893e-01 -7.868818042310045113e-01 7.581884506052684047e-01
1.740377218116389568e-01 -7.868520229208640915e-01 7.581873751235984615e-01
1.739896219565555957e-01 -7.867948513398919097e-01 7.581850999188186613e-01
1.739896219565555957e-01 -7.867948513398919097e-01 7.581850999188186613e-01
1.739896219565555957e-01 -7.867948513398919097e-01 7.581850999188186613e-01
1.739896219565555957e-01 -7.867948513398919097e-01 7.581850999188186613e-01
1.739773631676972965e-01 -7.867418912558671318e-01 7.581884516605623681e-01
1.739773631676972965e-01 -7.867418912558671318e-01 7.581884516605623681e-01
1.740189025643866516e-01 -7.867141586905357364e-01 7.581943947104768933e-01
1.740189025643866516e-01 -7.867141586905357364e-01 7.581943947104768933e-01
1.740072928148824749e-01 -7.867049132735906003e-01 7.581968302810210281e-01
1.740072928148824749e-01 -7.867049132735906003e-01 7.581968302810210281e-01
1.738551617048882947e-01 -7.866969015439935209e-01 7.581938552916138718e-01
1.738551617048882947e-01 -7.866969015439935209e-01 7.581938552916138718e-01
1.738551617048882947e-01 -7.866969015439935209e-01 7.581938552916138718e-01
1.738551617048882947e-01 -7.866969015439935209e-01 7.581938552916138718e-01
1.738671927945418805e-01 -7.866931914582661056e-01 7.581934787187035729e-01
1.739315111796279623e-01 -7.866727303779764702e-01 7.581934789962039289e-01
1.739972490260587867e-01 -7.866475069893510419e-01 7.581934793569862219e-01
1.739972490260587867e-01 -7.866475069893510419e-01 7.581934793569862219e-01
1.739972490260587867e-01 -7.866475069893510419e-01 7.581934793569862219e-01
1.739972490260587867e-01 -7.866475069893510419e-01 7.581934793569862219e-01
1.740003483272237750e-01 -7.866345380452518521e-01 7.581818225976818537e-01
1.740003483272237750e-01 -7.866345380452518521e-01 7.581818225976818537e-01
1.740064851849747463e-01 -7.866363041872244111e-01 7.581818225801898459e-01
1.740064851849747463e-01 -7.866363041872244111e-01 7.581818225801898459e-01
1.740064851849747463e-01 -7.866363041872244111e-01 7.581818225801898459e-01
1.740064851849747463e-01 -7.866363041872244111e-01 7.581818225801898459e-01
1.740064851849747463e-01 -7.866363041872244111e-01 7.581818225801898459e-01
1.740603398743335584e-01 -7.866322072138896004e-01 7.581818225801895128e-01
1.740603398743335584e-01 -7.866322072138896004e-01 7.581818225801895128e-01
1.740092245217049749e-01 -7.866405964743665713e-01 7.581945754986338937e-01
1.740012902335138778e-01 -7.866429663270765316e-01 7.582001820846597795e-01
1.739852485291854545e-01 -7.866500791658399550e-01 7.581907008836471507e-01
1.739852485291854545e-01 -7.866500791658399550e-01 7.581907008836471507e-01
1.739667962736562157e-01 -7.866549704490490846e-01 7.581851009566199506e-01
1.739667962736562157e-01 -7.866549704490490846e-01 7.581851009566199506e-01
1.739667962736562157e-01 -7.866549704490490846e-01 7.581851009566199506e-01
1.739860429832015831e-01 -7.866561195709842469e-01 7.581934008267664504e-01
1.739839796671910355e-01 -7.866570429070391945e-01 7.581968306418200854e-01
1.739839796671910355e-01 -7.866570429070391945e-01 7.581968306418200854e-01
1.739839796671910355e-01 -7.866570429070391945e-01 7.581968306418200854e-01
1.739839796671910355e-01 -7.866570429070391945e-01 7.581968306418200854e-01
1.739848569568248071e-01 -7.866471021669225738e-01 7.581968307163365894e-01
1.739848569568248071e-01 -7.866471021669225738e-01 7.581968307163365894e-01
1.739848569568248071e-01 -7.866471021669225738e-01 7.581968307163365894e-01
1.739847773236220807e-01 -7.866464967061387314e-01 7.581968307208226676e-01
1.739847773236220807e-01 -7.866464967061387314e-01 7.581968307208226676e-01
1.739847773236220807e-01 -7.866464967061387314e-01 7.581968307208226676e-01
1.740040082984681269e-01 -7.866578650884866741e-01 7.581869114789698827e-01
1.740040082984681269e-01 -7.866578650884866741e-01 7.581869114789698827e-01
1.740027147257491025e-01 -7.866605483911204288e-01 7.581851008951092652e-01
1.739985421456775594e-01 -7.866578583765475585e-01 7.581934937821883658e-01
1.739840489080400621e-01 -7.866575665492716585e-01 7.581968306418197523e-01
1.739840489080400621e-01 -7.866575665492716585e-01 7.581968306418197523e-01
1.739840489080400621e-01 -7.866575665492716585e-01 7.581968306418197523e-01
1.739908812286162232e-01 -7.866565448062173838e-01 7.582019516276001792e-01
1.739933607971755336e-01 -7.866562202893837563e-01 7.582035333341256012e-01
1.739933607971755336e-01 -7.866562202893837563e-01 7.582035333341256012e-01
1.739933607971755336e-01 -7.866562202893837563e-01 7.582035333341256012e-01
1.739933607971755336e-01 -7.866562202893837563e-01 7.582035333341256012e-01
1.744404132146261666e-01 -7.898555624469193459e-01 7.581925376636765579e-01
1.745562503672948573e-01 -7.910572634460740771e-01 7.581884196797301634e-01
1.745314319731831876e-01 -7.910491779539488011e-01 7.581920081114895682e-01
1.745458111399865175e-01 -7.910253379954954589e-01 7.582001496288497400e-01
1.745458111399865175e-01 -7.910253379954954589e-01 7.582001496288497400e-01
1.744556076166015601e-01 -7.905442079542712719e-01 7.582001532081981132e-01
1.744556076166015601e-01 -7.905442079542712719e-01 7.582001532081981132e-01
1.744556076166015601e-01 -7.905442079542712719e-01 7.582001532081981132e-01
1.744556076166015601e-01 -7.905442079542712719e-01 7.582001532081981132e-01
1.741067846856970691e-01 -7.881355192334374982e-01 7.581976326770974994e-01
1.739734959521341828e-01 -7.873653723510652958e-01 7.581968250747432858e-01
1.739734959521341828e-01 -7.873653723510652958e-01 7.581968250747432858e-01
1.739232369734646511e-01 -7.867764491190801790e-01 7.581968295012481152e-01
1.736976025047543282e-01 -7.845169039193127247e-01 7.581968465036543758e-01
1.736976025047543282e-01 -7.845169039193127247e-01 7.581968465036543758e-01
1.736976025047543282e-01 -7.845169039193127247e-01 7.581968465036543758e-01
1.729245311908149951e-01 -7.783959077353674871e-01 7.581992937958000889e-01
1.725993109423522853e-01 -7.759777325167915851e-01 7.582002611097545808e-01
1.725993109423522853e-01 -7.759777325167915851e-01 7.582002611097545808e-01
1.725993109423522853e-01 -7.759777325167915851e-01 7.582002611097545808e-01
1.725993109423522853e-01 -7.759777325167915851e-01 7.582002611097545808e-01
1.711123570907129299e-01 -7.650694931816875988e-01 7.581944503024994342e-01
1.709115260850128659e-01 -7.635676591157225523e-01 7.581936504006036026e-01
1.704957047030995765e-01 -7.604746443112653242e-01 7.581936733241275705e-01
1.704957047030995765e-01 -7.604746443112653242e-01 7.581936733241275705e-01
1.702793106922415034e-01 -7.588087267205821940e-01 7.581936856670158376e-01
1.702793106922415034e-01 -7.588087267205821940e-01 7.581936856670158376e-01
1.702793106922415034e-01 -7.588087267205821940e-01 7.581936856670158376e-01
1.689419282731153826e-01 -7.484525797740082531e-01 7.581868970749078285e-01
1.689419282731153826e-01 -7.484525797740082531e-01 7.581868970749078285e-01
1.689419282731153826e-01 -7.484525797740082531e-01 7.581868970749078285e-01
1.686690603013368817e-01 -7.461678365184838402e-01 7.581854009382743564e-01
1.686690603013368817e-01 -7.461678365184838402e-01 7.581854009382743564e-01
1.686690603013368817e-01 -7.461678365184838402e-01 7.581854009382743564e-01
1.686690603013368817e-01 -7.461678365184838402e-01 7.581854009382743564e-01
1.676356482801303893e-01 -7.385196373468441156e-01 7.581835597309322106e-01
1.669170347318523762e-01 -7.329527903350402385e-01 7.581822203758324941e-01
1.669170347318523762e-01 -7.329527903350402385e-01 7.581822203758324941e-01
1.669170347318523762e-01 -7.329527903350402385e-01 7.581822203758324941e-01
1.661185906016410530e-01 -7.270306830973900514e-01 7.581822642660206446e-01
1.661185906016410530e-01 -7.270306830973900514e-01 7.581822642660206446e-01
1.658538233834453424e-01 -7.250422153586087992e-01 7.581822790009461466e-01
1.656898815184706109e-01 -7.238252551250644595e-01 7.581862591475561075e-01
1.656304621432705404e-01 -7.230069066926219090e-01 7.581889238943829712e-01
1.656304621432705404e-01 -7.230069066926219090e-01 7.581889238943829712e-01
1.656304621432705404e-01 -7.230069066926219090e-01 7.581889238943829712e-01
1.653556850074954787e-01 -7.210931007854275432e-01 7.581941852912662538e-01
1.651983018670255265e-01 -7.199507269900250472e-01 7.581973249235881562e-01
1.651983018670255265e-01 -7.199507269900250472e-01 7.581973249235881562e-01
1.651262408848585550e-01 -7.193195775754109844e-01 7.581823213910698911e-01
1.651262408848585550e-01 -7.193195775754109844e-01 7.581823213910698911e-01
1.651224842028889694e-01 -7.192291063824914898e-01 7.581847095217012500e-01
1.650722590729061523e-01 -7.190715465316136479e-01 7.581889530748838757e-01
1.650722590729061523e-01 -7.190715465316136479e-01 7.581889530748838757e-01
1.650722590729061523e-01 -7.190715465316136479e-01 7.581889530748838757e-01
1.650722590729061523e-01 -7.190715465316136479e-01 7.581889530748838757e-01
1.650628079626951517e-01 -7.190918843121033577e-01 7.581964388603344984e-01
1.650715152130072527e-01 -7.190934451999120292e-01 7.581973312820677879e-01
1.650715152130072527e-01 -7.190934451999120292e-01 7.581973312820677879e-01
1.650715152130072527e-01 -7.190934451999120292e-01 7.581973312820677879e-01
1.650978003588738918e-01 -7.190959056860377618e-01 7.581935176348102434e-01
1.651008824189922897e-01 -7.191057671164484688e-01 7.581856014648119535e-01
1.651008824189922897e-01 -7.191057671164484688e-01 7.581856014648119535e-01
1.651008824189922897e-01 -7.191057671164484688e-01 7.581856014648119535e-01
1.651008824189922897e-01 -7.191057671164484688e-01 7.581856014648119535e-01
1.651279839162973773e-01 -7.191258033215468526e-01 7.581912995877819750e-01
1.651265235623888272e-01 -7.191365708295619497e-01 7.581939795928005488e-01
1.651265235623888272e-01 -7.191365708295619497e-01 7.581939795928005488e-01
1.651265235623888272e-01 -7.191365708295619497e-01 7.581939795928005488e-01
1.649018697746701678e-01 -7.177229085593481717e-01 7.581939900874099525e-01
1.649018697746701678e-01 -7.177229085593481717e-01 7.581939900874099525e-01
1.648549115908219675e-01 -7.173299242243775797e-01 7.581939929957982605e-01
1.648549115908219675e-01 -7.173299242243775797e-01 7.581939929957982605e-01
1.648549115908219675e-01 -7.173299242243775797e-01 7.581939929957982605e-01
1.644013654184952600e-01 -7.140608407969848415e-01 7.581831607450224553e-01
1.642634259590052825e-01 -7.128303338445995951e-01 7.581790909893624253e-01
1.642634259590052825e-01 -7.128303338445995951e-01 7.581790909893624253e-01
1.642634259590052825e-01 -7.128303338445995951e-01 7.581790909893624253e-01
1.642634259590052825e-01 -7.128303338445995951e-01 7.581790909893624253e-01
1.637140993709085834e-01 -7.086905999573759329e-01 7.581836329165333455e-01
1.634639589846135777e-01 -7.068132605644300570e-01 7.581856925599051999e-01
1.634639589846135777e-01 -7.068132605644300570e-01 7.581856925599051999e-01
1.634639589846135777e-01 -7.068132605644300570e-01 7.581856925599051999e-01
1.620190306761809806e-01 -6.955918357778272387e-01 7.581886995036624111e-01
1.620190306761809806e-01 -6.955918357778272387e-01 7.581886995036624111e-01
1.620190306761809806e-01 -6.955918357778272387e-01 7.581886995036624111e-01
1.620190306761809806e-01 -6.955918357778272387e-01 7.581886995036624111e-01
1.617968456568577296e-01 -6.939515912387484997e-01 7.581891391959918458e-01
1.613510462658244993e-01 -6.908233633983310584e-01 7.581949162812586795e-01
1.613510462658244993e-01 -6.908233633983310584e-01 7.581949162812586795e-01
1.611663484343833497e-01 -6.893955650471917940e-01 7.581975513326898453e-01
1.611663484343833497e-01 -6.893955650471917940e-01 7.581975513326898453e-01
1.611663484343833497e-01 -6.893955650471917940e-01 7.581975513326898453e-01
1.595478782528454431e-01 -6.767951778520114869e-01 7.581951018788140040e-01
1.590254404183960857e-01 -6.727892271672830660e-01 7.581943230149292834e-01
1.587809718285150273e-01 -6.708915620730976359e-01 7.581896781397065022e-01
1.585723418995063638e-01 -6.693772194931252306e-01 7.581859699341125802e-01
1.585723418995063638e-01 -6.693772194931252306e-01 7.581859699341125802e-01
1.585723418995063638e-01 -6.693772194931252306e-01 7.581859699341125802e-01
1.585723418995063638e-01 -6.693772194931252306e-01 7.581859699341125802e-01
1.576908545849016186e-01 -6.628803787811050618e-01 7.581893694308696752e-01
1.576908545849016186e-01 -6.628803787811050618e-01 7.581893694308696752e-01
1.572366317426684978e-01 -6.595170684431447272e-01 7.581865286799958081e-01
1.572366317426684978e-01 -6.595170684431447272e-01 7.581865286799958081e-01
1.571650961716533068e-01 -6.589465775135885384e-01 7.581860472390756778e-01
1.571650961716533068e-01 -6.589465775135885384e-01 7.581860472390756778e-01
1.570073921960508656e-01 -6.574455140995518754e-01 7.581860583385355845e-01
1.570073921960508656e-01 -6.574455140995518754e-01 7.581860583385355845e-01
1.569613323316851605e-01 -6.571636813846970515e-01 7.581860604310144414e-01
1.569613323316851605e-01 -6.571636813846970515e-01 7.581860604310144414e-01
1.569613323316851605e-01 -6.571636813846970515e-01 7.581860604310144414e-01
1.568843228137831169e-01 -6.565587396769481110e-01 7.581860649176863642e-01
1.568843228137831169e-01 -6.565587396769481110e-01 7.581860649176863642e-01
1.568843228137831169e-01 -6.565587396769481110e-01 7.581860649176863642e-01
1.568843228137831169e-01 -6.565587396769481110e-01 7.581860649176863642e-01
1.568736425999661399e-01 -6.564650544485040040e-01 7.581860656109871144e-01
1.568850291366053751e-01 -6.564806154215833134e-01 7.581860654906846797e-01
1.568697985676791862e-01 -6.564864262310341481e-01 7.581860654527894372e-01
1.568697985676791862e-01 -6.564864262310341481e-01 7.581860654527894372e-01
1.568697985676791862e-01 -6.564864262310341481e-01 7.581860654527894372e-01
1.568569504945879767e-01 -6.565161256577933813e-01 7.581886199141096849e-01
1.568550203790758102e-01 -6.565252508711690860e-01 7.581894165173379552e-01
1.568550203790758102e-01 -6.565252508711690860e-01 7.581894165173379552e-01
1.568515782091371435e-01 -6.565225561678372790e-01 7.581894165379684525e-01
1.568647061759916306e-01 -6.565185439047538374e-01 7.581894165613566328e-01
1.568647061759916306e-01 -6.565185439047538374e-01 7.581894165613566328e-01
1.568647061759916306e-01 -6.565185439047538374e-01 7.581894165613566328e-01
1.566639924132176287e-01 -6.549653542733293587e-01 7.581849815870175258e-01
1.566639924132176287e-01 -6.549653542733293587e-01 7.581849815870175258e-01
1.565610133884598465e-01 -6.542034166993623279e-01 7.581828038828221095e-01
1.565610133884598465e-01 -6.542034166993623279e-01 7.581828038828221095e-01
1.565610133884598465e-01 -6.542034166993623279e-01 7.581828038828221095e-01
1.560070637927923609e-01 -6.500830433029569644e-01 7.581916431574641235e-01
1.558396016955509999e-01 -6.487499406083272468e-01 7.581945011503095078e-01
1.558396016955509999e-01 -6.487499406083272468e-01 7.581945011503095078e-01
1.558396016955509999e-01 -6.487499406083272468e-01 7.581945011503095078e-01
1.558396016955509999e-01 -6.487499406083272468e-01 7.581945011503095078e-01
1.551301074178353112e-01 -6.430596206901229017e-01 7.581971675461270932e-01
1.549182175952073526e-01 -6.414837942879911825e-01 7.581979063197981095e-01
1.549182175952073526e-01 -6.414837942879911825e-01 7.581979063197981095e-01
1.549182175952073526e-01 -6.414837942879911825e-01 7.581979063197981095e-01
1.536354028320009169e-01 -6.320641806019318132e-01 7.581729867549996671e-01
1.536354028320009169e-01 -6.320641806019318132e-01 7.581729867549996671e-01
1.536354028320009169e-01 -6.320641806019318132e-01 7.581729867549996671e-01
1.535963976380947393e-01 -6.317652905743686986e-01 7.581747188632211865e-01
1.529854079042702875e-01 -6.271674479679130165e-01 7.582013637733164835e-01
1.529854079042702875e-01 -6.271674479679130165e-01 7.582013637733164835e-01
1.529854079042702875e-01 -6.271674479679130165e-01 7.582013637733164835e-01
1.516555218743080580e-01 -6.170068878951279201e-01 7.581988806004168469e-01
1.516555218743080580e-01 -6.170068878951279201e-01 7.581988806004168469e-01
1.508907018467167682e-01 -6.111491433431323061e-01 7.581859666400639908e-01
1.508907018467167682e-01 -6.111491433431323061e-01 7.581859666400639908e-01
1.507061696918655935e-01 -6.097856681563356140e-01 7.581798545227067532e-01
1.503521938764894039e-01 -6.071642894862874229e-01 7.581888513785589589e-01
1.501369905179105180e-01 -6.054242069288855443e-01 7.581948221812810917e-01
1.498881463030526384e-01 -6.033751044591478818e-01 7.581837056800122543e-01
1.498881463030526384e-01 -6.033751044591478818e-01 7.581837056800122543e-01
1.497157017320960293e-01 -6.020583149657204869e-01 7.581765604209437237e-01
1.497157017320960293e-01 -6.020583149657204869e-01 7.581765604209437237e-01
1.497157017320960293e-01 -6.020583149657204869e-01 7.581765604209437237e-01
1.490927533266558913e-01 -5.972400915029252300e-01 7.581898557923197890e-01
1.490927533266558913e-01 -5.972400915029252300e-01 7.581898557923197890e-01
1.490435885606917754e-01 -5.968016772072971543e-01 7.581925142906233983e-01
1.489045002730530198e-01 -5.958589662567581602e-01 7.581982443947220540e-01
1.487667244068201500e-01 -5.947979820077270441e-01 7.581982522499903787e-01
1.487667244068201500e-01 -5.947979820077270441e-01 7.581982522499903787e-01
1.487616437358371679e-01 -5.947494979878883425e-01 7.581982526089035002e-01
1.487814523287256108e-01 -5.947338817026852631e-01 7.581920822612130406e-01
1.487814523287256108e-01 -5.947338817026852631e-01 7.581920822612130406e-01
1.487814523287256108e-01 -5.947338817026852631e-01 7.581920822612130406e-01
1.487558828402681665e-01 -5.947299570148172343e-01 7.581898743928777717e-01
1.487558828402681665e-01 -5.947299570148172343e-01 7.581898743928777717e-01
1.487558828402681665e-01 -5.947299570148172343e-01 7.581898743928777717e-01
1.487558828402681665e-01 -5.947299570148172343e-01 7.581898743928777717e-01
1.487246006975043167e-01 -5.947443000186440898e-01 7.581898742997631446e-01
1.487341577927130398e-01 -5.947467655838644118e-01 7.581898742786985501e-01
1.487341577927130398e-01 -5.947467655838644118e-01 7.581898742786985501e-01
1.487341577927130398e-01 -5.947467655838644118e-01 7.581898742786985501e-01
1.487503223699183641e-01 -5.947496853992542132e-01 7.581810742341333897e-01
1.487503223699183641e-01 -5.947496853992542132e-01 7.581810742341333897e-01
1.487463185695062640e-01 -5.947505532027856923e-01 7.581799659157663074e-01
1.487319353527478683e-01 -5.947598905714684969e-01 7.581799658560391952e-01
1.487389554112727441e-01 -5.947609476257790240e-01 7.581799658453174384e-01
1.487389554112727441e-01 -5.947609476257790240e-01 7.581799658453174384e-01
1.487389554112727441e-01 -5.947609476257790240e-01 7.581799658453174384e-01
1.486299719842542888e-01 -5.947747699563433743e-01 7.581799654612462191e-01
1.486299719842542888e-01 -5.947747699563433743e-01 7.581799654612462191e-01
1.486188910230025473e-01 -5.947764393459130661e-01 7.581799654178055237e-01
1.486188910230025473e-01 -5.947764393459130661e-01 7.581799654178055237e-01
1.486188910230025473e-01 -5.947764393459130661e-01 7.581799654178055237e-01
1.487477863044909254e-01 -5.947808570057128152e-01 7.581828289717200686e-01
1.487477863044909254e-01 -5.947808570057128152e-01 7.581828289717200686e-01
1.487598289490661141e-01 -5.947978452898321500e-01 7.581804722746565695e-01
1.487598289490661141e-01 -5.947978452898321500e-01 7.581804722746565695e-01
1.487867260085903864e-01 -5.947980649260533603e-01 7.581799655463176135e-01
1.487867260085903864e-01 -5.947980649260533603e-01 7.581799655463176135e-01
1.487864178421014205e-01 -5.947980872830557209e-01 7.581799655463171694e-01
1.487864178421014205e-01 -5.947980872830557209e-01 7.581799655463171694e-01
1.487864178421014205e-01 -5.947980872830557209e-01 7.581799655463171694e-01
1.486404123163114210e-01 -5.948039048148652252e-01 7.581890053025174270e-01
1.486280149754875823e-01 -5.948040744056035667e-01 7.581898735433448833e-01
1.486264575392424736e-01 -5.948097067478643751e-01 7.581898734987964072e-01
1.486310410750962263e-01 -5.948162645340521193e-01 7.581898734466577805e-01
1.486310410750962263e-01 -5.948162645340521193e-01 7.581898734466577805e-01
1.487431546176182784e-01 -5.948160424828237147e-01 7.581898737597017046e-01
1.487431546176182784e-01 -5.948160424828237147e-01 7.581898737597017046e-01
1.487431546176182784e-01 -5.948160424828237147e-01 7.581898737597017046e-01
1.487431546176182784e-01 -5.948160424828237147e-01 7.581898737597017046e-01
1.487544609241620852e-01 -5.948213937563047171e-01 7.581926153094569187e-01
1.487544609241620852e-01 -5.948213937563047171e-01 7.581926153094569187e-01
1.487491788646936874e-01 -5.948273643885455542e-01 7.581949006998318641e-01
1.487491788646936874e-01 -5.948273643885455542e-01 7.581949006998318641e-01
1.487491788646936874e-01 -5.948273643885455542e-01 7.581949006998318641e-01
1.487710636538179254e-01 -5.948309697793472406e-01 7.581902835665607077e-01
1.487710636538179254e-01 -5.948309697793472406e-01 7.581902835665607077e-01
1.487862588190413948e-01 -5.948307278805724518e-01 7.581898736365842995e-01
1.487862588190413948e-01 -5.948307278805724518e-01 7.581898736365842995e-01
1.487860260062770779e-01 -5.948307483444753574e-01 7.581898736365846325e-01
1.487644071980722404e-01 -5.948326484681447646e-01 7.581868376356889483e-01
1.487644071980722404e-01 -5.948326484681447646e-01 7.581868376356889483e-01
1.487685834665262719e-01 -5.948483364950890584e-01 7.581898037606349394e-01
1.487680354688362128e-01 -5.948487109002509321e-01 7.581898735134667833e-01
1.487680354688362128e-01 -5.948487109002509321e-01 7.581898735134667833e-01
1.487680354688362128e-01 -5.948487109002509321e-01 7.581898735134667833e-01
1.486950374502863659e-01 -5.948447639777607598e-01 7.581869681323327725e-01
1.486950374502863659e-01 -5.948447639777607598e-01 7.581869681323327725e-01
1.486950374502863659e-01 -5.948447639777607598e-01 7.581869681323327725e-01
1.486253141563492752e-01 -5.948387207702687807e-01 7.581832434514093055e-01
1.486253141563492752e-01 -5.948387207702687807e-01 7.581832434514093055e-01
1.486253141563492752e-01 -5.948387207702687807e-01 7.581832434514093055e-01
1.486253141563492752e-01 -5.948387207702687807e-01 7.581832434514093055e-01
1.486358793345034512e-01 -5.948411540086722127e-01 7.581849576523352896e-01
1.486278319504156786e-01 -5.948445554897836551e-01 7.581865218981918009e-01
1.486278319504156786e-01 -5.948445554897836551e-01 7.581865218981918009e-01
1.487567918986201221e-01 -5.948351001509472047e-01 7.581949006383211787e-01
1.487567918986201221e-01 -5.948351001509472047e-01 7.581949006383211787e-01
1.487567918986201221e-01 -5.948351001509472047e-01 7.581949006383211787e-01
1.487567918986201221e-01 -5.948351001509472047e-01 7.581949006383211787e-01
1.487575021404625442e-01 -5.948404998702535584e-01 7.581830242873813797e-01
1.487698712099236320e-01 -5.948429026494029825e-01 7.581766138835769331e-01
1.487698712099236320e-01 -5.948429026494029825e-01 7.581766138835769331e-01
1.487698712099236320e-01 -5.948429026494029825e-01 7.581766138835769331e-01
1.487698712099236320e-01 -5.948429026494029825e-01 7.581766138835769331e-01
1.487330501999830357e-01 -5.948343355965333146e-01 7.582016033481188133e-01
1.487330501999830357e-01 -5.948343355965333146e-01 7.582016033481188133e-01
1.487330501999830357e-01 -5.948343355965333146e-01 7.582016033481188133e-01
1.487330501999830357e-01 -5.948343355965333146e-01 7.582016033481188133e-01
1.487330501999830357e-01 -5.948343355965333146e-01 7.582016033481188133e-01
1.487459185188063082e-01 -5.948328601331368537e-01 7.581883294577703714e-01
1.487432980243475478e-01 -5.948331182948102258e-01 7.581865222904313750e-01
1.487372583322984221e-01 -5.948405649412026319e-01 7.581865222403126880e-01
1.487470923773141773e-01 -5.948438468952363944e-01 7.581865222113324254e-01
1.487470923773141773e-01 -5.948438468952363944e-01 7.581865222113324254e-01
1.487470923773141773e-01 -5.948438468952363944e-01 7.581865222113324254e-01
1.487470923773141773e-01 -5.948438468952363944e-01 7.581865222113324254e-01
1.487862026120653214e-01 -5.948455270530208505e-01 7.581915284968039348e-01
1.487862026120653214e-01 -5.948455270530208505e-01 7.581915284968039348e-01
1.487494875718111953e-01 -5.948506970588752774e-01 7.581949005326955593e-01
1.487494875718111953e-01 -5.948506970588752774e-01 7.581949005326955593e-01
1.487494875718111953e-01 -5.948506970588752774e-01 7.581949005326955593e-01
1.487494875718111953e-01 -5.948506970588752774e-01 7.581949005326955593e-01
1.487494875718111953e-01 -5.948506970588752774e-01 7.581949005326955593e-01
1.482375917129923337e-01 -5.908278948693725940e-01 7.581842572935323377e-01
1.482375917129923337e-01 -5.908278948693725940e-01 7.581842572935323377e-01
1.482375917129923337e-01 -5.908278948693725940e-01 7.581842572935323377e-01
1.482375917129923337e-01 -5.908278948693725940e-01 7.581842572935323377e-01
1.481750656170928437e-01 -5.904581365517664882e-01 7.581832762203597476e-01
1.481750656170928437e-01 -5.904581365517664882e-01 7.581832762203597476e-01
1.480376151824727704e-01 -5.904479716696584557e-01 7.581832759863187388e-01
1.480376151824727704e-01 -5.904479716696584557e-01 7.581832759863187388e-01
1.480376151824727704e-01 -5.904479716696584557e-01 7.581832759863187388e-01
1.480376151824727704e-01 -5.904479716696584557e-01 7.581832759863187388e-01
1.480376151824727704e-01 -5.904479716696584557e-01 7.581832759863187388e-01
1.482128013349840734e-01 -5.915885918746911498e-01 7.581832675243913577e-01
1.482128013349840734e-01 -5.915885918746911498e-01 7.581832675243913577e-01
1.484298584942926602e-01 -5.931987172161783395e-01 7.581864378094137491e-01
1.484298584942926602e-01 -5.931987172161783395e-01 7.581864378094137491e-01
1.484359797602083919e-01 -5.932452472296588786e-01 7.581865337394482207e-01
1.484359797602083919e-01 -5.932452472296588786e-01 7.581865337394482207e-01
1.484359797602083919e-01 -5.932452472296588786e-01 7.581865337394482207e-01
1.490935060002365753e-01 -5.972742284241063793e-01 7.581832257038988443e-01
1.490935060002365753e-01 -5.972742284241063793e-01 7.581832257038988443e-01
1.490989642607031818e-01 -5.973427090083102131e-01 7.581835131746037515e-01
1.491688622861330471e-01 -5.988523481006722271e-01 7.581898435397118607e-01
1.491688622861330471e-01 -5.988523481006722271e-01 7.581898435397118607e-01
1.495054610101959058e-01 -6.017165892333898869e-01 7.582015520385005924e-01
1.495054610101959058e-01 -6.017165892333898869e-01 7.582015520385005924e-01
1.495054610101959058e-01 -6.017165892333898869e-01 7.582015520385005924e-01
1.495054610101959058e-01 -6.017165892333898869e-01 7.582015520385005924e-01
1.507265232256720933e-01 -6.101429128949262815e-01 7.582037314778150572e-01
1.513079278644517689e-01 -6.143152192924521415e-01 7.582048103426607399e-01
1.513079278644517689e-01 -6.143152192924521415e-01 7.582048103426607399e-01
1.516684297523571423e-01 -6.179643378580877977e-01 7.581863505909429701e-01
1.516684297523571423e-01 -6.179643378580877977e-01 7.581863505909429701e-01
1.516684297523571423e-01 -6.179643378580877977e-01 7.581863505909429701e-01
1.516684297523571423e-01 -6.179643378580877977e-01 7.581863505909429701e-01
1.527158707086630207e-01 -6.252034922018797625e-01 7.581862971417452357e-01
1.527158707086630207e-01 -6.252034922018797625e-01 7.581862971417452357e-01
1.527158707086630207e-01 -6.252034922018797625e-01 7.581862971417452357e-01
1.532693842985072274e-01 -6.290393683646282597e-01 7.581862688237722692e-01
1.532693842985072274e-01 -6.290393683646282597e-01 7.581862688237722692e-01
1.548296849371921802e-01 -6.407763898723495277e-01 7.581893918386755082e-01
1.548296849371921802e-01 -6.407763898723495277e-01 7.581893918386755082e-01
1.548941981673989665e-01 -6.412934550989943805e-01 7.581895293651816914e-01
1.548941981673989665e-01 -6.412934550989943805e-01 7.581895293651816914e-01
1.554797171498481512e-01 -6.459140447332879509e-01 7.581941140720130923e-01
1.554797171498481512e-01 -6.459140447332879509e-01 7.581941140720130923e-01
1.555345294732871364e-01 -6.463221573133474118e-01 7.581945191302410514e-01
1.557124430217346478e-01 -6.476372590587735623e-01 7.581945093847533013e-01
1.557885217835764391e-01 -6.481889362601508386e-01 7.581945052962840714e-01
1.558515709590688747e-01 -6.486253619987057961e-01 7.581905307033710573e-01
1.559164337504684861e-01 -6.491094680081388457e-01 7.581861201061900202e-01
1.559164337504684861e-01 -6.491094680081388457e-01 7.581861201061900202e-01
1.559164337504684861e-01 -6.491094680081388457e-01 7.581861201061900202e-01
1.559164337504684861e-01 -6.491094680081388457e-01 7.581861201061900202e-01
1.560288926436073920e-01 -6.500429866525041511e-01 7.581944915590144163e-01
1.560288926436073920e-01 -6.500429866525041511e-01 7.581944915590144163e-01
1.560288926436073920e-01 -6.500429866525041511e-01 7.581944915590144163e-01
1.560288926436073920e-01 -6.500429866525041511e-01 7.581944915590144163e-01
1.560385058640065825e-01 -6.500798081898644387e-01 7.581967406068466087e-01
1.560220372621824447e-01 -6.501000927217266412e-01 7.581978424918918158e-01
1.560220372621824447e-01 -6.501000927217266412e-01 7.581978424918918158e-01
1.560220372621824447e-01 -6.501000927217266412e-01 7.581978424918918158e-01
1.560220372621824447e-01 -6.501000927217266412e-01 7.581978424918918158e-01
1.559852864690842167e-01 -6.500684067376953923e-01 7.581978427381270702e-01
1.559852864690842167e-01 -6.500684067376953923e-01 7.581978427381270702e-01
1.559852864690842167e-01 -6.500684067376953923e-01 7.581978427381270702e-01
1.559852864690842167e-01 -6.500684067376953923e-01 7.581978427381270702e-01
1.559852864690842167e-01 -6.500684067376953923e-01 7.581978427381270702e-01
1.559938663354485944e-01 -6.500020333973474118e-01 7.581795565286177929e-01
1.559938663354485944e-01 -6.500020333973474118e-01 7.581795565286177929e-01
1.559837391458813172e-01 -6.499987454932482089e-01 7.581818278238513509e-01
1.560164425134563659e-01 -6.499754171495388810e-01 7.581944920604229976e-01
1.560164425134563659e-01 -6.499754171495388810e-01 7.581944920604229976e-01
1.560164425134563659e-01 -6.499754171495388810e-01 7.581944920604229976e-01
1.560164425134563659e-01 -6.499754171495388810e-01 7.581944920604229976e-01
1.560100227732009459e-01 -6.499104960637298589e-01 7.581894655248223591e-01
1.560100227732009459e-01 -6.499104960637298589e-01 7.581894655248223591e-01
1.560161782189195823e-01 -6.498798251757799127e-01 7.581894657446270891e-01
1.560161782189195823e-01 -6.498798251757799127e-01 7.581894657446270891e-01
1.560161782189195823e-01 -6.498798251757799127e-01 7.581894657446270891e-01
1.560161782189195823e-01 -6.498798251757799127e-01 7.581894657446270891e-01
1.560275808760107075e-01 -6.498804777414399769e-01 7.581894657362779899e-01
1.560275808760107075e-01 -6.498804777414399769e-01 7.581894657362779899e-01
1.560017252096300711e-01 -6.498831251638876871e-01 7.581894657270387139e-01
1.560017252096300711e-01 -6.498831251638876871e-01 7.581894657270387139e-01
1.560017252096300711e-01 -6.498831251638876871e-01 7.581894657270387139e-01
1.559905600853496443e-01 -6.498807901090967176e-01 7.581945963168899016e-01
1.559983894966220919e-01 -6.498783605818461151e-01 7.581978441276931990e-01
1.560013417311248152e-01 -6.498800162511829681e-01 7.581978441139722857e-01
1.560142778254721418e-01 -6.498845975652480789e-01 7.581978440749285175e-01
1.560142778254721418e-01 -6.498845975652480789e-01 7.581978440749285175e-01
1.559963948852647331e-01 -6.498889527102539310e-01 7.581916680229614514e-01
1.559982578918333584e-01 -6.498901538875884176e-01 7.581894656743702887e-01
1.559982578918333584e-01 -6.498901538875884176e-01 7.581894656743702887e-01
1.559982578918333584e-01 -6.498901538875884176e-01 7.581894656743702887e-01
1.560022341604583584e-01 -6.498868013058364257e-01 7.581911789925283029e-01
1.560128866329606456e-01 -6.498802353036674528e-01 7.581944927638558651e-01
1.560128866329606456e-01 -6.498802353036674528e-01 7.581944927638558651e-01
1.560174613546638500e-01 -6.498862849843658474e-01 7.581923207384485552e-01
1.560016000862770036e-01 -6.498954060121987508e-01 7.581894656390973930e-01
1.560016000862770036e-01 -6.498954060121987508e-01 7.581894656390973930e-01
1.560016000862770036e-01 -6.498954060121987508e-01 7.581894656390973930e-01
1.559920849829584677e-01 -6.498993183343562130e-01 7.581894656168547408e-01
1.559920849829584677e-01 -6.498993183343562130e-01 7.581894656168547408e-01
1.559924315107453496e-01 -6.498996205732551212e-01 7.581894656127636800e-01
1.559935959951796181e-01 -6.499038749907392054e-01 7.581894655775869296e-01
1.559935959951796181e-01 -6.499038749907392054e-01 7.581894655775869296e-01
1.559935959951796181e-01 -6.499038749907392054e-01 7.581894655775869296e-01
1.559935959951796181e-01 -6.499038749907392054e-01 7.581894655775869296e-01
1.560147371375604219e-01 -6.499018327765903047e-01 7.581946017514218372e-01
1.559786593872474758e-01 -6.499028024494168942e-01 7.581978439605571163e-01
1.559786593872474758e-01 -6.499028024494168942e-01 7.581978439605571163e-01
1.559670723361004652e-01 -6.499081904816372823e-01 7.581894655599987765e-01
1.559670723361004652e-01 -6.499081904816372823e-01 7.581894655599987765e-01
1.559670723361004652e-01 -6.499081904816372823e-01 7.581894655599987765e-01
1.559670723361004652e-01 -6.499081904816372823e-01 7.581894655599987765e-01
1.560528693735581673e-01 -6.499081328057172424e-01 7.581844298431749118e-01
1.560276321048091330e-01 -6.499111229662226652e-01 7.581828356701836302e-01
1.560276321048091330e-01 -6.499111229662226652e-01 7.581828356701836302e-01
1.560450350605165903e-01 -6.499150174250098999e-01 7.581944924912865647e-01
1.560450350605165903e-01 -6.499150174250098999e-01 7.581944924912865647e-01
1.560450350605165903e-01 -6.499150174250098999e-01 7.581944924912865647e-01
1.560450350605165903e-01 -6.499150174250098999e-01 7.581944924912865647e-01
1.561017911609978159e-01 -6.499174088463757215e-01 7.581906145299328603e-01
1.561503216916215742e-01 -6.499165815398790791e-01 7.581894657773073920e-01
1.561640227093385180e-01 -6.499159939078593684e-01 7.581923121401208387e-01
1.561497625475233020e-01 -6.499163913908334589e-01 7.581978441426892035e-01
1.561497625475233020e-01 -6.499163913908334589e-01 7.581978441426892035e-01
1.561497625475233020e-01 -6.499163913908334589e-01 7.581978441426892035e-01
1.561497625475233020e-01 -6.499163913908334589e-01 7.581978441426892035e-01
1.561333111793002937e-01 -6.499178139854747682e-01 7.582001409126662983e-01
1.561438884327212562e-01 -6.499175194678007417e-01 7.582011954888421279e-01
1.561487254624300547e-01 -6.499187060952145156e-01 7.581993365658549200e-01
1.561814906187250496e-01 -6.499191526457444024e-01 7.581944927613599727e-01
1.561814906187250496e-01 -6.499191526457444024e-01 7.581944927613599727e-01
1.561814906187250496e-01 -6.499191526457444024e-01 7.581944927613599727e-01
1.561814906187250496e-01 -6.499191526457444024e-01 7.581944927613599727e-01
1.561704414345710668e-01 -6.499164905369456680e-01 7.581944927844610493e-01
1.561658022300700110e-01 -6.499149842346053640e-01 7.581944927965366121e-01
1.561641264402901241e-01 -6.499150309234006384e-01 7.581931860354144126e-01
1.561641264402901241e-01 -6.499150309234006384e-01 7.581931860354144126e-01
1.561462857390314707e-01 -6.499161990639946707e-01 7.581894657773070589e-01
1.561462857390314707e-01 -6.499161990639946707e-01 7.581894657773070589e-01
1.561462857390314707e-01 -6.499161990639946707e-01 7.581894657773070589e-01
1.561707305725681949e-01 -6.499186882552075994e-01 7.581989218423065280e-01
1.561733305187233412e-01 -6.499195393442611657e-01 7.582011954536654885e-01
1.561772959038751907e-01 -6.499221129036165667e-01 7.581908243065156316e-01
1.561772959038751907e-01 -6.499221129036165667e-01 7.581908243065156316e-01
1.561699322286701497e-01 -6.499243857778956857e-01 7.581828358700964943e-01
1.561592772966295950e-01 -6.499246826420442824e-01 7.581848162011937120e-01
1.561732118587255969e-01 -6.499239401311287523e-01 7.581861143608977782e-01
1.561732118587255969e-01 -6.499239401311287523e-01 7.581861143608977782e-01
1.561732118587255969e-01 -6.499239401311287523e-01 7.581861143608977782e-01
1.561774634139672102e-01 -6.499251354195031416e-01 7.581913861663590604e-01
1.561775276201689822e-01 -6.499245395089776611e-01 7.581944927262794787e-01
1.561775276201689822e-01 -6.499245395089776611e-01 7.581944927262794787e-01
1.561775276201689822e-01 -6.499245395089776611e-01 7.581944927262794787e-01
1.561775276201689822e-01 -6.499245395089776611e-01 7.581944927262794787e-01
1.561559867832721382e-01 -6.499237669050857980e-01 7.581944927437715975e-01
1.561559867832721382e-01 -6.499237669050857980e-01 7.581944927437715975e-01
1.561436177306005091e-01 -6.499237100499117847e-01 7.581908769132349457e-01
1.561436177306005091e-01 -6.499237100499117847e-01 7.581908769132349457e-01
1.561436177306005091e-01 -6.499237100499117847e-01 7.581908769132349457e-01
1.561436177306005091e-01 -6.499237100499117847e-01 7.581908769132349457e-01
1.561503325327687208e-01 -6.499233724690058889e-01 7.581894657245425995e-01
1.561856985054380920e-01 -6.499161866298824863e-01 7.581932572390904790e-01
1.561640287840472263e-01 -6.499157816024039303e-01 7.581944927965367231e-01
1.561449487454409646e-01 -6.499235404173873132e-01 7.581921954091587201e-01
1.561459660130601890e-01 -6.499312738582991855e-01 7.581894656717782510e-01
1.561455438714512700e-01 -6.499280647831939817e-01 7.581947517052750607e-01
1.561573674560728375e-01 -6.499232571719351093e-01 7.582011954360774464e-01
1.561573674560728375e-01 -6.499232571719351093e-01 7.582011954360774464e-01
1.561664749813775344e-01 -6.499225958683756410e-01 7.581964386139065093e-01
1.561578727202665995e-01 -6.499230805265113764e-01 7.581894657245425995e-01
1.561495424611145377e-01 -6.499222024878581472e-01 7.581922980620005026e-01
1.561495424611145377e-01 -6.499222024878581472e-01 7.581922980620005026e-01
1.561495424611145377e-01 -6.499222024878581472e-01 7.581922980620005026e-01
1.561583352496645483e-01 -6.499206839497143617e-01 7.581944927613603058e-01
1.561583352496645483e-01 -6.499206839497143617e-01 7.581944927613603058e-01
1.561863050356027405e-01 -6.499207951833658736e-01 7.581910801328762828e-01
1.561735228980182522e-01 -6.499219169593395407e-01 7.581894657245425995e-01
1.561644374856032136e-01 -6.499173951892597279e-01 7.581894657597950671e-01
1.561646300366058282e-01 -6.499151897458204097e-01 7.581894657773071700e-01
1.561646300366058282e-01 -6.499151897458204097e-01 7.581894657773071700e-01
1.561646300366058282e-01 -6.499151897458204097e-01 7.581894657773071700e-01
1.561646300366058282e-01 -6.499151897458204097e-01 7.581894657773071700e-01
1.561349017162143304e-01 -6.499299070080108987e-01 7.581994252590884553e-01
1.561378248305036465e-01 -6.499319827928792259e-01 7.582011953833126539e-01
1.561429399079324043e-01 -6.499212072468987245e-01 7.581899771201352500e-01
1.561429399079324043e-01 -6.499212072468987245e-01 7.581899771201352500e-01
1.561429399079324043e-01 -6.499212072468987245e-01 7.581899771201352500e-01
1.561429399079324043e-01 -6.499212072468987245e-01 7.581899771201352500e-01
1.561455599372437997e-01 -6.499172793958086780e-01 7.581861144311549117e-01
1.561655380414541938e-01 -6.499154746330589871e-01 7.581957995011867624e-01
1.561578752819569871e-01 -6.499160310251559380e-01 7.581978441426893145e-01
1.561446793886034912e-01 -6.499214928006857850e-01 7.581957445487433889e-01
1.561385753482442129e-01 -6.499245168077112389e-01 7.581944927437715975e-01
1.561277787474440737e-01 -6.499222401799944482e-01 7.581894374732363051e-01
1.561565542888220803e-01 -6.499182506958534056e-01 7.581861144135663144e-01
1.561565542888220803e-01 -6.499182506958534056e-01 7.581861144135663144e-01
1.561565542888220803e-01 -6.499182506958534056e-01 7.581861144135663144e-01
1.561565542888220803e-01 -6.499182506958534056e-01 7.581861144135663144e-01
1.561920843177564966e-01 -6.499113230209956349e-01 7.581835888797654466e-01
1.561753893002958971e-01 -6.499113968676607511e-01 7.581828359667834860e-01
1.561639133439292060e-01 -6.499151625181346370e-01 7.581850169177482002e-01
1.561453331567523306e-01 -6.499216379954734224e-01 7.581894657421308636e-01
1.561453331567523306e-01 -6.499216379954734224e-01 7.581894657421308636e-01
1.561453331567523306e-01 -6.499216379954734224e-01 7.581894657421308636e-01
1.561453331567523306e-01 -6.499216379954734224e-01 7.581894657421308636e-01
1.561552351498947111e-01 -6.499189945107793909e-01 7.581811075465012539e-01
1.561528960820336986e-01 -6.499186869671815803e-01 7.581795574319637465e-01
1.561528960820336986e-01 -6.499186869671815803e-01 7.581795574319637465e-01
1.561528960820336986e-01 -6.499186869671815803e-01 7.581795574319637465e-01
1.561549536281537642e-01 -6.499168546536200353e-01 7.581844427747963522e-01
1.561658290738336674e-01 -6.499156803609719146e-01 7.581861144311548006e-01
1.561658290738336674e-01 -6.499156803609719146e-01 7.581861144311548006e-01
1.561744934896591164e-01 -6.499137500372054177e-01 7.581895672150736898e-01
1.561557396889300675e-01 -6.499124437198827708e-01 7.581944928229669145e-01
1.561557396889300675e-01 -6.499124437198827708e-01 7.581944928229669145e-01
1.561557396889300675e-01 -6.499124437198827708e-01 7.581944928229669145e-01
1.561588643731285642e-01 -6.499130404317718934e-01 7.581908203220927289e-01
1.561588643731285642e-01 -6.499130404317718934e-01 7.581908203220927289e-01
1.561566609922081239e-01 -6.499128635704986001e-01 7.581894658037381385e-01
1.561546636706751257e-01 -6.499146505668567109e-01 7.581839985830571838e-01
1.561497689606386741e-01 -6.499166199599646365e-01 7.581795574495516776e-01
1.561497689606386741e-01 -6.499166199599646365e-01 7.581795574495516776e-01
1.561497689606386741e-01 -6.499166199599646365e-01 7.581795574495516776e-01
1.561596776835346145e-01 -6.499174068696790263e-01 7.581844246032578560e-01
1.561515629433796737e-01 -6.499182468889115327e-01 7.581861144135664254e-01
1.561515629433796737e-01 -6.499182468889115327e-01 7.581861144135664254e-01
1.561809702487416684e-01 -6.499203988044981450e-01 7.581852899387228062e-01
1.562654546279542700e-01 -6.499279340085011292e-01 7.581828361674555206e-01
1.562654546279542700e-01 -6.499279340085011292e-01 7.581828361674555206e-01
1.562654546279542700e-01 -6.499279340085011292e-01 7.581828361674555206e-01
1.561893603719875512e-01 -6.499251282296522048e-01 7.582546354808286093e-01
1.561625584809176459e-01 -6.499252635719875437e-01 7.582694608826083815e-01
1.561625584809176459e-01 -6.499252635719875437e-01 7.582694608826083815e-01
1.562240289579145125e-01 -6.499200648359846344e-01 7.586029181627511608e-01
1.562800935969557992e-01 -6.499150148031952456e-01 7.589094955277256860e-01
1.562800935969557992e-01 -6.499150148031952456e-01 7.589094955277256860e-01
1.562800935969557992e-01 -6.499150148031952456e-01 7.589094955277256860e-01
1.561500108683070154e-01 -6.499215656394131679e-01 7.667635006374062812e-01
1.561500108683070154e-01 -6.499215656394131679e-01 7.667635006374062812e-01
1.561440147123236144e-01 -6.499217911984077611e-01 7.670961052750584486e-01
1.561440147123236144e-01 -6.499217911984077611e-01 7.670961052750584486e-01
1.561440147123236144e-01 -6.499217911984077611e-01 7.670961052750584486e-01
1.561449212171951983e-01 -6.499237542347420238e-01 7.732140873853765584e-01
1.561374704739519892e-01 -6.499246442590783657e-01 7.746861757398418868e-01
1.561374704739519892e-01 -6.499246442590783657e-01 7.746861757398418868e-01
1.561374704739519892e-01 -6.499246442590783657e-01 7.746861757398418868e-01
1.562859714031262781e-01 -6.499125712425275481e-01 7.847595212514150154e-01
1.562859714031262781e-01 -6.499125712425275481e-01 7.847595212514150154e-01
1.562859714031262781e-01 -6.499125712425275481e-01 7.847595212514150154e-01
1.562495080252811475e-01 -6.499140185228968747e-01 7.908462215628929703e-01
1.562495080252811475e-01 -6.499140185228968747e-01 7.908462215628929703e-01
1.559902392876738320e-01 -6.499314841931257414e-01 7.979595258927972834e-01
1.559902392876738320e-01 -6.499314841931257414e-01 7.979595258927972834e-01
1.559902392876738320e-01 -6.499314841931257414e-01 7.979595258927972834e-01
1.559902392876738320e-01 -6.499314841931257414e-01 7.979595258927972834e-01
1.559902392876738320e-01 -6.499314841931257414e-01 7.979595258927972834e-01
1.557953442805252720e-01 -6.499376260474665212e-01 8.109720734416990817e-01
1.557413346181305003e-01 -6.499387982526338980e-01 8.139962265604564484e-01
1.557413346181305003e-01 -6.499387982526338980e-01 8.139962265604564484e-01
1.557413346181305003e-01 -6.499387982526338980e-01 8.139962265604564484e-01
1.559491996505207034e-01 -6.499263449986680818e-01 8.197211852921667541e-01
1.560063448546373521e-01 -6.499236008212256888e-01 8.215111838889701534e-01
1.560063448546373521e-01 -6.499236008212256888e-01 8.215111838889701534e-01
1.559795911529871792e-01 -6.499201117701539632e-01 8.244028856753171652e-01
1.559795911529871792e-01 -6.499201117701539632e-01 8.244028856753171652e-01
1.559732017916399260e-01 -6.499222282354708558e-01 8.247692917800115708e-01
1.559732017916399260e-01 -6.499222282354708558e-01 8.247692917800115708e-01
1.559929130757573557e-01 -6.499276442736716675e-01 8.263778484725715634e-01
1.559929130757573557e-01 -6.499276442736716675e-01 8.263778484725715634e-01
1.559929130757573557e-01 -6.499276442736716675e-01 8.263778484725715634e-01
1.560115830130411052e-01 -6.499262989042356997e-01 8.279636981210839464e-01
1.560070416286749861e-01 -6.499264258493210322e-01 8.284344821800670999e-01
1.560070416286749861e-01 -6.499264258493210322e-01 8.284344821800670999e-01
1.560070416286749861e-01 -6.499264258493210322e-01 8.284344821800670999e-01
1.558774389605008248e-01 -6.499276592084244353e-01 8.284295484551529309e-01
1.558436884467493955e-01 -6.499273611332928580e-01 8.284278520475605312e-01
1.558440395425942648e-01 -6.499300311901947680e-01 8.284231807462126840e-01
1.558603531763185501e-01 -6.499308110844154163e-01 8.284195465023531657e-01
1.558603531763185501e-01 -6.499308110844154163e-01 8.284195465023531657e-01
1.559314324832797305e-01 -6.499290426860779846e-01 8.284061272501880291e-01
1.560130189960844127e-01 -6.499279090978775653e-01 8.283877818823942585e-01
1.560130189960844127e-01 -6.499279090978775653e-01 8.283877818823942585e-01
1.560130189960844127e-01 -6.499279090978775653e-01 8.283877818823942585e-01
1.560008385251485663e-01 -6.499247189435936045e-01 8.283640715867891524e-01
1.560008385251485663e-01 -6.499247189435936045e-01 8.283640715867891524e-01
1.560008385251485663e-01 -6.499247189435936045e-01 8.283640715867891524e-01
1.560035100199795022e-01 -6.499212743662692304e-01 8.283429030388531622e-01
1.560035100199795022e-01 -6.499212743662692304e-01 8.283429030388531622e-01
1.558845526318497765e-01 -6.499270623567818816e-01 8.283683177501278694e-01
1.558845526318497765e-01 -6.499270623567818816e-01 8.283683177501278694e-01
1.559689831994759690e-01 -6.499206289324050978e-01 8.287856662196518842e-01
1.559689831994759690e-01 -6.499206289324050978e-01 8.287856662196518842e-01
1.559973149921507485e-01 -6.499184391728869414e-01 8.289894943067021016e-01
1.559973149921507485e-01 -6.499184391728869414e-01 8.289894943067021016e-01
1.559973149921507485e-01 -6.499184391728869414e-01 8.289894943067021016e-01
1.559085934603580692e-01 -6.499185733503020090e-01 8.328230549220226875e-01
1.558777842810681324e-01 -6.499188024565037969e-01 8.341678337869536941e-01
1.558777842810681324e-01 -6.499188024565037969e-01 8.341678337869536941e-01
1.558777842810681324e-01 -6.499188024565037969e-01 8.341678337869536941e-01
1.558777842810681324e-01 -6.499188024565037969e-01 8.341678337869536941e-01
1.558378065562398551e-01 -6.499295836017640049e-01 8.446099520695462548e-01
1.558378065562398551e-01 -6.499295836017640049e-01 8.446099520695462548e-01
1.558378553432197000e-01 -6.499299689014961245e-01 8.451144959457087547e-01
1.558378553432197000e-01 -6.499299689014961245e-01 8.451144959457087547e-01
1.558383831438997502e-01 -6.499299394224359316e-01 8.451144959457090877e-01
1.558383831438997502e-01 -6.499299394224359316e-01 8.451144959457090877e-01
1.558383831438997502e-01 -6.499299394224359316e-01 8.451144959457090877e-01
1.558818043600470604e-01 -6.499294148050801523e-01 8.633722737033288075e-01
1.558782109043264086e-01 -6.499297708468536605e-01 8.643578526816170227e-01
1.558479600495016326e-01 -6.499247445175850846e-01 8.699999539303041596e-01
1.558479600495016326e-01 -6.499247445175850846e-01 8.699999539303041596e-01
1.558479600495016326e-01 -6.499247445175850846e-01 8.699999539303041596e-01
1.558489698022049730e-01 -6.499232377660802973e-01 8.711345660854036277e-01
1.558581856639027485e-01 -6.499260344394459654e-01 8.778043432989804939e-01
1.558581856639027485e-01 -6.499260344394459654e-01 8.778043432989804939e-01
1.558581856639027485e-01 -6.499260344394459654e-01 8.778043432989804939e-01
1.558763357320192555e-01 -6.499278640616326097e-01 8.820111414139442108e-01
1.558763357320192555e-01 -6.499278640616326097e-01 8.820111414139442108e-01
1.558869541857075547e-01 -6.499330849551196998e-01 8.910796167029216841e-01
1.558869541857075547e-01 -6.499330849551196998e-01 8.910796167029216841e-01
1.558425314232494696e-01 -6.499306921705875206e-01 8.937847501397159222e-01
1.558425314232494696e-01 -6.499306921705875206e-01 8.937847501397159222e-01
1.558495615791351263e-01 -6.499267388248974875e-01 8.948044682373871295e-01
1.558495615791351263e-01 -6.499267388248974875e-01 8.948044682373871295e-01
1.558495615791351263e-01 -6.499267388248974875e-01 8.948044682373871295e-01
1.559917597642450360e-01 -6.499258803948041452e-01 8.975102873395098824e-01
1.560250142861624723e-01 -6.499255037531493917e-01 8.980294835067600401e-01
1.560250142861624723e-01 -6.499255037531493917e-01 8.980294835067600401e-01
1.560250142861624723e-01 -6.499255037531493917e-01 8.980294835067600401e-01
1.560250142861624723e-01 -6.499255037531493917e-01 8.980294835067600401e-01
1.559943188365846278e-01 -6.499208572444347132e-01 8.984427919489865744e-01
1.559943188365846278e-01 -6.499208572444347132e-01 8.984427919489865744e-01
1.559943188365846278e-01 -6.499208572444347132e-01 8.984427919489865744e-01
1.559943188365846278e-01 -6.499208572444347132e-01 8.984427919489865744e-01
1.559903782571965269e-01 -6.499244882336093765e-01 8.983970896779547299e-01
1.559903782571965269e-01 -6.499244882336093765e-01 8.983970896779547299e-01
1.559903782571965269e-01 -6.499244882336093765e-01 8.983970896779547299e-01
1.559903782571965269e-01 -6.499244882336093765e-01 8.983970896779547299e-01
1.559831298848607661e-01 -6.499254711728978950e-01 8.983944888160007025e-01
1.559831298848607661e-01 -6.499254711728978950e-01 8.983944888160007025e-01
1.559831298848607661e-01 -6.499254711728978950e-01 8.983944888160007025e-01
1.558918650314729537e-01 -6.499265432529724995e-01 8.983311771851264504e-01
1.558918650314729537e-01 -6.499265432529724995e-01 8.983311771851264504e-01
1.558918650314729537e-01 -6.499265432529724995e-01 8.983311771851264504e-01
1.558918650314729537e-01 -6.499265432529724995e-01 8.983311771851264504e-01
1.558918650314729537e-01 -6.499265432529724995e-01 8.983311771851264504e-01
1.558928851135204241e-01 -6.499264695628802491e-01 8.983302852151692219e-01
1.558928851135204241e-01 -6.499264695628802491e-01 8.983302852151692219e-01
1.558729959449475788e-01 -6.499281933369530639e-01 8.983111419635609884e-01
1.558729959449475788e-01 -6.499281933369530639e-01 8.983111419635609884e-01
1.558729959449475788e-01 -6.499281933369530639e-01 8.983111419635609884e-01
1.558652295623174089e-01 -6.499281921747341872e-01 8.983249873308039035e-01
1.558604131996432218e-01 -6.499285398570191497e-01 8.983262230212485377e-01
1.558604131996432218e-01 -6.499285398570191497e-01 8.983262230212485377e-01
1.558604131996432218e-01 -6.499285398570191497e-01 8.983262230212485377e-01
1.558647259349281167e-01 -6.499244531082138954e-01 9.015378366355296658e-01
1.558647259349281167e-01 -6.499244531082138954e-01 9.015378366355296658e-01
1.558699425240159808e-01 -6.499233161286688265e-01 9.023895117005299449e-01
1.558699425240159808e-01 -6.499233161286688265e-01 9.023895117005299449e-01
1.558699425240159808e-01 -6.499233161286688265e-01 9.023895117005299449e-01
1.559584390139500676e-01 -6.499163254180653215e-01 9.091241492429301685e-01
1.559584390139500676e-01 -6.499163254180653215e-01 9.091241492429301685e-01
1.559752764935380953e-01 -6.499153083039479473e-01 9.099645743553123056e-01
1.559752764935380953e-01 -6.499153083039479473e-01 9.099645743553123056e-01
1.559037092468202601e-01 -6.499204221857191044e-01 9.203838170955634945e-01
1.559037092468202601e-01 -6.499204221857191044e-01 9.203838170955634945e-01
1.558828569421191745e-01 -6.499219932098345698e-01 9.215412164222849256e-01
1.558828569421191745e-01 -6.499219932098345698e-01 9.215412164222849256e-01
1.558828569421191745e-01 -6.499219932098345698e-01 9.215412164222849256e-01
1.563709514073899354e-01 -6.536915037040778031e-01 9.339055138951284363e-01
1.563709514073899354e-01 -6.536915037040778031e-01 9.339055138951284363e-01
1.564458570765303314e-01 -6.543059770200005953e-01 9.359194789189183572e-01
1.564458570765303314e-01 -6.543059770200005953e-01 9.359194789189183572e-01
1.564458570765303314e-01 -6.543059770200005953e-01 9.359194789189183572e-01
1.564449270771631761e-01 -6.542834638188176344e-01 9.464311220046282003e-01
1.564449270771631761e-01 -6.542834638188176344e-01 9.464311220046282003e-01
1.564449270771631761e-01 -6.542834638188176344e-01 9.464311220046282003e-01
1.564449270771631761e-01 -6.542834638188176344e-01 9.464311220046282003e-01
1.562026017829133140e-01 -6.523838836973967492e-01 9.527528677503481758e-01
1.562026017829133140e-01 -6.523838836973967492e-01 9.527528677503481758e-01
1.562026017829133140e-01 -6.523838836973967492e-01 9.527528677503481758e-01
1.562026017829133140e-01 -6.523838836973967492e-01 9.527528677503481758e-01
1.562026017829133140e-01 -6.523838836973967492e-01 9.527528677503481758e-01
1.555628501750940251e-01 -6.468558867442822935e-01 9.576500793002205025e-01
1.555628501750940251e-01 -6.468558867442822935e-01 9.576500793002205025e-01
1.555179063974060916e-01 -6.464518154340997969e-01 9.580078956506996590e-01
1.555179063974060916e-01 -6.464518154340997969e-01 9.580078956506996590e-01
1.555179063974060916e-01 -6.464518154340997969e-01 9.580078956506996590e-01
1.545321887820620688e-01 -6.395420548476777878e-01 9.585646571349306644e-01
1.545321887820620688e-01 -6.395420548476777878e-01 9.585646571349306644e-01
1.544821675242844528e-01 -6.391289784061577883e-01 9.585979322165915084e-01
1.544821675242844528e-01 -6.391289784061577883e-01 9.585979322165915084e-01
1.544821675242844528e-01 -6.391289784061577883e-01 9.585979322165915084e-01
1.544821675242844528e-01 -6.391289784061577883e-01 9.585979322165915084e-01
1.528334382186615215e-01 -6.268761798699019616e-01 9.585614367538384251e-01
1.524127277238994382e-01 -6.235119209482586911e-01 9.585514205117178221e-01
1.524127277238994382e-01 -6.235119209482586911e-01 9.585514205117178221e-01
1.524127277238994382e-01 -6.235119209482586911e-01 9.585514205117178221e-01
1.524127277238994382e-01 -6.235119209482586911e-01 9.585514205117178221e-01
1.506730249979615910e-01 -6.106490154477973720e-01 9.584831434146858786e-01
1.506730249979615910e-01 -6.106490154477973720e-01 9.584831434146858786e-01
1.506730249979615910e-01 -6.106490154477973720e-01 9.584831434146858786e-01
1.506723305335941621e-01 -6.103242506255449618e-01 9.584814313812165532e-01
1.506723305335941621e-01 -6.103242506255449618e-01 9.584814313812165532e-01
1.506723305335941621e-01 -6.103242506255449618e-01 9.584814313812165532e-01
1.506723305335941621e-01 -6.103242506255449618e-01 9.584814313812165532e-01
1.502001726711332252e-01 -6.057690473629782080e-01 9.584314866685488266e-01
1.502001726711332252e-01 -6.057690473629782080e-01 9.584314866685488266e-01
1.502001726711332252e-01 -6.057690473629782080e-01 9.584314866685488266e-01
1.502001726711332252e-01 -6.057690473629782080e-01 9.584314866685488266e-01
1.502001726711332252e-01 -6.057690473629782080e-01 9.584314866685488266e-01
1.484257293573679470e-01 -5.934483413955751185e-01 9.583100767387902064e-01
1.483099490319716995e-01 -5.925887232096734847e-01 9.583016100910887181e-01
1.483099490319716995e-01 -5.925887232096734847e-01 9.583016100910887181e-01
1.483099490319716995e-01 -5.925887232096734847e-01 9.583016100910887181e-01
1.481477129545820115e-01 -5.906645905715902645e-01 9.582912214744224721e-01
1.480919030599135433e-01 -5.898118997051302603e-01 9.582866227636827050e-01
1.480919030599135433e-01 -5.898118997051302603e-01 9.582866227636827050e-01
1.480919030599135433e-01 -5.898118997051302603e-01 9.582866227636827050e-01
1.480919030599135433e-01 -5.898118997051302603e-01 9.582866227636827050e-01
1.480121521269134877e-01 -5.893557460961156291e-01 9.582716179473204088e-01
1.480121521269134877e-01 -5.893557460961156291e-01 9.582716179473204088e-01
1.480121521269134877e-01 -5.893557460961156291e-01 9.582716179473204088e-01
1.480121521269134877e-01 -5.893557460961156291e-01 9.582716179473204088e-01
1.480121521269134877e-01 -5.893557460961156291e-01 9.582716179473204088e-01
1.480066674876831800e-01 -5.890329368066660187e-01 9.582666661666954244e-01
1.480066674876831800e-01 -5.890329368066660187e-01 9.582666661666954244e-01
1.478094637065284489e-01 -5.882023543192528292e-01 9.582759323147722608e-01
1.478094637065284489e-01 -5.882023543192528292e-01 9.582759323147722608e-01
1.477440936187018605e-01 -5.879884710884903942e-01 9.582783304491343523e-01
1.477440936187018605e-01 -5.879884710884903942e-01 9.582783304491343523e-01
1.474304303777469460e-01 -5.855431624919038569e-01 9.582759693424883762e-01
1.472915462574884427e-01 -5.845445452786124374e-01 9.582750046250356757e-01
1.472915462574884427e-01 -5.845445452786124374e-01 9.582750046250356757e-01
1.472915462574884427e-01 -5.845445452786124374e-01 9.582750046250356757e-01
1.472915462574884427e-01 -5.845445452786124374e-01 9.582750046250356757e-01
1.469984020190746032e-01 -5.824822497839899915e-01 9.582817226112165798e-01
1.469984020190746032e-01 -5.824822497839899915e-01 9.582817226112165798e-01
1.469984020190746032e-01 -5.824822497839899915e-01 9.582817226112165798e-01
1.469984020190746032e-01 -5.824822497839899915e-01 9.582817226112165798e-01
1.469984020190746032e-01 -5.824822497839899915e-01 9.582817226112165798e-01
1.457996938829620170e-01 -5.732264005144929175e-01 9.582750884907921263e-01
1.457996938829620170e-01 -5.732264005144929175e-01 9.582750884907921263e-01
1.457996938829620170e-01 -5.732264005144929175e-01 9.582750884907921263e-01
1.457996938829620170e-01 -5.732264005144929175e-01 9.582750884907921263e-01
1.445239641708930545e-01 -5.635994086118936153e-01 9.582818621130124725e-01
1.445239641708930545e-01 -5.635994086118936153e-01 9.582818621130124725e-01
1.445239641708930545e-01 -5.635994086118936153e-01 9.582818621130124725e-01
1.437289814389633991e-01 -5.566078585573159820e-01 9.582752119376614086e-01
1.437289814389633991e-01 -5.566078585573159820e-01 9.582752119376614086e-01
1.428510082129186565e-01 -5.509018763458368717e-01 9.582719025630590526e-01
1.428510082129186565e-01 -5.509018763458368717e-01 9.582719025630590526e-01
1.428510082129186565e-01 -5.509018763458368717e-01 9.582719025630590526e-01
1.428510082129186565e-01 -5.509018763458368717e-01 9.582719025630590526e-01
1.428510082129186565e-01 -5.509018763458368717e-01 9.582719025630590526e-01
1.412247293297306250e-01 -5.377373069547956019e-01 9.582787031186691395e-01
1.412247293297306250e-01 -5.377373069547956019e-01 9.582787031186691395e-01
1.412247293297306250e-01 -5.377373069547956019e-01 9.582787031186691395e-01
1.412247293297306250e-01 -5.377373069547956019e-01 9.582787031186691395e-01
1.394850220422413634e-01 -5.255606240318468902e-01 9.582756170585867705e-01
1.394850220422413634e-01 -5.255606240318468902e-01 9.582756170585867705e-01
1.393946552910200476e-01 -5.248879927560751169e-01 9.582754466789576986e-01
1.390536215814403287e-01 -5.219904179908854136e-01 9.582811464872477147e-01
1.389813446998798829e-01 -5.214685181064695474e-01 9.582821746911001082e-01
1.389813446998798829e-01 -5.214685181064695474e-01 9.582821746911001082e-01
1.389813446998798829e-01 -5.214685181064695474e-01 9.582821746911001082e-01
1.384311137650849899e-01 -5.173297219069976638e-01 9.582763885899590051e-01
1.383481883180670835e-01 -5.166992297707357906e-01 9.582755073444493288e-01
1.383481883180670835e-01 -5.166992297707357906e-01 9.582755073444493288e-01
1.383481883180670835e-01 -5.166992297707357906e-01 9.582755073444493288e-01
1.383481883180670835e-01 -5.166992297707357906e-01 9.582755073444493288e-01
1.380564380764716104e-01 -5.144879905798750430e-01 9.582755237288915762e-01
1.380564380764716104e-01 -5.144879905798750430e-01 9.582755237288915762e-01
1.380564380764716104e-01 -5.144879905798750430e-01 9.582755237288915762e-01
1.380564380764716104e-01 -5.144879905798750430e-01 9.582755237288915762e-01
1.380964053225017252e-01 -5.139377699829146273e-01 9.582755280474916093e-01
1.380964053225017252e-01 -5.139377699829146273e-01 9.582755280474916093e-01
1.381078028677302505e-01 -5.138082381564849088e-01 9.582755290637583467e-01
1.380326736953827182e-01 -5.138228390030435966e-01 9.582734294011101550e-01
1.379821964864794692e-01 -5.138320383737440267e-01 9.582721772373291591e-01
1.379737285762406007e-01 -5.138410682236421723e-01 9.582822312142287302e-01
1.379737285762406007e-01 -5.138410682236421723e-01 9.582822312142287302e-01
1.379727850478547901e-01 -5.138449939265617994e-01 9.582828723697706108e-01
1.379727850478547901e-01 -5.138449939265617994e-01 9.582828723697706108e-01
1.379727850478547901e-01 -5.138449939265617994e-01 9.582828723697706108e-01
1.379858014361022012e-01 -5.138704738574342290e-01 9.582871851582055456e-01
1.379858014361022012e-01 -5.138704738574342290e-01 9.582871851582055456e-01
1.379980404922318271e-01 -5.138563793754826747e-01 9.582745087871492595e-01
1.379871360573357852e-01 -5.138488192853987169e-01 9.582672229503816919e-01
1.379871360573357852e-01 -5.138488192853987169e-01 9.582672229503816919e-01
1.379871360573357852e-01 -5.138488192853987169e-01 9.582672229503816919e-01
1.379871360573357852e-01 -5.138488192853987169e-01 9.582672229503816919e-01
1.375268285301761984e-01 -5.103983507143137199e-01 9.582789053725411232e-01
1.375268285301761984e-01 -5.103983507143137199e-01 9.582789053725411232e-01
1.373499285563834216e-01 -5.080419261741809800e-01 9.582789231342587755e-01
1.373499285563834216e-01 -5.080419261741809800e-01 9.582789231342587755e-01
1.373499285563834216e-01 -5.080419261741809800e-01 9.582789231342587755e-01
1.373499285563834216e-01 -5.080419261741809800e-01 9.582789231342587755e-01
1.373499285563834216e-01 -5.080419261741809800e-01 9.582789231342587755e-01
1.363983976661219122e-01 -5.018397052944933989e-01 9.582722660984299701e-01
1.363983976661219122e-01 -5.018397052944933989e-01 9.582722660984299701e-01
1.363983976661219122e-01 -5.018397052944933989e-01 9.582722660984299701e-01
1.363983976661219122e-01 -5.018397052944933989e-01 9.582722660984299701e-01
1.350405546279877245e-01 -4.905024259301729583e-01 9.582870931147565718e-01
1.350405546279877245e-01 -4.905024259301729583e-01 9.582870931147565718e-01
1.350405546279877245e-01 -4.905024259301729583e-01 9.582870931147565718e-01
1.350153807439440357e-01 -4.902982942736732186e-01 9.582873601241843620e-01
1.350153807439440357e-01 -4.902982942736732186e-01 9.582873601241843620e-01
1.344544495046447186e-01 -4.871759498476962436e-01 9.582757540361778181e-01
1.344544495046447186e-01 -4.871759498476962436e-01 9.582757540361778181e-01
1.344532023854573544e-01 -4.871684512458019922e-01 9.582757261551254624e-01
1.344532023854573544e-01 -4.871684512458019922e-01 9.582757261551254624e-01
1.339818919446418566e-01 -4.828720297432563813e-01 9.582807878424909331e-01
1.338247442970383061e-01 -4.814424177966104557e-01 9.582824715859431519e-01
1.338247442970383061e-01 -4.814424177966104557e-01 9.582824715859431519e-01
1.336318368279083291e-01 -4.808529868810847985e-01 9.582824756437657854e-01
1.336318368279083291e-01 -4.808529868810847985e-01 9.582824756437657854e-01
1.336318368279083291e-01 -4.808529868810847985e-01 9.582824756437657854e-01
1.336318368279083291e-01 -4.808529868810847985e-01 9.582824756437657854e-01
1.337295545041098099e-01 -4.804893311381026044e-01 9.582824786348489443e-01
1.337295545041098099e-01 -4.804893311381026044e-01 9.582824786348489443e-01
1.337297509679299667e-01 -4.804866775378527910e-01 9.582824786568430175e-01
1.337297509679299667e-01 -4.804866775378527910e-01 9.582824786568430175e-01
1.337297509679299667e-01 -4.804866775378527910e-01 9.582824786568430175e-01
1.336915949497771983e-01 -4.804502585691229344e-01 9.582872151481218737e-01
1.336915949497771983e-01 -4.804502585691229344e-01 9.582872151481218737e-01
1.336922588889800090e-01 -4.804483362258348267e-01 9.582874331197444029e-01
1.336922588889800090e-01 -4.804483362258348267e-01 9.582874331197444029e-01
1.336922588889800090e-01 -4.804483362258348267e-01 9.582874331197444029e-01
1.337012117534823186e-01 -4.804872415474386038e-01 9.582828682966878509e-01
1.337081392897853105e-01 -4.804904458393216560e-01 9.582824786392546423e-01
1.337320629926028182e-01 -4.804965194313982058e-01 9.582787343046715867e-01
1.337156432947981255e-01 -4.805021709067694435e-01 9.582757758590082497e-01
1.337156432947981255e-01 -4.805021709067694435e-01 9.582757758590082497e-01
1.337156432947981255e-01 -4.805021709067694435e-01 9.582757758590082497e-01
1.337156432947981255e-01 -4.805021709067694435e-01 9.582757758590082497e-01
1.335871001981991102e-01 -4.805207414869329674e-01 9.582874322701150360e-01
1.335871001981991102e-01 -4.805207414869329674e-01 9.582874322701150360e-01
1.337292459742412121e-01 -4.805222703067325574e-01 9.582824783930196100e-01
1.337292459742412121e-01 -4.805222703067325574e-01 9.582824783930196100e-01
1.337292459742412121e-01 -4.805222703067325574e-01 9.582824783930196100e-01
1.337292459742412121e-01 -4.805222703067325574e-01 9.582824783930196100e-01
1.337292459742412121e-01 -4.805222703067325574e-01 9.582824783930196100e-01
1.337164678735581758e-01 -4.805650354773855493e-01 9.582874322490793073e-01
1.337164678735581758e-01 -4.805650354773855493e-01 9.582874322490793073e-01
1.335952470003497761e-01 -4.805890366581977435e-01 9.582974129431637289e-01
1.335952470003497761e-01 -4.805890366581977435e-01 9.582974129431637289e-01
1.335952470003497761e-01 -4.805890366581977435e-01 9.582974129431637289e-01
