-4.249217923969681593e-02 -4.619615807474640734e-01 7.145536026334510238e-01
-4.262281330905860754e-02 -4.766392508532496519e-01 7.145601970672331715e-01
-4.262281330905860754e-02 -4.766392508532496519e-01 7.145601970672331715e-01
-4.262281330905860754e-02 -4.766392508532496519e-01 7.145601970672331715e-01
-4.262281330905860754e-02 -4.766392508532496519e-01 7.145601970672331715e-01
-4.262281330905860754e-02 -4.766392508532496519e-01 7.145601970672331715e-01
-4.262281329660924656e-02 -4.869573491321623759e-01 7.145567699199587564e-01
-4.262281329660924656e-02 -4.869573491321623759e-01 7.145567699199587564e-01
-4.262281329660924656e-02 -4.869573491321623759e-01 7.145567699199587564e-01
-4.262281329660924656e-02 -4.869573491321623759e-01 7.145567699199587564e-01
-4.249217923917972956e-02 -5.002925805902750378e-01 7.145533210376853184e-01
-4.249217923917972956e-02 -5.002925805902750378e-01 7.145533210376853184e-01
-4.249217923917972956e-02 -5.002925805902750378e-01 7.145533210376853184e-01
-4.249217923917972956e-02 -5.002925805902750378e-01 7.145533210376853184e-01
-4.249217923917972956e-02 -5.002925805902750378e-01 7.145533210376853184e-01
-4.262281329627135018e-02 -5.120013576785145126e-01 7.145565859360608618e-01
-4.262281329627135018e-02 -5.120013576785145126e-01 7.145565859360608618e-01
-4.262281327158146116e-02 -5.171550232982599082e-01 7.145498453827442420e-01
-4.262281327158146116e-02 -5.171550232982599082e-01 7.145498453827442420e-01
-4.262281327158146116e-02 -5.171550232982599082e-01 7.145498453827442420e-01
-4.262281328384145973e-02 -5.208757095091832712e-01 7.145531693951594487e-01
-4.262281328384145973e-02 -5.208757095091832712e-01 7.145531693951594487e-01
-4.262281328384145973e-02 -5.208757095091832712e-01 7.145531693951594487e-01
-4.262281328384145973e-02 -5.208757095091832712e-01 7.145531693951594487e-01
-4.262281330842139504e-02 -5.238697342666036594e-01 7.145598500920905538e-01
-4.262281330842139504e-02 -5.238697342666036594e-01 7.145598500920905538e-01
-4.262281330842139504e-02 -5.238697342666036594e-01 7.145598500920905538e-01
-4.262281330842139504e-02 -5.238697342666036594e-01 7.145598500920905538e-01
-4.262281330842139504e-02 -5.238697342666036594e-01 7.145598500920905538e-01
-4.262281328351960608e-02 -5.447309651012811615e-01 7.145529941443441446e-01
-4.262281328351960608e-02 -5.447309651012811615e-01 7.145529941443441446e-01
-4.262281328351960608e-02 -5.447309651012811615e-01 7.145529941443441446e-01
-4.262281328351960608e-02 -5.447309651012811615e-01 7.145529941443441446e-01
-4.262281328351960608e-02 -5.447309651012811615e-01 7.145529941443441446e-01
-4.262281328351960608e-02 -5.447309651012811615e-01 7.145529941443441446e-01
-4.262281328351960608e-02 -5.447309651012811615e-01 7.145529941443441446e-01
-4.262281328328326735e-02 -5.622486034190772308e-01 7.145528654523508605e-01
-4.262281328328326735e-02 -5.622486034190772308e-01 7.145528654523508605e-01
-4.262281329552083942e-02 -5.676309272404422845e-01 7.145561772576726201e-01
-4.262281329552083942e-02 -5.676309272404422845e-01 7.145561772576726201e-01
-4.262281329552083942e-02 -5.676309272404422845e-01 7.145561772576726201e-01
-4.262281329552083942e-02 -5.676309272404422845e-01 7.145561772576726201e-01
-4.262281329552083942e-02 -5.676309272404422845e-01 7.145561772576726201e-01
-4.262281332593614858e-02 -5.744880818513583565e-01 7.145644323921401808e-01
-4.262281332593614858e-02 -5.744880818513583565e-01 7.145644323921401808e-01
-4.262281329537304098e-02 -5.785846973227209977e-01 7.145560967866363411e-01
-4.262281329537304098e-02 -5.785846973227209977e-01 7.145560967866363411e-01
-4.262281328301434358e-02 -5.821820535789105078e-01 7.145527190127802797e-01
-4.262281328301434358e-02 -5.821820535789105078e-01 7.145527190127802797e-01
-4.262281328301434358e-02 -5.821820535789105078e-01 7.145527190127802797e-01
-4.262281328301434358e-02 -5.821820535789105078e-01 7.145527190127802797e-01
-4.262281328301434358e-02 -5.821820535789105078e-01 7.145527190127802797e-01
-4.262281333805895134e-02 -5.883784308610821023e-01 7.145676816939038334e-01
-4.262281333805895134e-02 -5.883784308610821023e-01 7.145676816939038334e-01
-4.262281327059377900e-02 -5.903608675147580254e-01 7.145493075815950723e-01
-4.262281327059377900e-02 -5.903608675147580254e-01 7.145493075815950723e-01
-4.262281327059377900e-02 -5.903608675147580254e-01 7.145493075815950723e-01
-4.249217921356581579e-02 -5.937646839050364500e-01 7.145460045150558992e-01
-4.249217921356581579e-02 -5.937646839050364500e-01 7.145460045150558992e-01
-4.249217921356581579e-02 -5.937646839050364500e-01 7.145460045150558992e-01
-4.249217921356581579e-02 -5.937646839050364500e-01 7.145460045150558992e-01
-4.262281329505446248e-02 -6.021969300250566981e-01 7.145559233211705719e-01
-4.262281329505446248e-02 -6.021969300250566981e-01 7.145559233211705719e-01
-4.262281329505446248e-02 -6.021969300250566981e-01 7.145559233211705719e-01
-4.262281329505446248e-02 -6.021969300250566981e-01 7.145559233211705719e-01
-4.262281329505446248e-02 -6.021969300250566981e-01 7.145559233211705719e-01
-4.249217920100053364e-02 -6.126733980001647373e-01 7.145425142574775013e-01
-4.249217920100053364e-02 -6.126733980001647373e-01 7.145425142574775013e-01
-4.249217923758283333e-02 -6.186554556590002640e-01 7.145524514938548233e-01
-4.249217923758283333e-02 -6.186554556590002640e-01 7.145524514938548233e-01
-4.249217923758283333e-02 -6.186554556590002640e-01 7.145524514938548233e-01
-4.249217923758283333e-02 -6.186554556590002640e-01 7.145524514938548233e-01
-4.249217923758283333e-02 -6.186554556590002640e-01 7.145524514938548233e-01
-4.262281328235081879e-02 -6.313650406614959021e-01 7.145523576937183874e-01
-4.262281328235081879e-02 -6.313650406614959021e-01 7.145523576937183874e-01
-4.262281326996181230e-02 -6.372046807876184937e-01 7.145489634470950646e-01
-4.262281326996181230e-02 -6.372046807876184937e-01 7.145489634470950646e-01
-4.262281326996181230e-02 -6.372046807876184937e-01 7.145489634470950646e-01
-4.262281326996181230e-02 -6.372046807876184937e-01 7.145489634470950646e-01
-4.262281326996181230e-02 -6.372046807876184937e-01 7.145489634470950646e-01
-4.262281329446607203e-02 -6.458108780378918334e-01 7.145556029146290511e-01
-4.262281329446607203e-02 -6.458108780378918334e-01 7.145556029146290511e-01
-4.262281329446607203e-02 -6.458108780378918334e-01 7.145556029146290511e-01
-4.262281329446607203e-02 -6.458108780378918334e-01 7.145556029146290511e-01
-4.262281326971209539e-02 -6.557159446694448279e-01 7.145488274555076291e-01
-4.262281326971209539e-02 -6.557159446694448279e-01 7.145488274555076291e-01
-4.262281326971209539e-02 -6.557159446694448279e-01 7.145488274555076291e-01
-4.262281326969064033e-02 -6.573021347666839764e-01 7.145488158026830350e-01
-4.262281326969064033e-02 -6.573021347666839764e-01 7.145488158026830350e-01
-4.262281326969064033e-02 -6.573021347666839764e-01 7.145488158026830350e-01
-4.262281326969064033e-02 -6.573021347666839764e-01 7.145488158026830350e-01
-4.262281326969064033e-02 -6.573021347666839764e-01 7.145488158026830350e-01
-4.262281326969064033e-02 -6.573021347666839764e-01 7.145488158026830350e-01
-4.262281326969064033e-02 -6.573021347666839764e-01 7.145488158026830350e-01
-4.249217926164714637e-02 -6.598679565794920432e-01 7.145588514216669740e-01
-4.249217926164714637e-02 -6.598679565794920432e-01 7.145588514216669740e-01
-4.249217927984480503e-02 -6.598679565976898198e-01 7.145638055855446646e-01
-4.249217927984480503e-02 -6.598679565976898198e-01 7.145638055855446646e-01
-4.249217927984480503e-02 -6.598679565976898198e-01 7.145638055855446646e-01
-4.249217927984480503e-02 -6.598679565976898198e-01 7.145638055855446646e-01
-4.249217927984480503e-02 -6.598679565976898198e-01 7.145638055855446646e-01
-4.249217927984480503e-02 -6.598679565976898198e-01 7.145638055855446646e-01
-4.249217927984480503e-02 -6.598679565976898198e-01 7.145638055855446646e-01
-4.249217922471729136e-02 -6.598176669221780255e-01 7.145487977526580048e-01
-4.249217922471729136e-02 -6.598176669221780255e-01 7.145487977526580048e-01
-4.249217922471729136e-02 -6.598176669221780255e-01 7.145487977526580048e-01
-4.249217922471729136e-02 -6.598176669221780255e-01 7.145487977526580048e-01
-4.249217922471729136e-02 -6.598176669221780255e-01 7.145487977526580048e-01
-4.249217922471729136e-02 -6.598176669221780255e-01 7.145487977526580048e-01
-4.249217922471729136e-02 -6.598176669221780255e-01 7.145487977526580048e-01
-4.262281328196798613e-02 -6.597442950329596156e-01 7.145521492076913894e-01
-4.262281328196798613e-02 -6.597442950329596156e-01 7.145521492076913894e-01
-4.262281329427811127e-02 -6.597370996001056254e-01 7.145555006067052517e-01
-4.262281329427811127e-02 -6.597370996001056254e-01 7.145555006067052517e-01
-4.262281329427811127e-02 -6.597370996001056254e-01 7.145555006067052517e-01
-4.262281329427811127e-02 -6.597370996001056254e-01 7.145555006067052517e-01
-4.262281329427811127e-02 -6.597370996001056254e-01 7.145555006067052517e-01
-4.262281328196865227e-02 -6.596880135691485236e-01 7.145521496211589829e-01
-4.262281328196865227e-02 -6.596880135691485236e-01 7.145521496211589829e-01
-4.262281328196865227e-02 -6.596880135691485236e-01 7.145521496211589829e-01
-4.262281328196865227e-02 -6.596880135691485236e-01 7.145521496211589829e-01
-4.262281326965847161e-02 -6.596904207603113690e-01 7.145487982573222041e-01
-4.262281326965847161e-02 -6.596904207603113690e-01 7.145487982573222041e-01
-4.262281326965847161e-02 -6.596904207603113690e-01 7.145487982573222041e-01
-4.262281326965847161e-02 -6.596904207603113690e-01 7.145487982573222041e-01
-4.262281326965847161e-02 -6.596904207603113690e-01 7.145487982573222041e-01
-4.262281329427888843e-02 -6.596820217380309215e-01 7.145555010113304739e-01
-4.262281329427888843e-02 -6.596820217380309215e-01 7.145555010113304739e-01
-4.249217924933909596e-02 -6.597063599514227938e-01 7.145555012626716440e-01
-4.249217924933909596e-02 -6.597063599514227938e-01 7.145555012626716440e-01
-4.249217924933909596e-02 -6.597063599514227938e-01 7.145555012626716440e-01
-4.249217924933909596e-02 -6.597063599514227938e-01 7.145555012626716440e-01
-4.249217924933909596e-02 -6.597063599514227938e-01 7.145555012626716440e-01
-4.262281329427883292e-02 -6.596880135814590096e-01 7.145555009673119073e-01
-4.262281329427883292e-02 -6.596880135814590096e-01 7.145555009673119073e-01
-4.262281329427883292e-02 -6.596880135814590096e-01 7.145555009673119073e-01
-4.262281329427883292e-02 -6.596880135814590096e-01 7.145555009673119073e-01
-4.262281326965841610e-02 -6.596856325186202241e-01 7.145487982924985104e-01
-4.262281326965841610e-02 -6.596856325186202241e-01 7.145487982924985104e-01
-4.262281326965841610e-02 -6.596856325186202241e-01 7.145487982924985104e-01
-4.262281326965841610e-02 -6.596856325186202241e-01 7.145487982924985104e-01
-4.262281326965841610e-02 -6.596856325186202241e-01 7.145487982924985104e-01
-4.249217931650984409e-02 -6.597123518620212623e-01 7.145737879117903812e-01
-4.249217931650984409e-02 -6.597123518620212623e-01 7.145737879117903812e-01
-4.262281334913926162e-02 -6.596988198866933217e-01 7.145704362349093453e-01
-4.262281334913926162e-02 -6.596988198866933217e-01 7.145704362349093453e-01
-4.262281334913926162e-02 -6.596988198866933217e-01 7.145704362349093453e-01
-4.249217932881999005e-02 -6.597206985907219101e-01 7.145771391966246888e-01
-4.249217932881999005e-02 -6.597206985907219101e-01 7.145771391966246888e-01
-4.249217932881999005e-02 -6.597206985907219101e-01 7.145771391966246888e-01
-4.249217932881999005e-02 -6.597206985907219101e-01 7.145771391966246888e-01
-4.249217929215692857e-02 -6.597171139141042584e-01 7.145671580398519351e-01
-4.249217929215692857e-02 -6.597171139141042584e-01 7.145671580398519351e-01
-4.249217929215692857e-02 -6.597171139141042584e-01 7.145671580398519351e-01
-4.249217929215692857e-02 -6.597171139141042584e-01 7.145671580398519351e-01
-4.249217929215692857e-02 -6.597171139141042584e-01 7.145671580398519351e-01
-4.249217926164895048e-02 -6.597314786086697636e-01 7.145588524242919570e-01
-4.249217926164895048e-02 -6.597314786086697636e-01 7.145588524242919570e-01
-4.249217926164895048e-02 -6.597314786086697636e-01 7.145588524242919570e-01
-4.249217926164895048e-02 -6.597314786086697636e-01 7.145588524242919570e-01
-4.249217926164895048e-02 -6.597314786086697636e-01 7.145588524242919570e-01
-4.249217929215687306e-02 -6.597254867957499380e-01 7.145671579783411387e-01
-4.249217929215687306e-02 -6.597254867957499380e-01 7.145671579783411387e-01
-4.249217929215687306e-02 -6.597254867957499380e-01 7.145671579783411387e-01
-4.249217929215687306e-02 -6.597254867957499380e-01 7.145671579783411387e-01
-4.249217930419963568e-02 -6.597206985661016043e-01 7.145704365043192841e-01
-4.249217930419963568e-02 -6.597206985661016043e-01 7.145704365043192841e-01
-4.249217930419963568e-02 -6.597206985661016043e-01 7.145704365043192841e-01
-4.249217930419963568e-02 -6.597206985661016043e-01 7.145704365043192841e-01
-4.249217930419963568e-02 -6.597206985661016043e-01 7.145704365043192841e-01
-4.249217927984677567e-02 -6.597231057452219716e-01 7.145638066496806662e-01
-4.249217927984677567e-02 -6.597231057452219716e-01 7.145638066496806662e-01
-4.249217927984677567e-02 -6.597231057452219716e-01 7.145638066496806662e-01
-4.249217927984677567e-02 -6.597231057452219716e-01 7.145638066496806662e-01
-4.249217927984677567e-02 -6.597231057452219716e-01 7.145638066496806662e-01
-4.249217927984677567e-02 -6.597231057452219716e-01 7.145638066496806662e-01
-4.249217927984677567e-02 -6.597231057452219716e-01 7.145638066496806662e-01
-4.249217927984685894e-02 -6.597147066983211072e-01 7.145638067113835312e-01
-4.249217927984685894e-02 -6.597147066983211072e-01 7.145638067113835312e-01
-4.262281333709655451e-02 -6.597119548327318173e-01 7.145671576476128051e-01
-4.262281333709655451e-02 -6.597119548327318173e-01 7.145671576476128051e-01
-4.262281333709655451e-02 -6.597119548327318173e-01 7.145671576476128051e-01
-4.262281333709655451e-02 -6.597119548327318173e-01 7.145671576476128051e-01
-4.262281333709655451e-02 -6.597119548327318173e-01 7.145671576476128051e-01
-4.249217926164922110e-02 -6.597206985235508636e-01 7.145588525034870520e-01
-4.249217926164922110e-02 -6.597206985235508636e-01 7.145588525034870520e-01
-4.249217927978715670e-02 -6.641410118615385105e-01 7.145637741938705156e-01
-4.249217927978715670e-02 -6.641410118615385105e-01 7.145637741938705156e-01
-4.249217927978715670e-02 -6.641410118615385105e-01 7.145637741938705156e-01
-4.249217927978715670e-02 -6.641410118615385105e-01 7.145637741938705156e-01
-4.249217927978715670e-02 -6.641410118615385105e-01 7.145637741938705156e-01
-4.262281332474160411e-02 -6.630297166190239899e-01 7.145637819277762537e-01
-4.262281332474160411e-02 -6.630297166190239899e-01 7.145637819277762537e-01
-4.249217922469450404e-02 -6.615037372448481223e-01 7.145487853660709154e-01
-4.249217922469450404e-02 -6.615037372448481223e-01 7.145487853660709154e-01
-4.249217922469450404e-02 -6.615037372448481223e-01 7.145487853660709154e-01
-4.249217922469450404e-02 -6.615037372448481223e-01 7.145487853660709154e-01
-4.249217922469450404e-02 -6.615037372448481223e-01 7.145487853660709154e-01
-4.262281332479139762e-02 -6.593317811097568759e-01 7.145638090943773335e-01
-4.262281332479139762e-02 -6.593317811097568759e-01 7.145638090943773335e-01
-4.249217922483242149e-02 -6.512850015100284384e-01 7.145488604372334240e-01
-4.249217922483242149e-02 -6.512850015100284384e-01 7.145488604372334240e-01
-4.249217922483242149e-02 -6.512850015100284384e-01 7.145488604372334240e-01
-4.249217922483242149e-02 -6.512850015100284384e-01 7.145488604372334240e-01
-4.262281325783229269e-02 -6.436481439534817994e-01 7.145456376198826565e-01
-4.262281325783229269e-02 -6.436481439534817994e-01 7.145456376198826565e-01
-4.262281325783229269e-02 -6.436481439534817994e-01 7.145456376198826565e-01
-4.262281325783229269e-02 -6.436481439534817994e-01 7.145456376198826565e-01
-4.262281325783229269e-02 -6.436481439534817994e-01 7.145456376198826565e-01
-4.249217922508208289e-02 -6.327821105098474508e-01 7.145489963673103961e-01
-4.249217922508208289e-02 -6.327821105098474508e-01 7.145489963673103961e-01
-4.249217922508208289e-02 -6.327821105098474508e-01 7.145489963673103961e-01
-4.249217922508208289e-02 -6.327821105098474508e-01 7.145489963673103961e-01
-4.249217922508208289e-02 -6.327821105098474508e-01 7.145489963673103961e-01
-4.262281325817340177e-02 -6.183670651129127283e-01 7.145458233453995112e-01
-4.262281325817340177e-02 -6.183670651129127283e-01 7.145458233453995112e-01
-4.249217923764114779e-02 -6.143295353076156928e-01 7.145524832738986420e-01
-4.249217923764114779e-02 -6.143295353076156928e-01 7.145524832738986420e-01
-4.249217923764114779e-02 -6.143295353076156928e-01 7.145524832738986420e-01
-4.249217923764114779e-02 -6.143295353076156928e-01 7.145524832738986420e-01
-4.249217923764114779e-02 -6.143295353076156928e-01 7.145524832738986420e-01
-4.249217923775325256e-02 -6.060226162702807562e-01 7.145525443000454446e-01
-4.249217923775325256e-02 -6.060226162702807562e-01 7.145525443000454446e-01
-4.249217923775325256e-02 -6.060226162702807562e-01 7.145525443000454446e-01
-4.249217923775325256e-02 -6.060226162702807562e-01 7.145525443000454446e-01
-4.249217925010398411e-02 -6.030166209455632975e-01 7.145559177295136566e-01
-4.249217925010398411e-02 -6.030166209455632975e-01 7.145559177295136566e-01
-4.249217925010398411e-02 -6.030166209455632975e-01 7.145559177295136566e-01
-4.262281325845161672e-02 -5.977417009460954667e-01 7.145459748680635936e-01
-4.262281325845161672e-02 -5.977417009460954667e-01 7.145459748680635936e-01
-4.262281325845161672e-02 -5.977417009460954667e-01 7.145459748680635936e-01
-4.262281325845161672e-02 -5.977417009460954667e-01 7.145459748680635936e-01
-4.262281325848495117e-02 -5.952731922802014797e-01 7.145459930027741047e-01
-4.262281325848495117e-02 -5.952731922802014797e-01 7.145459930027741047e-01
-4.262281325848495117e-02 -5.952731922802014797e-01 7.145459930027741047e-01
-4.262281329515116290e-02 -5.950289919906214253e-01 7.145559759798802979e-01
-4.262281329515116290e-02 -5.950289919906214253e-01 7.145559759798802979e-01
-4.262281329515116290e-02 -5.950289919906214253e-01 7.145559759798802979e-01
-4.262281329515116290e-02 -5.950289919906214253e-01 7.145559759798802979e-01
-4.262281327053035751e-02 -5.950601024543651363e-01 7.145492730590242703e-01
-4.262281327053035751e-02 -5.950601024543651363e-01 7.145492730590242703e-01
-4.262281327053002444e-02 -5.950864508662935259e-01 7.145492728654576631e-01
-4.262281327053002444e-02 -5.950864508662935259e-01 7.145492728654576631e-01
-4.262281327053002444e-02 -5.950864508662935259e-01 7.145492728654576631e-01
-4.262281327053002444e-02 -5.950864508662935259e-01 7.145492728654576631e-01
-4.262281327053002444e-02 -5.950864508662935259e-01 7.145492728654576631e-01
-4.262281328283998305e-02 -5.951056038453678143e-01 7.145526240709043631e-01
-4.262281328283998305e-02 -5.951056038453678143e-01 7.145526240709043631e-01
-4.262281324618510253e-02 -5.945058438303321147e-01 7.145426472938882778e-01
-4.262281324618510253e-02 -5.945058438303321147e-01 7.145426472938882778e-01
-4.262281324618510253e-02 -5.945058438303321147e-01 7.145426472938882778e-01
-4.262281324618510253e-02 -5.945058438303321147e-01 7.145426472938882778e-01
-4.262281324618510253e-02 -5.945058438303321147e-01 7.145426472938882778e-01
-4.249217920129718523e-02 -5.906909279914333011e-01 7.145426757500161763e-01
-4.249217920129718523e-02 -5.906909279914333011e-01 7.145426757500161763e-01
-4.249217920129718523e-02 -5.906909279914333011e-01 7.145426757500161763e-01
-4.249217920129718523e-02 -5.906909279914333011e-01 7.145426757500161763e-01
-4.249217920129718523e-02 -5.906909279914333011e-01 7.145426757500161763e-01
-4.262281329530961949e-02 -5.832839060970731460e-01 7.145560622642577187e-01
-4.262281329530961949e-02 -5.832839060970731460e-01 7.145560622642577187e-01
-4.262281329530961949e-02 -5.832839060970731460e-01 7.145560622642577187e-01
-4.262281329530961949e-02 -5.832839060970731460e-01 7.145560622642577187e-01
-4.262281327074388115e-02 -5.792399873944384936e-01 7.145493892802924352e-01
-4.262281327074388115e-02 -5.792399873944384936e-01 7.145493892802924352e-01
-4.262281327074388115e-02 -5.792399873944384936e-01 7.145493892802924352e-01
-4.262281327074388115e-02 -5.792399873944384936e-01 7.145493892802924352e-01
-4.262281327074388115e-02 -5.792399873944384936e-01 7.145493892802924352e-01
-4.262281327091518857e-02 -5.665396211182710529e-01 7.145494825825643437e-01
-4.262281327091518857e-02 -5.665396211182710529e-01 7.145494825825643437e-01
-4.262281330799634615e-02 -5.553715707159346815e-01 7.145596186662527272e-01
-4.262281330799634615e-02 -5.553715707159346815e-01 7.145596186662527272e-01
-4.262281330799634615e-02 -5.553715707159346815e-01 7.145596186662527272e-01
-4.262281330799634615e-02 -5.553715707159346815e-01 7.145596186662527272e-01
-4.262281330799634615e-02 -5.553715707159346815e-01 7.145596186662527272e-01
-4.262281324682490324e-02 -5.470826271475994762e-01 7.145429956849311814e-01
-4.262281324682490324e-02 -5.470826271475994762e-01 7.145429956849311814e-01
-4.262281324682490324e-02 -5.470826271475994762e-01 7.145429956849311814e-01
-4.262281324682490324e-02 -5.470826271475994762e-01 7.145429956849311814e-01
-4.262281328358555332e-02 -5.398399668172149113e-01 7.145530300756900433e-01
-4.262281328358555332e-02 -5.398399668172149113e-01 7.145530300756900433e-01
-4.262281328358555332e-02 -5.398399668172149113e-01 7.145530300756900433e-01
-4.262281327130865161e-02 -5.373726879060025663e-01 7.145496968552137451e-01
-4.262281327130865161e-02 -5.373726879060025663e-01 7.145496968552137451e-01
-4.262281327130865161e-02 -5.373726879060025663e-01 7.145496968552137451e-01
-4.262281327130865161e-02 -5.373726879060025663e-01 7.145496968552137451e-01
-4.262281328366915312e-02 -5.336436288380540516e-01 7.145530755966140735e-01
-4.262281328366915312e-02 -5.336436288380540516e-01 7.145530755966140735e-01
-4.262281328366915312e-02 -5.336436288380540516e-01 7.145530755966140735e-01
-4.262281328366915312e-02 -5.336436288380540516e-01 7.145530755966140735e-01
-4.262281328366915312e-02 -5.336436288380540516e-01 7.145530755966140735e-01
-4.249217923874190617e-02 -5.327473294666351666e-01 7.145530826113489775e-01
-4.249217923874190617e-02 -5.327473294666351666e-01 7.145530826113489775e-01
-4.249217923874190617e-02 -5.327473294666351666e-01 7.145530826113489775e-01
-4.249217923874190617e-02 -5.327473294666351666e-01 7.145530826113489775e-01
-4.249217923874190617e-02 -5.327473294666351666e-01 7.145530826113489775e-01
-4.249217923874198943e-02 -5.327353588624073044e-01 7.145530826992900764e-01
-4.249217923874198943e-02 -5.327353588624073044e-01 7.145530826992900764e-01
-4.249217923874198943e-02 -5.327353588624073044e-01 7.145530826992900764e-01
-4.249217923874198943e-02 -5.327353588624073044e-01 7.145530826992900764e-01
-4.262281329599199031e-02 -5.327062585848901799e-01 7.145564338290860684e-01
-4.262281329599199031e-02 -5.327062585848901799e-01 7.145564338290860684e-01
-4.262281329599199031e-02 -5.327062585848901799e-01 7.145564338290860684e-01
-4.262281327139080811e-02 -5.312816650787899331e-01 7.145497416024482185e-01
-4.262281327139080811e-02 -5.312816650787899331e-01 7.145497416024482185e-01
-4.262281327139080811e-02 -5.312816650787899331e-01 7.145497416024482185e-01
-4.262281327139080811e-02 -5.312816650787899331e-01 7.145497416024482185e-01
-4.262281330836310833e-02 -5.281894814282541706e-01 7.145598183573976803e-01
-4.262281330836310833e-02 -5.281894814282541706e-01 7.145598183573976803e-01
-4.262281330836310833e-02 -5.281894814282541706e-01 7.145598183573976803e-01
-4.262281327151257182e-02 -5.222624754659703772e-01 7.145498078612363413e-01
-4.262281327151257182e-02 -5.222624754659703772e-01 7.145498078612363413e-01
-4.262281327151257182e-02 -5.222624754659703772e-01 7.145498078612363413e-01
-4.262281327151257182e-02 -5.222624754659703772e-01 7.145498078612363413e-01
-4.262281329622072401e-02 -5.157512648310473846e-01 7.145565583876540838e-01
-4.262281329622072401e-02 -5.157512648310473846e-01 7.145565583876540838e-01
-4.249217922669956682e-02 -5.128916816806573520e-01 7.145498771331980636e-01
-4.249217922669956682e-02 -5.128916816806573520e-01 7.145498771331980636e-01
-4.249217922669956682e-02 -5.128916816806573520e-01 7.145498771331980636e-01
-4.249217922669956682e-02 -5.128916816806573520e-01 7.145498771331980636e-01
-4.249217922669956682e-02 -5.128916816806573520e-01 7.145498771331980636e-01
-4.249217923916018269e-02 -5.017391995805106086e-01 7.145533104102093080e-01
-4.249217923916018269e-02 -5.017391995805106086e-01 7.145533104102093080e-01
-4.249217923916018269e-02 -5.017391995805106086e-01 7.145533104102093080e-01
-4.249217923916018269e-02 -5.017391995805106086e-01 7.145533104102093080e-01
-4.249217923916018269e-02 -5.017391995805106086e-01 7.145533104102093080e-01
-4.262281327199210490e-02 -4.867136272024443766e-01 7.145500690181378900e-01
-4.262281327199210490e-02 -4.867136272024443766e-01 7.145500690181378900e-01
-4.262281327199210490e-02 -4.867136272024443766e-01 7.145500690181378900e-01
-4.262281327199210490e-02 -4.867136272024443766e-01 7.145500690181378900e-01
-4.262281329670714741e-02 -4.796984345055972376e-01 7.145568232470212999e-01
-4.262281329670714741e-02 -4.796984345055972376e-01 7.145568232470212999e-01
-4.262281329670714741e-02 -4.796984345055972376e-01 7.145568232470212999e-01
-4.262281329670714741e-02 -4.796984345055972376e-01 7.145568232470212999e-01
-4.262281329670714741e-02 -4.796984345055972376e-01 7.145568232470212999e-01
-4.262281328448789403e-02 -4.729621633916364365e-01 7.145535213883699166e-01
-4.262281328448789403e-02 -4.729621633916364365e-01 7.145535213883699166e-01
-4.249217928239378689e-02 -4.709357866934380521e-01 7.145651935613154260e-01
-4.249217928239378689e-02 -4.709357866934380521e-01 7.145651935613154260e-01
-4.249217928239378689e-02 -4.709357866934380521e-01 7.145651935613154260e-01
-4.249217928239378689e-02 -4.709357866934380521e-01 7.145651935613154260e-01
-4.249217928239378689e-02 -4.709357866934380521e-01 7.145651935613154260e-01
-4.249217923961467330e-02 -4.680530819958228506e-01 7.145535578827018064e-01
-4.249217923961467330e-02 -4.680530819958228506e-01 7.145535578827018064e-01
-4.249217921526388109e-02 -4.679046464790476145e-01 7.145469291362175346e-01
-4.249217921526388109e-02 -4.679046464790476145e-01 7.145469291362175346e-01
-4.249217921526388109e-02 -4.679046464790476145e-01 7.145469291362175346e-01
-4.249217921526388109e-02 -4.679046464790476145e-01 7.145469291362175346e-01
-4.249217921526388109e-02 -4.679046464790476145e-01 7.145469291362175346e-01
-4.249217925192672746e-02 -4.679154135182016505e-01 7.145569102402258288e-01
-4.249217925192672746e-02 -4.679154135182016505e-01 7.145569102402258288e-01
-4.249217925192672746e-02 -4.679154135182016505e-01 7.145569102402258288e-01
-4.249217925192672746e-02 -4.679154135182016505e-01 7.145569102402258288e-01
-4.262281333968371416e-02 -4.679461793749580822e-01 7.145685664402502413e-01
-4.262281333968371416e-02 -4.679461793749580822e-01 7.145685664402502413e-01
-4.262281333968371416e-02 -4.679461793749580822e-01 7.145685664402502413e-01
-4.262281333968371416e-02 -4.679461793749580822e-01 7.145685664402502413e-01
-4.262281333968371416e-02 -4.679461793749580822e-01 7.145685664402502413e-01
-4.262281333968371416e-02 -4.679461793749580822e-01 7.145685664402502413e-01
-4.262281333968371416e-02 -4.679461793749580822e-01 7.145685664402502413e-01
-4.262281329686495174e-02 -4.680024477133234440e-01 7.145569091706955867e-01
-4.262281329686495174e-02 -4.680024477133234440e-01 7.145569091706955867e-01
-4.262281329686495174e-02 -4.680024477133234440e-01 7.145569091706955867e-01
-4.262281327224450023e-02 -4.680120241720850949e-01 7.145502064080375693e-01
-4.262281327224450023e-02 -4.680120241720850949e-01 7.145502064080375693e-01
-4.262281330917451483e-02 -4.680479360216983631e-01 7.145602601826719358e-01
-4.262281330917451483e-02 -4.680479360216983631e-01 7.145602601826719358e-01
-4.262281330917451483e-02 -4.680479360216983631e-01 7.145602601826719358e-01
-4.262281330917451483e-02 -4.680479360216983631e-01 7.145602601826719358e-01
-4.262281330917451483e-02 -4.680479360216983631e-01 7.145602601826719358e-01
-4.262281329686432724e-02 -4.680479360093883212e-01 7.145569088365194554e-01
-4.262281329686432724e-02 -4.680479360093883212e-01 7.145569088365194554e-01
-4.249217922730409019e-02 -4.680794303954409763e-01 7.145502063429829409e-01
-4.249217922730409019e-02 -4.680794303954409763e-01 7.145502063429829409e-01
-4.262281328455385515e-02 -4.680682794829510440e-01 7.145535573409148578e-01
-4.262281328455385515e-02 -4.680682794829510440e-01 7.145535573409148578e-01
-4.262281328455385515e-02 -4.680682794829510440e-01 7.145535573409148578e-01
-4.262281328455385515e-02 -4.680682794829510440e-01 7.145535573409148578e-01
-4.262281328455385515e-02 -4.680682794829510440e-01 7.145535573409148578e-01
-4.262281330917422340e-02 -4.680682795075716829e-01 7.145602600332202625e-01
-4.262281330917422340e-02 -4.680682795075716829e-01 7.145602600332202625e-01
-4.262281327224359123e-02 -4.680754618331776085e-01 7.145502059419974739e-01
-4.262281327224359123e-02 -4.680754618331776085e-01 7.145502059419974739e-01
-4.262281327224359123e-02 -4.680754618331776085e-01 7.145502059419974739e-01
-4.262281327224359123e-02 -4.680754618331776085e-01 7.145502059419974739e-01
-4.262281327224359123e-02 -4.680754618331776085e-01 7.145502059419974739e-01
-4.262281326020113392e-02 -4.680706735794439854e-01 7.145469274863721632e-01
-4.262281326020113392e-02 -4.680706735794439854e-01 7.145469274863721632e-01
-4.262281329686391090e-02 -4.680778559786437087e-01 7.145569086167145034e-01
-4.262281329686391090e-02 -4.680778559786437087e-01 7.145569086167145034e-01
-4.262281329686406356e-02 -4.680706736161071024e-01 7.145569086694792960e-01
-4.262281329686406356e-02 -4.680706736161071024e-01 7.145569086694792960e-01
-4.262281329686406356e-02 -4.680706736161071024e-01 7.145569086694792960e-01
-4.262281329686406356e-02 -4.680706736161071024e-01 7.145569086694792960e-01
-4.262281329686406356e-02 -4.680706736161071024e-01 7.145569086694792960e-01
-4.262281327224359123e-02 -4.680754618331776085e-01 7.145502059419974739e-01
-4.262281327224359123e-02 -4.680754618331776085e-01 7.145502059419974739e-01
-4.262281327224359123e-02 -4.680754618331776085e-01 7.145502059419974739e-01
-4.262281327224359123e-02 -4.680754618331776085e-01 7.145502059419974739e-01
-4.262281327224359123e-02 -4.680754618331776085e-01 7.145502059419974739e-01
-4.262281326020121719e-02 -4.680658984203805995e-01 7.145469275214525462e-01
-4.262281326020121719e-02 -4.680658984203805995e-01 7.145469275214525462e-01
-4.262281329686398029e-02 -4.680730808195799897e-01 7.145569086517948865e-01
-4.262281329686398029e-02 -4.680730808195799897e-01 7.145569086517948865e-01
-4.262281329686398029e-02 -4.680730808195799897e-01 7.145569086517948865e-01
-4.262281329686398029e-02 -4.680730808195799897e-01 7.145569086517948865e-01
-4.262281329686398029e-02 -4.680730808195799897e-01 7.145569086517948865e-01
-4.249217926423470848e-02 -4.680758327097894744e-01 7.145602604078711284e-01
-4.249217926423470848e-02 -4.680758327097894744e-01 7.145602604078711284e-01
-4.249217926423470848e-02 -4.680758327097894744e-01 7.145602604078711284e-01
-4.249217926423470848e-02 -4.680758327097894744e-01 7.145602604078711284e-01
-4.249217922730400693e-02 -4.680818114336587898e-01 7.145502063254906000e-01
-4.249217922730400693e-02 -4.680818114336587898e-01 7.145502063254906000e-01
-4.249217922730400693e-02 -4.680818114336587898e-01 7.145502063254906000e-01
-4.249217923961445126e-02 -4.680734385643235962e-01 7.145535577331539878e-01
-4.249217923961445126e-02 -4.680734385643235962e-01 7.145535577331539878e-01
-4.249217922730393754e-02 -4.680889937961953962e-01 7.145502062727259185e-01
-4.249217922730393754e-02 -4.680889937961953962e-01 7.145502062727259185e-01
-4.249217922730393754e-02 -4.680889937961953962e-01 7.145502062727259185e-01
-4.249217922730393754e-02 -4.680889937961953962e-01 7.145502062727259185e-01
-4.249217923961418758e-02 -4.680842055668146262e-01 7.145535576540550382e-01
-4.249217923961418758e-02 -4.680842055668146262e-01 7.145535576540550382e-01
-4.249217923961418758e-02 -4.680842055668146262e-01 7.145535576540550382e-01
-4.249217923961418758e-02 -4.680842055668146262e-01 7.145535576540550382e-01
-4.249217923961418758e-02 -4.680842055668146262e-01 7.145535576540550382e-01
-4.249217925192452089e-02 -4.680758326974794326e-01 7.145569090617186481e-01
-4.249217925192452089e-02 -4.680758326974794326e-01 7.145569090617186481e-01
-4.249217925192452089e-02 -4.680758326974794326e-01 7.145569090617186481e-01
-4.249217925192452089e-02 -4.680758326974794326e-01 7.145569090617186481e-01
-4.249217925192452089e-02 -4.680758326974794326e-01 7.145569090617186481e-01
-4.262281332737199308e-02 -4.680658984875515349e-01 7.145652142145900720e-01
-4.262281332737199308e-02 -4.680658984875515349e-01 7.145652142145900720e-01
-4.262281332737199308e-02 -4.680658984875515349e-01 7.145652142145900720e-01
-4.262281332737199308e-02 -4.680658984875515349e-01 7.145652142145900720e-01
-4.262281328455410495e-02 -4.680527242387692022e-01 7.145535574551901137e-01
-4.262281328455410495e-02 -4.680527242387692022e-01 7.145535574551901137e-01
-4.262281328455410495e-02 -4.680527242387692022e-01 7.145535574551901137e-01
-4.262281329686406356e-02 -4.680706736161071024e-01 7.145569086694792960e-01
-4.262281329686406356e-02 -4.680706736161071024e-01 7.145569086694792960e-01
-4.262281329686406356e-02 -4.680706736161071024e-01 7.145569086694792960e-01
-4.262281329686406356e-02 -4.680706736161071024e-01 7.145569086694792960e-01
-4.262281329686420234e-02 -4.680575124927705000e-01 7.145569087661665097e-01
-4.262281329686420234e-02 -4.680575124927705000e-01 7.145569087661665097e-01
-4.262281329686420234e-02 -4.680575124927705000e-01 7.145569087661665097e-01
-4.262281329686420234e-02 -4.680575124927705000e-01 7.145569087661665097e-01
-4.262281329686420234e-02 -4.680575124927705000e-01 7.145569087661665097e-01
-4.262281330917438993e-02 -4.680575125050807639e-01 7.145602601123191011e-01
-4.262281330917438993e-02 -4.680575125050807639e-01 7.145602601123191011e-01
-4.262281332737211798e-02 -4.680551184024329681e-01 7.145652142937851670e-01
-4.262281332737211798e-02 -4.680551184024329681e-01 7.145652142937851670e-01
-4.262281332737211798e-02 -4.680551184024329681e-01 7.145652142937851670e-01
-4.262281332737204859e-02 -4.680623007649695744e-01 7.145652142410205965e-01
-4.262281332737204859e-02 -4.680623007649695744e-01 7.145652142410205965e-01
-4.262281332737204859e-02 -4.680623007649695744e-01 7.145652142410205965e-01
-4.262281332737204859e-02 -4.680623007649695744e-01 7.145652142410205965e-01
-4.262281326020134209e-02 -4.680551183352619216e-01 7.145469276006476411e-01
-4.262281326020134209e-02 -4.680551183352619216e-01 7.145469276006476411e-01
-4.262281330917445932e-02 -4.680551183842351914e-01 7.145602601299074763e-01
-4.262281330917445932e-02 -4.680551183842351914e-01 7.145602601299074763e-01
-4.262281330917445932e-02 -4.680551183842351914e-01 7.145602601299074763e-01
-4.262281330917445932e-02 -4.680551183842351914e-01 7.145602601299074763e-01
-4.262281330917445932e-02 -4.680551183842351914e-01 7.145602601299074763e-01
-4.262281330917447320e-02 -4.680527242633897300e-01 7.145602601474956295e-01
-4.262281330917447320e-02 -4.680527242633897300e-01 7.145602601474956295e-01
-4.262281330917447320e-02 -4.680527242633897300e-01 7.145602601474956295e-01
-4.262281330917447320e-02 -4.680527242633897300e-01 7.145602601474956295e-01
-4.262281330917447320e-02 -4.680527242633897300e-01 7.145602601474956295e-01
-4.262281330917447320e-02 -4.680527242633897300e-01 7.145602601474956295e-01
-4.262281330917447320e-02 -4.680527242633897300e-01 7.145602601474956295e-01
-4.262281330923262113e-02 -4.637401594642760472e-01 7.145602918294240435e-01
-4.262281330923262113e-02 -4.637401594642760472e-01 7.145602918294240435e-01
-4.262281330923262113e-02 -4.637401594642760472e-01 7.145602918294240435e-01
-4.262281330923262113e-02 -4.637401594642760472e-01 7.145602918294240435e-01
-4.262281330923262113e-02 -4.637401594642760472e-01 7.145602918294240435e-01
-4.262281327226213890e-02 -4.667018700700444889e-01 7.145502160329847419e-01
-4.262281327226213890e-02 -4.667018700700444889e-01 7.145502160329847419e-01
-4.262281330916867228e-02 -4.684832006770656143e-01 7.145602569850335595e-01
-4.262281330916867228e-02 -4.684832006770656143e-01 7.145602569850335595e-01
-4.262281330916867228e-02 -4.684832006770656143e-01 7.145602569850335595e-01
-4.262281330916867228e-02 -4.684832006770656143e-01 7.145602569850335595e-01
-4.262281330916867228e-02 -4.684832006770656143e-01 7.145602569850335595e-01
-4.262281327215986654e-02 -4.742833050780475013e-01 7.145501603365508325e-01
-4.262281327215986654e-02 -4.742833050780475013e-01 7.145501603365508325e-01
-4.262281327210271781e-02 -4.785187665063311835e-01 7.145501292210567623e-01
-4.262281327210271781e-02 -4.785187665063311835e-01 7.145501292210567623e-01
-4.262281327210271781e-02 -4.785187665063311835e-01 7.145501292210567623e-01
-4.262281327210271781e-02 -4.785187665063311835e-01 7.145501292210567623e-01
-4.262281327210271781e-02 -4.785187665063311835e-01 7.145501292210567623e-01
-4.262281328429146088e-02 -4.875199936838053860e-01 7.145534144403805632e-01
-4.262281328429146088e-02 -4.875199936838053860e-01 7.145534144403805632e-01
-4.262281328429146088e-02 -4.875199936838053860e-01 7.145534144403805632e-01
-4.262281328429146088e-02 -4.875199936838053860e-01 7.145534144403805632e-01
-4.262281332691106317e-02 -5.022303618201982012e-01 7.145649632279669206e-01
-4.262281332691106317e-02 -5.022303618201982012e-01 7.145649632279669206e-01
-4.262281329635322913e-02 -5.059307045024302729e-01 7.145566305336511492e-01
-4.262281329635322913e-02 -5.059307045024302729e-01 7.145566305336511492e-01
-4.262281329635322913e-02 -5.059307045024302729e-01 7.145566305336511492e-01
-4.262281329635322913e-02 -5.059307045024302729e-01 7.145566305336511492e-01
-4.262281329635322913e-02 -5.059307045024302729e-01 7.145566305336511492e-01
-4.249217922672749587e-02 -5.108189543001208088e-01 7.145498923603315067e-01
-4.249217922672749587e-02 -5.108189543001208088e-01 7.145498923603315067e-01
-4.249217922672749587e-02 -5.108189543001208088e-01 7.145498923603315067e-01
-4.262281329620945525e-02 -5.165923656762996252e-01 7.145565522085709498e-01
-4.262281329620945525e-02 -5.165923656762996252e-01 7.145565522085709498e-01
-4.262281329620945525e-02 -5.165923656762996252e-01 7.145565522085709498e-01
-4.262281329620945525e-02 -5.165923656762996252e-01 7.145565522085709498e-01
-4.262281328382946932e-02 -5.217615865525374597e-01 7.145531628871312213e-01
-4.262281328382946932e-02 -5.217615865525374597e-01 7.145531628871312213e-01
-4.262281328382946932e-02 -5.217615865525374597e-01 7.145531628871312213e-01
-4.262281328382946932e-02 -5.217615865525374597e-01 7.145531628871312213e-01
-4.262281328382946932e-02 -5.217615865525374597e-01 7.145531628871312213e-01
-4.249217926348407282e-02 -5.237120800478530791e-01 7.145598516804250178e-01
-4.249217926348407282e-02 -5.237120800478530791e-01 7.145598516804250178e-01
-4.262281328380126966e-02 -5.238553695169102520e-01 7.145531475053144010e-01
-4.262281328380126966e-02 -5.238553695169102520e-01 7.145531475053144010e-01
-4.262281324713851349e-02 -5.238422083569104215e-01 7.145431664188945931e-01
-4.262281324713851349e-02 -5.238422083569104215e-01 7.145431664188945931e-01
-4.262281324713851349e-02 -5.238422083569104215e-01 7.145431664188945931e-01
-4.262281329611192215e-02 -5.238170635956920229e-01 7.145564991328788862e-01
-4.262281329611192215e-02 -5.238170635956920229e-01 7.145564991328788862e-01
-4.262281329611192215e-02 -5.238170635956920229e-01 7.145564991328788862e-01
-4.262281329611192215e-02 -5.238170635956920229e-01 7.145564991328788862e-01
-4.262281332662171129e-02 -5.236757974136863059e-01 7.145648056807107906e-01
-4.262281332662171129e-02 -5.236757974136863059e-01 7.145648056807107906e-01
-4.262281332662171129e-02 -5.236757974136863059e-01 7.145648056807107906e-01
-4.262281335097449497e-02 -5.236710091963483471e-01 7.145714355528415274e-01
-4.262281335097449497e-02 -5.236710091963483471e-01 7.145714355528415274e-01
-4.262281335097449497e-02 -5.236710091963483471e-01 7.145714355528415274e-01
-4.262281335097449497e-02 -5.236710091963483471e-01 7.145714355528415274e-01
-4.249217929399227295e-02 -5.236917235098602630e-01 7.145681573400036735e-01
-4.249217929399227295e-02 -5.236917235098602630e-01 7.145681573400036735e-01
-4.249217930603495230e-02 -5.236809565194119331e-01 7.145714359099043511e-01
-4.249217930603495230e-02 -5.236809565194119331e-01 7.145714359099043511e-01
-4.249217930603495230e-02 -5.236809565194119331e-01 7.145714359099043511e-01
-4.249217930603495230e-02 -5.236809565194119331e-01 7.145714359099043511e-01
-4.249217930603495230e-02 -5.236809565194119331e-01 7.145714359099043511e-01
-4.249217930603503557e-02 -5.236713669534021065e-01 7.145714359803533311e-01
-4.249217930603503557e-02 -5.236713669534021065e-01 7.145714359803533311e-01
-4.249217930603503557e-02 -5.236713669534021065e-01 7.145714359803533311e-01
-4.249217930603503557e-02 -5.236713669534021065e-01 7.145714359803533311e-01
-4.249217930603503557e-02 -5.236713669534021065e-01 7.145714359803533311e-01
-4.249217930603536864e-02 -5.236558117092200426e-01 7.145714360946286980e-01
-4.249217930603536864e-02 -5.236558117092200426e-01 7.145714360946286980e-01
-4.249217930603536864e-02 -5.236558117092200426e-01 7.145714360946286980e-01
-4.249217930603536864e-02 -5.236558117092200426e-01 7.145714360946286980e-01
-4.249217926348490548e-02 -5.236534175458237295e-01 7.145598521113848411e-01
-4.249217926348490548e-02 -5.236534175458237295e-01 7.145598521113848411e-01
-4.249217926348490548e-02 -5.236534175458237295e-01 7.145598521113848411e-01
-4.249217926348490548e-02 -5.236534175458237295e-01 7.145598521113848411e-01
-4.249217926348490548e-02 -5.236534175458237295e-01 7.145598521113848411e-01
-4.249217928168275149e-02 -5.236390397563207566e-01 7.145648063808881512e-01
-4.249217928168275149e-02 -5.236390397563207566e-01 7.145648063808881512e-01
-4.249217928168275149e-02 -5.236390397563207566e-01 7.145648063808881512e-01
-4.249217928168275149e-02 -5.236390397563207566e-01 7.145648063808881512e-01
-4.249217928168275149e-02 -5.236390397563207566e-01 7.145648063808881512e-01
-4.249217928168275149e-02 -5.236366587181029431e-01 7.145648063983802700e-01
-4.249217928168275149e-02 -5.236366587181029431e-01 7.145648063983802700e-01
-4.249217928168275149e-02 -5.236366587181029431e-01 7.145648063983802700e-01
-4.249217928168275149e-02 -5.236366587181029431e-01 7.145648063983802700e-01
-4.249217928168283476e-02 -5.236342645972573706e-01 7.145648064159684232e-01
-4.249217928168283476e-02 -5.236342645972573706e-01 7.145648064159684232e-01
-4.249217928168283476e-02 -5.236342645972573706e-01 7.145648064159684232e-01
-4.249217928168283476e-02 -5.236342645972573706e-01 7.145648064159684232e-01
-4.249217928168283476e-02 -5.236342645972573706e-01 7.145648064159684232e-01
-4.249217928168283476e-02 -5.236342645972573706e-01 7.145648064159684232e-01
-4.249217928168283476e-02 -5.236342645972573706e-01 7.145648064159684232e-01
-4.249217926348518304e-02 -5.236342645790597050e-01 7.145598522520906215e-01
-4.249217926348518304e-02 -5.236342645790597050e-01 7.145598522520906215e-01
-4.249217926348518304e-02 -5.236342645790597050e-01 7.145598522520906215e-01
-4.249217926348518304e-02 -5.236342645790597050e-01 7.145598522520906215e-01
-4.249217926348518304e-02 -5.236342645790597050e-01 7.145598522520906215e-01
-4.249217930603550741e-02 -5.236390397806734986e-01 7.145714362178423595e-01
-4.249217930603550741e-02 -5.236390397806734986e-01 7.145714362178423595e-01
-4.249217930603550741e-02 -5.236390397806734986e-01 7.145714362178423595e-01
-4.249217930603550741e-02 -5.236390397806734986e-01 7.145714362178423595e-01
-4.249217926348504426e-02 -5.236426374607051626e-01 7.145598521905797140e-01
-4.249217926348504426e-02 -5.236426374607051626e-01 7.145598521905797140e-01
-4.249217926348504426e-02 -5.236426374607051626e-01 7.145598521905797140e-01
-4.249217925117484973e-02 -5.236426374483950097e-01 7.145565008444272337e-01
-4.249217925117484973e-02 -5.236426374483950097e-01 7.145565008444272337e-01
-4.249217929399287663e-02 -5.236426374912130921e-01 7.145681577006103291e-01
-4.249217929399287663e-02 -5.236426374912130921e-01 7.145681577006103291e-01
-4.249217929399287663e-02 -5.236426374912130921e-01 7.145681577006103291e-01
-4.249217929399287663e-02 -5.236426374912130921e-01 7.145681577006103291e-01
-4.249217929399287663e-02 -5.236426374912130921e-01 7.145681577006103291e-01
-4.249217928168283476e-02 -5.236342645972573706e-01 7.145648064159684232e-01
-4.249217928168283476e-02 -5.236342645972573706e-01 7.145648064159684232e-01
-4.249217930603550741e-02 -5.236366587424559071e-01 7.145714362353345894e-01
-4.249217930603550741e-02 -5.236366587424559071e-01 7.145714362353345894e-01
-4.249217930603550741e-02 -5.236366587424559071e-01 7.145714362353345894e-01
-4.249217930603550741e-02 -5.236366587424559071e-01 7.145714362353345894e-01
-4.249217930603550741e-02 -5.236366587424559071e-01 7.145714362353345894e-01
-4.249217930603550741e-02 -5.236366587424559071e-01 7.145714362353345894e-01
-4.249217930603550741e-02 -5.236366587424559071e-01 7.145714362353345894e-01
-4.249217926348509977e-02 -5.236366586999052775e-01 7.145598522345023573e-01
-4.249217926348509977e-02 -5.236366586999052775e-01 7.145598522345023573e-01
-4.249217926348509977e-02 -5.236366586999052775e-01 7.145598522345023573e-01
-4.249217926348509977e-02 -5.236366586999052775e-01 7.145598522345023573e-01
-4.249217926348509977e-02 -5.236366586999052775e-01 7.145598522345023573e-01
-4.249217928168275149e-02 -5.236366587181029431e-01 7.145648063983802700e-01
-4.249217928168275149e-02 -5.236366587181029431e-01 7.145648063983802700e-01
-4.249217928168275149e-02 -5.236390397563207566e-01 7.145648063808881512e-01
-4.249217928168275149e-02 -5.236390397563207566e-01 7.145648063808881512e-01
-4.249217928168275149e-02 -5.236390397563207566e-01 7.145648063808881512e-01
-4.249217928168275149e-02 -5.236390397563207566e-01 7.145648063808881512e-01
-4.249217925117484973e-02 -5.236426374483950097e-01 7.145565008444272337e-01
-4.249217925117484973e-02 -5.236426374483950097e-01 7.145565008444272337e-01
-4.249217925117484973e-02 -5.236426374483950097e-01 7.145565008444272337e-01
-4.249217928168275149e-02 -5.236390397563207566e-01 7.145648063808881512e-01
-4.249217928168275149e-02 -5.236390397563207566e-01 7.145648063808881512e-01
-4.249217928168275149e-02 -5.236390397563207566e-01 7.145648063808881512e-01
-4.249217928168275149e-02 -5.236390397563207566e-01 7.145648063808881512e-01
-4.249217926348509977e-02 -5.236390397381229800e-01 7.145598522170102385e-01
-4.249217926348509977e-02 -5.236390397381229800e-01 7.145598522170102385e-01
-4.249217926348509977e-02 -5.236390397381229800e-01 7.145598522170102385e-01
-4.249217926348518304e-02 -5.236342645790597050e-01 7.145598522520906215e-01
-4.249217926348518304e-02 -5.236342645790597050e-01 7.145598522520906215e-01
-4.249217925117490524e-02 -5.236390397258127161e-01 7.145565008708576471e-01
-4.249217925117490524e-02 -5.236390397258127161e-01 7.145565008708576471e-01
-4.249217925117490524e-02 -5.236390397258127161e-01 7.145565008708576471e-01
-4.249217925117490524e-02 -5.236390397258127161e-01 7.145565008708576471e-01
-4.249217925117490524e-02 -5.236390397258127161e-01 7.145565008708576471e-01
-4.236153661435579365e-02 -5.236584800641269632e-01 7.145648066685494904e-01
-4.236153661435579365e-02 -5.236584800641269632e-01 7.145648066685494904e-01
-4.236153661435579365e-02 -5.236584800641269632e-01 7.145648066685494904e-01
-4.236153661435579365e-02 -5.236584800641269632e-01 7.145648066685494904e-01
-4.236153654718513573e-02 -5.236453188736192033e-01 7.145465200720992893e-01
-4.236153654718513573e-02 -5.236453188736192033e-01 7.145465200720992893e-01
-4.236153654718513573e-02 -5.236453188736192033e-01 7.145465200720992893e-01
-4.236153654718513573e-02 -5.236453188736192033e-01 7.145465200720992893e-01
-4.236153654718513573e-02 -5.236453188736192033e-01 7.145465200720992893e-01
-4.236153658384806536e-02 -5.236524881901910566e-01 7.145565012025376639e-01
-4.236153658384806536e-02 -5.236524881901910566e-01 7.145565012025376639e-01
-4.236153658384806536e-02 -5.236524881901910566e-01 7.145565012025376639e-01
-4.236153658384806536e-02 -5.236524881901910566e-01 7.145565012025376639e-01
-4.236153658384806536e-02 -5.236524881901910566e-01 7.145565012025376639e-01
-4.236153658384806536e-02 -5.236524881901910566e-01 7.145565012025376639e-01
-4.236153658384806536e-02 -5.236524881901910566e-01 7.145565012025376639e-01
-4.236153658384806536e-02 -5.236560859127732392e-01 7.145565011761074725e-01
-4.236153658384806536e-02 -5.236560859127732392e-01 7.145565011761074725e-01
-4.236153658384806536e-02 -5.236560859127732392e-01 7.145565011761074725e-01
-4.236153658384806536e-02 -5.236560859127732392e-01 7.145565011761074725e-01
-4.236153651667726172e-02 -5.236501070848023076e-01 7.145382145268922569e-01
-4.236153651667726172e-02 -5.236501070848023076e-01 7.145382145268922569e-01
-4.236153651667726172e-02 -5.236501070848023076e-01 7.145382145268922569e-01
-4.236153651667726172e-02 -5.236501070848023076e-01 7.145382145268922569e-01
-4.236153651667726172e-02 -5.236501070848023076e-01 7.145382145268922569e-01
-4.236153657153787777e-02 -5.236560859004630863e-01 7.145531498299547701e-01
-4.236153657153787777e-02 -5.236560859004630863e-01 7.145531498299547701e-01
-4.236153659615825295e-02 -5.236524882025013206e-01 7.145598525486904773e-01
-4.236153659615825295e-02 -5.236524882025013206e-01 7.145598525486904773e-01
-4.236153659615825295e-02 -5.236524882025013206e-01 7.145598525486904773e-01
-4.236153661435579365e-02 -5.236608872675998505e-01 7.145648066508654139e-01
-4.236153661435579365e-02 -5.236608872675998505e-01 7.145648066508654139e-01
-4.236153661435579365e-02 -5.236608872675998505e-01 7.145648066508654139e-01
-4.236153661435579365e-02 -5.236608872675998505e-01 7.145648066508654139e-01
-4.236153657153785002e-02 -5.236501071396628681e-01 7.145531498738771914e-01
-4.236153657153785002e-02 -5.236501071396628681e-01 7.145531498738771914e-01
-4.236153657153785002e-02 -5.236501071396628681e-01 7.145531498738771914e-01
-4.236153657153785002e-02 -5.236501071396628681e-01 7.145531498738771914e-01
-4.236153657153785002e-02 -5.236501071396628681e-01 7.145531498738771914e-01
-4.236153661435579365e-02 -5.236584800641269632e-01 7.145648066685494904e-01
-4.236153661435579365e-02 -5.236584800641269632e-01 7.145648066685494904e-01
-4.236153658384806536e-02 -5.236524881901910566e-01 7.145565012025376639e-01
-4.236153658384806536e-02 -5.236524881901910566e-01 7.145565012025376639e-01
-4.236153658384806536e-02 -5.236524881901910566e-01 7.145565012025376639e-01
-4.236153658384806536e-02 -5.236524881901910566e-01 7.145565012025376639e-01
-4.236153658384806536e-02 -5.236524881901910566e-01 7.145565012025376639e-01
-4.236153658384806536e-02 -5.236524881901910566e-01 7.145565012025376639e-01
-4.236153658384806536e-02 -5.236524881901910566e-01 7.145565012025376639e-01
-4.236153657153793328e-02 -5.236477130188175177e-01 7.145531498914653445e-01
-4.236153657153793328e-02 -5.236477130188175177e-01 7.145531498914653445e-01
-4.236153657153793328e-02 -5.236477130188175177e-01 7.145531498914653445e-01
-4.236153657153793328e-02 -5.236477130188175177e-01 7.145531498914653445e-01
-4.236153657153793328e-02 -5.236477130188175177e-01 7.145531498914653445e-01
-4.236153657153787777e-02 -5.236524881778807927e-01 7.145531498563849615e-01
-4.236153657153787777e-02 -5.236524881778807927e-01 7.145531498563849615e-01
-4.236153655922775263e-02 -5.236477130065072538e-01 7.145497985453128642e-01
-4.236153655922775263e-02 -5.236477130065072538e-01 7.145497985453128642e-01
-4.236153655922775263e-02 -5.236477130065072538e-01 7.145497985453128642e-01
-4.236153655922775263e-02 -5.236477130065072538e-01 7.145497985453128642e-01
-4.236153655922775263e-02 -5.236477130065072538e-01 7.145497985453128642e-01
-4.236153655922758610e-02 -5.236584800089983949e-01 7.145497984662138036e-01
-4.236153655922758610e-02 -5.236584800089983949e-01 7.145497984662138036e-01
-4.236153655922766936e-02 -5.236501071273527153e-01 7.145497985277246000e-01
-4.236153655922766936e-02 -5.236501071273527153e-01 7.145497985277246000e-01
-4.236153655922766936e-02 -5.236501071273527153e-01 7.145497985277246000e-01
-4.236153655922766936e-02 -5.236501071273527153e-01 7.145497985277246000e-01
-4.236153655922766936e-02 -5.236501071273527153e-01 7.145497985277246000e-01
-4.236153650436710882e-02 -5.236560858332920398e-01 7.145348631368171333e-01
-4.236153650436710882e-02 -5.236560858332920398e-01 7.145348631368171333e-01
-4.236153650436710882e-02 -5.236560858332920398e-01 7.145348631368171333e-01
-4.236153650436710882e-02 -5.236560858332920398e-01 7.145348631368171333e-01
-4.236153657153787777e-02 -5.236524881778807927e-01 7.145531498563849615e-01
-4.236153657153787777e-02 -5.236524881778807927e-01 7.145531498563849615e-01
-4.236153657153787777e-02 -5.236524881778807927e-01 7.145531498563849615e-01
-4.236153654718510797e-02 -5.236501071153101261e-01 7.145465200369228720e-01
-4.236153654718510797e-02 -5.236501071153101261e-01 7.145465200369228720e-01
-4.236153654718510797e-02 -5.236501071153101261e-01 7.145465200369228720e-01
-4.236153654718510797e-02 -5.236501071153101261e-01 7.145465200369228720e-01
-4.236153654718494144e-02 -5.236632813212743764e-01 7.145465199401396239e-01
-4.236153654718494144e-02 -5.236632813212743764e-01 7.145465199401396239e-01
-4.236153654718494144e-02 -5.236632813212743764e-01 7.145465199401396239e-01
-4.236153654718494144e-02 -5.236632813212743764e-01 7.145465199401396239e-01
-4.236153654718494144e-02 -5.236632813212743764e-01 7.145465199401396239e-01
-4.236153653487484405e-02 -5.236584799846455418e-01 7.145431686292591511e-01
-4.236153653487484405e-02 -5.236584799846455418e-01 7.145431686292591511e-01
-4.236153653487484405e-02 -5.236584799846455418e-01 7.145431686292591511e-01
-4.236153653487484405e-02 -5.236584799846455418e-01 7.145431686292591511e-01
-4.236153657153776675e-02 -5.236608872247815460e-01 7.145531497946819854e-01
-4.236153657153776675e-02 -5.236608872247815460e-01 7.145531497946819854e-01
-4.236153657153776675e-02 -5.236608872247815460e-01 7.145531497946819854e-01
-4.236153657153787777e-02 -5.236560859004630863e-01 7.145531498299547701e-01
-4.236153657153787777e-02 -5.236560859004630863e-01 7.145531498299547701e-01
-4.236153657153787777e-02 -5.236560859004630863e-01 7.145531498299547701e-01
-4.236153657153787777e-02 -5.236560859004630863e-01 7.145531498299547701e-01
-4.236153657153776675e-02 -5.236584800213086588e-01 7.145531498123661729e-01
-4.236153657153776675e-02 -5.236584800213086588e-01 7.145531498123661729e-01
-4.236153657153776675e-02 -5.236584800213086588e-01 7.145531498123661729e-01
-4.236153657153776675e-02 -5.236584800213086588e-01 7.145531498123661729e-01
-4.236153657153776675e-02 -5.236584800213086588e-01 7.145531498123661729e-01
-4.236153671872489035e-02 -5.236477131660048911e-01 7.145932203345954914e-01
-4.236153671872489035e-02 -5.236477131660048911e-01 7.145932203345954914e-01
-4.236153671872489035e-02 -5.236477131660048911e-01 7.145932203345954914e-01
-4.236153671872489035e-02 -5.236477131660048911e-01 7.145932203345954914e-01
-4.236153671872489035e-02 -5.236477131660048911e-01 7.145932203345954914e-01
-4.236154208730216753e-02 -5.236524936936653996e-01 7.160547714988514389e-01
-4.236154208730216753e-02 -5.236524936936653996e-01 7.160547714988514389e-01
-4.236157603396641103e-02 -5.236585194838823121e-01 7.252964727476800544e-01
-4.236157603396641103e-02 -5.236585194838823121e-01 7.252964727476800544e-01
-4.236158448249779940e-02 -5.236525360890167402e-01 7.275965162273722031e-01
-4.236158448249779940e-02 -5.236525360890167402e-01 7.275965162273722031e-01
-4.236158448249779940e-02 -5.236525360890167402e-01 7.275965162273722031e-01
-4.236160249336420880e-02 -5.236525540999492634e-01 7.324998270701881253e-01
-4.236160249336420880e-02 -5.236525540999492634e-01 7.324998270701881253e-01
-4.262289831852594801e-02 -5.236232117473007541e-01 7.377031556041061533e-01
-4.262289831852594801e-02 -5.236232117473007541e-01 7.377031556041061533e-01
-4.262289831852594801e-02 -5.236232117473007541e-01 7.377031556041061533e-01
-4.262289831852594801e-02 -5.236232117473007541e-01 7.377031556041061533e-01
-4.262289831852594801e-02 -5.236232117473007541e-01 7.377031556041061533e-01
-4.249233184230072347e-02 -5.236451841609270907e-01 7.560981849180784531e-01
-4.249233184230072347e-02 -5.236451841609270907e-01 7.560981849180784531e-01
-4.249234823089946544e-02 -5.236368276679402856e-01 7.605598466837593108e-01
-4.249234823089946544e-02 -5.236368276679402856e-01 7.605598466837593108e-01
-4.249234823089946544e-02 -5.236368276679402856e-01 7.605598466837593108e-01
-4.249234823089946544e-02 -5.236368276679402856e-01 7.605598466837593108e-01
-4.262301368152132675e-02 -5.236233271107199050e-01 7.691097860867484037e-01
-4.262301368152132675e-02 -5.236233271107199050e-01 7.691097860867484037e-01
-4.262301368152132675e-02 -5.236233271107199050e-01 7.691097860867484037e-01
-4.262301368152132675e-02 -5.236233271107199050e-01 7.691097860867484037e-01
-4.262301368152132675e-02 -5.236233271107199050e-01 7.691097860867484037e-01
-4.262304127372341933e-02 -5.236257357412412716e-01 7.766215370491458270e-01
-4.262304127372341933e-02 -5.236257357412412716e-01 7.766215370491458270e-01
-4.262304127372341933e-02 -5.236257357412412716e-01 7.766215370491458270e-01
-4.262304127372341933e-02 -5.236257357412412716e-01 7.766215370491458270e-01
-4.262304127372341933e-02 -5.236257357412412716e-01 7.766215370491458270e-01
-4.262305135041009885e-02 -5.236209706589014523e-01 7.793648324762709745e-01
-4.262305135041009885e-02 -5.236209706589014523e-01 7.793648324762709745e-01
-4.262305135041009885e-02 -5.236209706589014523e-01 7.793648324762709745e-01
-4.262305135041009885e-02 -5.236209706589014523e-01 7.793648324762709745e-01
-4.249241796058615683e-02 -5.236368973978831054e-01 7.795431826890162341e-01
-4.249241796058615683e-02 -5.236368973978831054e-01 7.795431826890162341e-01
-4.249241796058615683e-02 -5.236368973978831054e-01 7.795431826890162341e-01
-4.262305199321562987e-02 -5.236257464607727563e-01 7.795398309946429682e-01
-4.262305199321562987e-02 -5.236257464607727563e-01 7.795398309946429682e-01
-4.262305199321562987e-02 -5.236257464607727563e-01 7.795398309946429682e-01
-4.262305199321562987e-02 -5.236257464607727563e-01 7.795398309946429682e-01
-4.262305195039760297e-02 -5.236257464179546739e-01 7.795281741384596508e-01
-4.262305195039760297e-02 -5.236257464179546739e-01 7.795281741384596508e-01
-4.262305195039760297e-02 -5.236257464179546739e-01 7.795281741384596508e-01
-4.262305192577718616e-02 -5.236233653551162215e-01 7.795214714636463649e-01
-4.262305192577718616e-02 -5.236233653551162215e-01 7.795214714636463649e-01
-4.262305189500173452e-02 -5.236293440851408354e-01 7.795130930543417991e-01
-4.262305189500173452e-02 -5.236293440851408354e-01 7.795130930543417991e-01
-4.262305189500173452e-02 -5.236293440851408354e-01 7.795130930543417991e-01
-4.262305189500173452e-02 -5.236293440851408354e-01 7.795130930543417991e-01
-4.262305189500173452e-02 -5.236293440851408354e-01 7.795130930543417991e-01
-4.249241778289135352e-02 -5.236392782584053940e-01 7.794948067183631313e-01
-4.249241778289135352e-02 -5.236392782584053940e-01 7.794948067183631313e-01
-4.249241776469364629e-02 -5.236428759627899110e-01 7.794898525280549162e-01
-4.249241776469364629e-02 -5.236428759627899110e-01 7.794898525280549162e-01
-4.249241776469364629e-02 -5.236428759627899110e-01 7.794898525280549162e-01
-4.249241776469364629e-02 -5.236428759627899110e-01 7.794898525280549162e-01
-4.262305178501302194e-02 -5.236185769726603434e-01 7.794831495841201274e-01
-4.262305178501302194e-02 -5.236185769726603434e-01 7.794831495841201274e-01
-4.262305178501302194e-02 -5.236185769726603434e-01 7.794831495841201274e-01
-4.262305178501302194e-02 -5.236185769726603434e-01 7.794831495841201274e-01
-4.262305178501302194e-02 -5.236185769726603434e-01 7.794831495841201274e-01
-4.249242713113636494e-02 -5.236369065684669533e-01 7.820397898620812249e-01
-4.249242713113636494e-02 -5.236369065684669533e-01 7.820397898620812249e-01
-4.249242713113636494e-02 -5.236369065684669533e-01 7.820397898620812249e-01
-4.249242713113636494e-02 -5.236369065684669533e-01 7.820397898620812249e-01
-4.249242713113636494e-02 -5.236369065684669533e-01 7.820397898620812249e-01
-4.262309419225114582e-02 -5.236293863825455253e-01 7.910281727243434480e-01
-4.262309419225114582e-02 -5.236293863825455253e-01 7.910281727243434480e-01
-4.262309419225114582e-02 -5.236293863825455253e-01 7.910281727243434480e-01
-4.262309419225114582e-02 -5.236293863825455253e-01 7.910281727243434480e-01
-4.262311316411457329e-02 -5.236234265936785537e-01 7.961931071770466106e-01
-4.262311316411457329e-02 -5.236234265936785537e-01 7.961931071770466106e-01
-4.262311316411457329e-02 -5.236234265936785537e-01 7.961931071770466106e-01
-4.249250290967181848e-02 -5.236345882264351603e-01 8.026698753868753977e-01
-4.249250290967181848e-02 -5.236345882264351603e-01 8.026698753868753977e-01
-4.249250290967181848e-02 -5.236345882264351603e-01 8.026698753868753977e-01
-4.249250290967181848e-02 -5.236345882264351603e-01 8.026698753868753977e-01
-4.262319139130560375e-02 -5.236318777028027283e-01 8.174898190857258218e-01
-4.262319139130560375e-02 -5.236318777028027283e-01 8.174898190857258218e-01
-4.262319139130560375e-02 -5.236318777028027283e-01 8.174898190857258218e-01
-4.249258081813617194e-02 -5.236370602560312948e-01 8.238798166162628611e-01
-4.249258081813617194e-02 -5.236370602560312948e-01 8.238798166162628611e-01
-4.249258081813617194e-02 -5.236370602560312948e-01 8.238798166162628611e-01
-4.249258081813617194e-02 -5.236370602560312948e-01 8.238798166162628611e-01
-4.262327509759811228e-02 -5.236235885277570334e-01 8.402781715767868587e-01
-4.262327509759811228e-02 -5.236235885277570334e-01 8.402781715767868587e-01
-4.262327509759811228e-02 -5.236235885277570334e-01 8.402781715767868587e-01
-4.262327509759811228e-02 -5.236235885277570334e-01 8.402781715767868587e-01
-4.262327509759811228e-02 -5.236235885277570334e-01 8.402781715767868587e-01
-4.262329441254100737e-02 -5.236259888809887686e-01 8.455365065282441916e-01
-4.262329441254100737e-02 -5.236259888809887686e-01 8.455365065282441916e-01
-4.249266907304072999e-02 -5.236431272720601937e-01 8.479064914053155988e-01
-4.249266907304072999e-02 -5.236431272720601937e-01 8.479064914053155988e-01
-4.249266907304072999e-02 -5.236431272720601937e-01 8.479064914053155988e-01
-4.249266907304072999e-02 -5.236431272720601937e-01 8.479064914053155988e-01
-4.249266907304072999e-02 -5.236431272720601937e-01 8.479064914053155988e-01
-4.262331266854060829e-02 -5.236260071370553160e-01 8.505065528727095980e-01
-4.262331266854060829e-02 -5.236260071370553160e-01 8.505065528727095980e-01
-4.262331327441558348e-02 -5.236296054655148469e-01 8.506714973612732322e-01
-4.262331327441558348e-02 -5.236296054655148469e-01 8.506714973612732322e-01
-4.262331327441558348e-02 -5.236296054655148469e-01 8.506714973612732322e-01
-4.262331327441558348e-02 -5.236296054655148469e-01 8.506714973612732322e-01
-4.262331327441558348e-02 -5.236296054655148469e-01 8.506714973612732322e-01
-4.249267922947601306e-02 -5.236323704260417156e-01 8.506714977711006265e-01
-4.249267922947601306e-02 -5.236323704260417156e-01 8.506714977711006265e-01
-4.262331326210545834e-02 -5.236260077306222893e-01 8.506681460415508322e-01
-4.262331326210545834e-02 -5.236260077306222893e-01 8.506681460415508322e-01
-4.262331326210545834e-02 -5.236260077306222893e-01 8.506681460415508322e-01
-4.262331326210545834e-02 -5.236260077306222893e-01 8.506681460415508322e-01
-4.262331326210545834e-02 -5.236260077306222893e-01 8.506681460415508322e-01
-4.262331313980639858e-02 -5.236344066552237608e-01 8.506348510843744215e-01
-4.262331313980639858e-02 -5.236344066552237608e-01 8.506348510843744215e-01
-4.262331313980639858e-02 -5.236344066552237608e-01 8.506348510843744215e-01
-4.262331313980639858e-02 -5.236344066552237608e-01 8.506348510843744215e-01
-4.262331304774775315e-02 -5.236188382363546889e-01 8.506097889579516957e-01
-4.262331304774775315e-02 -5.236188382363546889e-01 8.506097889579516957e-01
-4.262331304774775315e-02 -5.236188382363546889e-01 8.506097889579516957e-01
-4.262331304774775315e-02 -5.236188382363546889e-01 8.506097889579516957e-01
-4.262331304774775315e-02 -5.236188382363546889e-01 8.506097889579516957e-01
-4.262331300492964992e-02 -5.236296051960278586e-01 8.505981320226694287e-01
-4.262331300492964992e-02 -5.236296051960278586e-01 8.505981320226694287e-01
-4.262331300492964992e-02 -5.236296051960278586e-01 8.505981320226694287e-01
-4.262331300492964992e-02 -5.236296051960278586e-01 8.505981320226694287e-01
-4.262331300492964992e-02 -5.236296051960278586e-01 8.505981320226694287e-01
-4.262331300492964992e-02 -5.236296051960278586e-01 8.505981320226694287e-01
-4.262331300492964992e-02 -5.236296051960278586e-01 8.505981320226694287e-01
-4.262331288878586782e-02 -5.236212321982378626e-01 8.505665128617831972e-01
-4.262331288878586782e-02 -5.236212321982378626e-01 8.505665128617831972e-01
-4.262331288878586782e-02 -5.236212321982378626e-01 8.505665128617831972e-01
-4.262331288878586782e-02 -5.236212321982378626e-01 8.505665128617831972e-01
-4.262331282161498786e-02 -5.236236262519123885e-01 8.505482261510569630e-01
-4.262331282161498786e-02 -5.236236262519123885e-01 8.505482261510569630e-01
-4.262331282161498786e-02 -5.236236262519123885e-01 8.505482261510569630e-01
-4.262331282161498786e-02 -5.236236262519123885e-01 8.505482261510569630e-01
-4.262331282161498786e-02 -5.236236262519123885e-01 8.505482261510569630e-01
-4.262331282161498786e-02 -5.236236262519123885e-01 8.505482261510569630e-01
-4.262331282161498786e-02 -5.236236262519123885e-01 8.505482261510569630e-01
-4.262331280282247864e-02 -5.280475241929238894e-01 8.505430937766480515e-01
-4.262331280282247864e-02 -5.280475241929238894e-01 8.505430937766480515e-01
-4.262331280282247864e-02 -5.280475241929238894e-01 8.505430937766480515e-01
-4.249267874584025662e-02 -5.280610561438990880e-01 8.505398156165746570e-01
-4.249267874584025662e-02 -5.280610561438990880e-01 8.505398156165746570e-01
-4.249267874584025662e-02 -5.280610561438990880e-01 8.505398156165746570e-01
-4.249267874584025662e-02 -5.280610561438990880e-01 8.505398156165746570e-01
-4.249267872122314271e-02 -5.278180463121441290e-01 8.505331147095225308e-01
-4.249267872122314271e-02 -5.278180463121441290e-01 8.505331147095225308e-01
-4.249267872122314271e-02 -5.278180463121441290e-01 8.505331147095225308e-01
-4.262331271104774499e-02 -5.268300416967316435e-01 8.505181133353467704e-01
-4.262331271104774499e-02 -5.268300416967316435e-01 8.505181133353467704e-01
-4.249267866612729816e-02 -5.254225779008517838e-01 8.505181241053120234e-01
-4.249267866612729816e-02 -5.254225779008517838e-01 8.505181241053120234e-01
-4.249267866612729816e-02 -5.254225779008517838e-01 8.505181241053120234e-01
-4.249267866612729816e-02 -5.254225779008517838e-01 8.505181241053120234e-01
-4.249267866612729816e-02 -5.254225779008517838e-01 8.505181241053120234e-01
-4.249267869081516796e-02 -5.204197549770019915e-01 8.505248635504746302e-01
-4.249267869081516796e-02 -5.204197549770019915e-01 8.505248635504746302e-01
-4.249267869081516796e-02 -5.204197549770019915e-01 8.505248635504746302e-01
-4.249267869081516796e-02 -5.204197549770019915e-01 8.505248635504746302e-01
-4.262331273588002706e-02 -5.111224503411653242e-01 8.505249314222738111e-01
-4.262331273588002706e-02 -5.111224503411653242e-01 8.505249314222738111e-01
-4.262331273588002706e-02 -5.111224503411653242e-01 8.505249314222738111e-01
-4.262331273588002706e-02 -5.111224503411653242e-01 8.505249314222738111e-01
-4.262331273588002706e-02 -5.111224503411653242e-01 8.505249314222738111e-01
-4.262331273588002706e-02 -5.111224503411653242e-01 8.505249314222738111e-01
-4.262331273588002706e-02 -5.111224503411653242e-01 8.505249314222738111e-01
-4.262331269942722795e-02 -4.955489558569197150e-01 8.505150646486552279e-01
-4.262331269942722795e-02 -4.955489558569197150e-01 8.505150646486552279e-01
-4.249267865458005583e-02 -4.887101083985931904e-01 8.505151153198663438e-01
-4.249267865458005583e-02 -4.887101083985931904e-01 8.505151153198663438e-01
-4.249267865458005583e-02 -4.887101083985931904e-01 8.505151153198663438e-01
-4.262331272395283865e-02 -4.827312646010469832e-01 8.505217886498003255e-01
-4.262331272395283865e-02 -4.827312646010469832e-01 8.505217886498003255e-01
-4.249267867909065077e-02 -4.770057356663992554e-01 8.505218311421020028e-01
-4.249267867909065077e-02 -4.770057356663992554e-01 8.505218311421020028e-01
-4.249267867909065077e-02 -4.770057356663992554e-01 8.505218311421020028e-01
-4.249267867909065077e-02 -4.770057356663992554e-01 8.505218311421020028e-01
-4.249267867909065077e-02 -4.770057356663992554e-01 8.505218311421020028e-01
-4.262331269977816944e-02 -4.695328819167747803e-01 8.505152557737575281e-01
-4.262331269977816944e-02 -4.695328819167747803e-01 8.505152557737575281e-01
-4.262331269985435850e-02 -4.638847976112389082e-01 8.505152972669779432e-01
-4.262331269985435850e-02 -4.638847976112389082e-01 8.505152972669779432e-01
-4.262331268758721287e-02 -4.607004337175957254e-01 8.505119693145114512e-01
-4.262331268758721287e-02 -4.607004337175957254e-01 8.505119693145114512e-01
-4.262331268758721287e-02 -4.607004337175957254e-01 8.505119693145114512e-01
-4.262331266942477603e-02 -4.580846996841322349e-01 8.505070343669238753e-01
-4.262331266942477603e-02 -4.580846996841322349e-01 8.505070343669238753e-01
-4.262331266942477603e-02 -4.580846996841322349e-01 8.505070343669238753e-01
-4.262331266942477603e-02 -4.580846996841322349e-01 8.505070343669238753e-01
-4.262331269997503974e-02 -4.549434234672129485e-01 8.505153629541009064e-01
-4.262331269997503974e-02 -4.549434234672129485e-01 8.505153629541009064e-01
-4.262331269997503974e-02 -4.549434234672129485e-01 8.505153629541009064e-01
-4.262331271202585148e-02 -4.543292922344959184e-01 8.505186459565707846e-01
-4.262331271202585148e-02 -4.543292922344959184e-01 8.505186459565707846e-01
-4.262331271202585148e-02 -4.543292922344959184e-01 8.505186459565707846e-01
-4.262331271202585148e-02 -4.543292922344959184e-01 8.505186459565707846e-01
-4.262331273665013326e-02 -4.540431817354484423e-01 8.505253507507652966e-01
-4.262331273665013326e-02 -4.540431817354484423e-01 8.505253507507652966e-01
-4.262331273665013326e-02 -4.540431817354484423e-01 8.505253507507652966e-01
-4.262331273665013326e-02 -4.540431817354484423e-01 8.505253507507652966e-01
-4.262331273665013326e-02 -4.540431817354484423e-01 8.505253507507652966e-01
-4.262331265716863549e-02 -4.540862758311866587e-01 8.505037123948866462e-01
-4.262331265716863549e-02 -4.540862758311866587e-01 8.505037123948866462e-01
-4.262331265716863549e-02 -4.540862758311866587e-01 8.505037123948866462e-01
-4.262331265716863549e-02 -4.540862758311866587e-01 8.505037123948866462e-01
-4.262331265716863549e-02 -4.540862758311866587e-01 8.505037123948866462e-01
-4.262331265716863549e-02 -4.540862758311866587e-01 8.505037123948866462e-01
-4.262331265716863549e-02 -4.540862758311866587e-01 8.505037123948866462e-01
-4.249267862458303013e-02 -4.508507830384116399e-01 8.505070879404804662e-01
-4.249267862458303013e-02 -4.508507830384116399e-01 8.505070879404804662e-01
-4.249267862458303013e-02 -4.508507830384116399e-01 8.505070879404804662e-01
-4.249267862458303013e-02 -4.508507830384116399e-01 8.505070879404804662e-01
-4.249267864288042845e-02 -4.434513077741797371e-01 8.505120964640390246e-01
-4.249267864288042845e-02 -4.434513077741797371e-01 8.505120964640390246e-01
-4.249267864288042845e-02 -4.434513077741797371e-01 8.505120964640390246e-01
-4.249267862472470847e-02 -4.403471469229740531e-01 8.505071651046417491e-01
-4.249267862472470847e-02 -4.403471469229740531e-01 8.505071651046417491e-01
-4.249267862472470847e-02 -4.403471469229740531e-01 8.505071651046417491e-01
-4.249267862472470847e-02 -4.403471469229740531e-01 8.505071651046417491e-01
-4.262331270026447488e-02 -4.334920025716109127e-01 8.505155205453276412e-01
-4.262331270026447488e-02 -4.334920025716109127e-01 8.505155205453276412e-01
-4.262331270026447488e-02 -4.334920025716109127e-01 8.505155205453276412e-01
-4.262331270026447488e-02 -4.334920025716109127e-01 8.505155205453276412e-01
-4.262331270026447488e-02 -4.334920025716109127e-01 8.505155205453276412e-01
-4.262331270044785597e-02 -4.198997543260336585e-01 8.505156203997423781e-01
-4.262331270044785597e-02 -4.198997543260336585e-01 8.505156203997423781e-01
-4.262331270044785597e-02 -4.198997543260336585e-01 8.505156203997423781e-01
-4.262331270044785597e-02 -4.198997543260336585e-01 8.505156203997423781e-01
-4.262331270044785597e-02 -4.198997543260336585e-01 8.505156203997423781e-01
-4.262331267006691515e-02 -4.104950850613219293e-01 8.505073839803966029e-01
-4.262331267006691515e-02 -4.104950850613219293e-01 8.505073839803966029e-01
-4.262331267006691515e-02 -4.104950850613219293e-01 8.505073839803966029e-01
-4.262331267006691515e-02 -4.104950850613219293e-01 8.505073839803966029e-01
-4.262331271268661459e-02 -4.053581913880526244e-01 8.505190057190267217e-01
-4.262331271268661459e-02 -4.053581913880526244e-01 8.505190057190267217e-01
-4.262331268836212078e-02 -4.032620110078246611e-01 8.505123912815012455e-01
-4.262331268836212078e-02 -4.032620110078246611e-01 8.505123912815012455e-01
-4.262331268836212078e-02 -4.032620110078246611e-01 8.505123912815012455e-01
-4.262331268836212078e-02 -4.032620110078246611e-01 8.505123912815012455e-01
-4.262331268836212078e-02 -4.032620110078246611e-01 8.505123912815012455e-01
-4.262331272508800006e-02 -3.985955849694117203e-01 8.505224067461514270e-01
-4.262331272508800006e-02 -3.985955849694117203e-01 8.505224067461514270e-01
-4.262331272508800006e-02 -3.985955849694117203e-01 8.505224067461514270e-01
-4.262331272508800006e-02 -3.985955849694117203e-01 8.505224067461514270e-01
-4.262331272508800006e-02 -3.985955849694117203e-01 8.505224067461514270e-01
-4.262331272508800006e-02 -3.985955849694117203e-01 8.505224067461514270e-01
-4.262331272508800006e-02 -3.985955849694117203e-01 8.505224067461514270e-01
-4.262331270074386919e-02 -3.979599098833463966e-01 8.505157815791355436e-01
-4.262331270074386919e-02 -3.979599098833463966e-01 8.505157815791355436e-01
-4.262331270074386919e-02 -3.979599098833463966e-01 8.505157815791355436e-01
-4.262331270074386919e-02 -3.979599098833463966e-01 8.505157815791355436e-01
-4.262331270074386919e-02 -3.979599098833463966e-01 8.505157815791355436e-01
-4.249267866784604830e-02 -3.980249187272424383e-01 8.505190600224946662e-01
-4.249267866784604830e-02 -3.980249187272424383e-01 8.505190600224946662e-01
-4.249267866784604830e-02 -3.980249187272424383e-01 8.505190600224946662e-01
-4.249267866784604830e-02 -3.980249187272424383e-01 8.505190600224946662e-01
-4.249267866784604830e-02 -3.980249187272424383e-01 8.505190600224946662e-01
-4.249267866784604830e-02 -3.980249187272424383e-01 8.505190600224946662e-01
-4.249267866784604830e-02 -3.980249187272424383e-01 8.505190600224946662e-01
-4.262331270074284223e-02 -3.980377253521399927e-01 8.505157810074700508e-01
-4.262331270074284223e-02 -3.980377253521399927e-01 8.505157810074700508e-01
-4.262331271278463340e-02 -3.980963845955545199e-01 8.505190590673361584e-01
-4.262331271278463340e-02 -3.980963845955545199e-01 8.505190590673361584e-01
-4.262331271278463340e-02 -3.980963845955545199e-01 8.505190590673361584e-01
-4.262331271278463340e-02 -3.980963845955545199e-01 8.505190590673361584e-01
-4.262331271278463340e-02 -3.980963845955545199e-01 8.505190590673361584e-01
